3 0.734506 0.427171 0.030987 0.038282
3 0.625000 0.623716 0.059874 0.065359
5 0.764968 0.489729 0.061450 0.122316
3 0.706670 0.502801 0.037290 0.047619
3 0.737132 0.476657 0.024685 0.043884
4 0.773634 0.437908 0.024160 0.037348
3 0.777574 0.420635 0.022584 0.027077
3 0.803309 0.404762 0.021534 0.027077
5 0.810137 0.387488 0.024685 0.037348
3 0.825368 0.372082 0.016282 0.025210
3 0.839548 0.359010 0.015231 0.021475
3 0.787553 0.379552 0.019433 0.027077
3 0.774947 0.393091 0.021534 0.031746
5 0.573792 0.464519 0.056197 0.086835
5 0.581670 0.727824 0.116071 0.170868
3 0.647847 0.462652 0.035189 0.043884
6 0.756828 0.392157 0.011555 0.022409
3 0.550683 0.614846 0.059349 0.068161
3 0.658876 0.428105 0.021534 0.032680
3 0.724790 0.381886 0.021008 0.031746
3 0.758403 0.358077 0.017857 0.021475
0 0.134454 0.644258 0.023109 0.069094