6 0.599265 0.246499 0.021008 0.044818
3 0.529674 0.478525 0.046744 0.099907
4 0.578256 0.148459 0.028361 0.059757
2 0.571954 0.271242 0.011555 0.032680
1 0.573792 0.254435 0.008929 0.027077
3 0.527836 0.278711 0.028361 0.049486
9 0.537027 0.114846 0.008929 0.022409
3 0.536502 0.149393 0.024685 0.044818
4 0.616334 0.448179 0.041492 0.098973
3 0.800683 0.799253 0.127626 0.115780
9 0.938550 0.973389 0.059874 0.049486
9 0.877363 0.981326 0.056197 0.035481
3 0.772321 0.633053 0.127626 0.087768
9 0.870273 0.604575 0.043067 0.049486
3 0.788603 0.422502 0.061450 0.103641
0 0.734506 0.418768 0.015231 0.047619
0 0.744485 0.419701 0.012080 0.043884
0 0.752363 0.424370 0.009979 0.042017
3 0.210872 0.654995 0.119223 0.094304
3 0.417805 0.725957 0.056197 0.178338
3 0.457721 0.482260 0.045693 0.118581
4 0.479254 0.200280 0.021534 0.070028
3 0.650473 0.282446 0.066702 0.053221
3 0.236345 0.506069 0.109244 0.070962
6 0.287815 0.443511 0.093487 0.070962
3 0.526523 0.081699 0.024685 0.036415
3 0.497374 0.056956 0.027311 0.031746
3 0.512342 0.011671 0.017332 0.023343
0 0.537290 0.101307 0.009454 0.015873