3 0.155462 0.879552 0.110294 0.203548
3 0.483193 0.647059 0.047269 0.136321
5 0.927521 0.839869 0.141807 0.187675
3 0.549370 0.617647 0.048319 0.122316
3 0.753414 0.673669 0.101366 0.114846
3 0.812500 0.481326 0.093487 0.075630
3 0.852416 0.425770 0.088235 0.069094
3 0.905987 0.354342 0.080882 0.064426
3 0.569328 0.212418 0.030462 0.055089
3 0.464548 0.432773 0.041492 0.111111
3 0.122374 0.426704 0.096639 0.082166
3 0.817752 0.386555 0.085084 0.059757
3 0.420956 0.074697 0.022584 0.042951
3 0.038078 0.545752 0.076155 0.084967
3 0.561187 0.136321 0.030987 0.054155
3 0.630777 0.156396 0.057773 0.043884
3 0.563025 0.027544 0.046218 0.045752
3 0.429622 0.031279 0.023109 0.045752
0 0.737920 0.482726 0.017857 0.059757
6 0.601628 0.500000 0.022584 0.064426
0 0.736345 0.358543 0.012605 0.050420
0 0.656775 0.879085 0.020483 0.064426
0 0.660714 0.888889 0.019958 0.059757
0 0.657563 0.913632 0.023109 0.064426
1 0.532563 0.259570 0.010504 0.037348
9 0.532038 0.264239 0.012605 0.033613
2 0.665966 0.304855 0.010504 0.036415
9 0.701681 0.318394 0.012605 0.044818
9 0.733718 0.309991 0.015756 0.033613
9 0.771271 0.303455 0.012080 0.044818
9 0.789128 0.300187 0.014181 0.040149
9 0.844013 0.319795 0.016807 0.040149
9 0.877889 0.290850 0.018382 0.040149
2 0.889443 0.325397 0.014181 0.043884
9 0.936187 0.317927 0.022584 0.047619
1 0.817227 0.530812 0.017857 0.040149
9 0.815914 0.548553 0.033088 0.042017
9 0.735819 0.964519 0.025210 0.065359
1 0.737920 0.938375 0.017857 0.050420
0 0.300158 0.388422 0.015231 0.054155
0 0.310662 0.387021 0.016282 0.056956
1 0.477153 0.853408 0.024685 0.052288
6 0.477679 0.846872 0.038340 0.130719
1 0.380515 0.459384 0.017332 0.042951
9 0.381303 0.475724 0.017857 0.055089
0 0.306197 0.418301 0.019958 0.050420
9 0.311975 0.429505 0.023109 0.050420
0 0.337710 0.398226 0.012605 0.051354
0 0.343225 0.401027 0.015231 0.051354
1 0.890494 0.577031 0.025735 0.065359
9 0.884979 0.586368 0.034664 0.059757
9 0.317227 0.268441 0.026261 0.030812
9 0.370798 0.199813 0.022059 0.031746
9 0.369748 0.178338 0.023109 0.028011
1 0.519695 0.153595 0.012080 0.036415
9 0.519170 0.166200 0.009979 0.037348
0 0.242122 0.291783 0.014706 0.049486
0 0.309349 0.171802 0.012605 0.041083
0 0.323529 0.174603 0.012605 0.041083
1 0.138655 0.590103 0.023109 0.050420
9 0.142332 0.602241 0.046218 0.041083
1 0.506303 0.281046 0.011555 0.039216
9 0.505515 0.296919 0.015231 0.041083
1 0.501838 0.041550 0.009979 0.030812
9 0.501838 0.049953 0.013130 0.030812
1 0.313288 0.324463 0.015231 0.036415
9 0.314076 0.338936 0.022059 0.037348
0 0.654412 0.309057 0.010504 0.041083
0 0.641282 0.318394 0.012605 0.044818
0 0.092437 0.320728 0.014706 0.042017
0 0.052784 0.329599 0.015231 0.046685
0 0.245011 0.360878 0.017332 0.045752
0 0.253151 0.355742 0.016807 0.050420
0 0.276786 0.266106 0.012605 0.041083
0 0.274947 0.260504 0.013130 0.041083
0 0.338235 0.178805 0.009454 0.040149
0 0.325368 0.190476 0.013130 0.041083
0 0.660714 0.135387 0.011555 0.035481
0 0.685662 0.239029 0.009979 0.041083
0 0.914916 0.283380 0.014706 0.045752
0 0.886292 0.276377 0.014181 0.041083
9 0.234506 0.338002 0.024685 0.041083
9 0.066176 0.362745 0.017857 0.045752
1 0.551471 0.037815 0.009454 0.030812
9 0.551208 0.041083 0.015231 0.022409
0 0.962710 0.287582 0.016807 0.044818
6 0.644170 0.210551 0.038340 0.036415
6 0.961922 0.278245 0.015231 0.044818
0 0.635767 0.105042 0.009979 0.038282
9 0.599265 0.183007 0.021008 0.031746
0 0.414128 0.029879 0.009979 0.029879
0 0.452731 0.028945 0.009454 0.029879