3 0.598214 0.882275 0.038690 0.089947
3 0.402158 0.859127 0.033482 0.088624
1 0.490699 0.400132 0.009673 0.017196
1 0.489955 0.445106 0.008185 0.022487
0 0.565476 0.714286 0.007440 0.031746
3 0.490327 0.882275 0.029762 0.082011
3 0.531622 0.846561 0.036458 0.084656
3 0.553943 0.720899 0.023065 0.052910
3 0.525298 0.741402 0.026786 0.062169
3 0.454241 0.745370 0.023065 0.056878
3 0.533482 0.546958 0.019345 0.027778
3 0.397693 0.529762 0.018601 0.033069
9 0.349330 0.638889 0.012649 0.031746
3 0.293155 0.562831 0.020833 0.041005
3 0.327009 0.503307 0.036458 0.025132
3 0.484375 0.615079 0.022321 0.044974
3 0.487351 0.554894 0.017857 0.033069
3 0.460565 0.529101 0.016369 0.034392
4 0.411830 0.418651 0.011161 0.025132
3 0.470610 0.449074 0.017113 0.033069
3 0.397693 0.396164 0.009673 0.019841
3 0.472470 0.413360 0.011905 0.019841
3 0.453869 0.380952 0.013393 0.021164
0 0.109003 0.865741 0.014137 0.033069
3 0.352679 0.353175 0.025298 0.018519
1 0.440104 0.519180 0.009673 0.022487
1 0.581473 0.733466 0.009673 0.025132