3 0.160189 0.183007 0.042017 0.065359
3 0.202994 0.146125 0.046744 0.062558
0 0.240809 0.253035 0.012080 0.048553
3 0.664128 0.224556 0.065651 0.058824
3 0.064863 0.241363 0.071954 0.053221
0 0.497374 0.105509 0.008403 0.041083
0 0.605567 0.112979 0.014706 0.033613
6 0.465074 0.305322 0.023634 0.067227
0 0.656250 0.645658 0.016282 0.028945
0 0.650998 0.615313 0.013130 0.031746
0 0.638393 0.364146 0.011029 0.041083
0 0.652048 0.364146 0.008929 0.044818
0 0.627889 0.360411 0.008929 0.037348
0 0.885242 0.802521 0.017332 0.043884
0 0.488708 0.107843 0.008929 0.038282
0 0.642069 0.639122 0.014181 0.043884
3 0.569328 0.195145 0.061975 0.059757
0 0.760767 0.262838 0.015231 0.040149
3 0.589548 0.830065 0.040441 0.140056
2 0.623162 0.274977 0.023634 0.032680
3 0.380777 0.507003 0.053571 0.123249
3 0.389968 0.745098 0.047794 0.149393
3 0.450893 0.522876 0.038340 0.130719
0 0.625263 0.870682 0.015231 0.047619
2 0.665704 0.958917 0.036239 0.037348
2 0.732143 0.968721 0.031513 0.038282
2 0.686712 0.801587 0.034139 0.038282
2 0.670693 0.721289 0.031513 0.040149
2 0.060662 0.872549 0.037290 0.047619
2 0.034926 0.793184 0.039391 0.042017
2 0.011029 0.722222 0.022059 0.043884
2 0.014968 0.768908 0.029937 0.028945
2 0.318540 0.528945 0.019433 0.043884
6 0.282038 0.421569 0.034664 0.094304
3 0.366071 0.179739 0.031513 0.088702
3 0.382353 0.041083 0.025210 0.074697
3 0.972164 0.484127 0.053571 0.060691
3 0.768120 0.292717 0.071954 0.055089
2 0.465336 0.192810 0.010504 0.055089
0 0.743435 0.260037 0.009979 0.043884
0 0.961397 0.517740 0.020483 0.049486
0 0.252101 0.111578 0.009454 0.042017
2 0.486082 0.207283 0.011029 0.048553
2 0.505515 0.247432 0.013130 0.048553
2 0.553309 0.384687 0.011029 0.044818
0 0.609506 0.420168 0.011029 0.044818
0 0.565914 0.386088 0.008929 0.042017
0 0.596376 0.431373 0.011029 0.044818
2 0.542279 0.230159 0.017332 0.043884
0 0.662553 0.422969 0.011029 0.041083
2 0.524947 0.295518 0.015231 0.040149
2 0.522321 0.238095 0.021534 0.041083
2 0.438288 0.228758 0.015231 0.048553
2 0.440389 0.201681 0.017332 0.044818
2 0.616597 0.258170 0.022059 0.030812
0 0.408613 0.153595 0.010504 0.043884
2 0.797269 0.977591 0.033613 0.041083
2 0.797006 0.927638 0.033088 0.045752
2 0.792017 0.893091 0.025210 0.043884
9 0.759191 0.873950 0.040441 0.059757
0 0.716124 0.858077 0.013130 0.042951
0 0.728729 0.838469 0.014181 0.042951
0 0.731618 0.805322 0.016807 0.045752
0 0.739496 0.783847 0.008403 0.043884
0 0.715599 0.795985 0.014181 0.055089
0 0.721901 0.786648 0.008929 0.056956
2 0.865284 0.871148 0.033088 0.037348
2 0.872637 0.859944 0.026786 0.037348
2 0.828519 0.808123 0.024685 0.040149
2 0.835609 0.793184 0.027311 0.028945
2 0.851891 0.791317 0.024160 0.030812
2 0.851891 0.765640 0.033613 0.031746
0 0.897059 0.689076 0.016807 0.044818
2 0.820116 0.733894 0.016282 0.057890
0 0.738708 0.689076 0.014181 0.041083
0 0.731618 0.683940 0.015756 0.043884
2 0.869748 0.592437 0.018908 0.045752
2 0.887868 0.590570 0.016282 0.045752
2 0.904412 0.591503 0.023109 0.045752
0 0.622111 0.105042 0.011029 0.038282
0 0.625525 0.083100 0.007353 0.028011
0 0.628151 0.075630 0.006303 0.026144
0 0.573004 0.028011 0.011555 0.033613