3 0.439601 0.770775 0.084034 0.161531
9 0.334034 0.874883 0.027311 0.093371
9 0.457983 0.648459 0.028361 0.058824
9 0.537290 0.955182 0.036765 0.078431
9 0.462973 0.963585 0.032038 0.070962
3 0.832458 0.772642 0.089286 0.116713
3 0.913078 0.746499 0.091912 0.111111
3 0.895483 0.659197 0.102941 0.084034
0 0.950105 0.900093 0.022059 0.076564
1 0.970063 0.974790 0.033613 0.046685
0 0.977941 0.674603 0.018908 0.066293
3 0.658088 0.516340 0.055672 0.076564
4 0.641282 0.452848 0.064076 0.070962
3 0.736345 0.435574 0.071429 0.058824
3 0.651523 0.428105 0.068803 0.058824
3 0.730830 0.406162 0.066702 0.050420
3 0.816702 0.414566 0.068277 0.056022
3 0.894170 0.401961 0.069853 0.053221
4 0.961397 0.385621 0.071954 0.061625
3 0.844538 0.378151 0.052521 0.044818
3 0.795956 0.346405 0.062500 0.044818
3 0.695903 0.322129 0.040966 0.052288
3 0.734244 0.323996 0.053571 0.044818
4 0.810924 0.303922 0.053571 0.047619
4 0.929884 0.288982 0.049895 0.049486
3 0.244223 0.440243 0.047269 0.064426
9 0.149947 0.452381 0.016282 0.051354
6 0.190126 0.439776 0.025210 0.048553
9 0.188025 0.469188 0.016807 0.055089
3 0.218225 0.352941 0.030987 0.057890
3 0.172269 0.364146 0.031513 0.065359
4 0.089023 0.345472 0.042542 0.069094
4 0.119748 0.307190 0.029412 0.059757
3 0.161765 0.319328 0.029412 0.056022
3 0.165179 0.285714 0.027836 0.050420
4 0.086134 0.301120 0.031513 0.064426
3 0.091912 0.245565 0.026261 0.041083
3 0.121324 0.216620 0.022059 0.037348
3 0.096113 0.217087 0.024160 0.038282
4 0.386029 0.309057 0.051471 0.052288
3 0.360294 0.296919 0.037815 0.042951
4 0.339023 0.282446 0.036239 0.045752
3 0.282826 0.232493 0.025735 0.035481
3 0.335084 0.208683 0.044118 0.032680
4 0.335872 0.191877 0.036239 0.034547
3 0.271271 0.171802 0.029937 0.031746
8 0.300683 0.158263 0.041492 0.077498
4 0.211397 0.141457 0.018382 0.034547
5 0.273634 0.099440 0.066176 0.060691
3 0.106618 0.171335 0.022059 0.036415
4 0.128676 0.161998 0.017857 0.040149
4 0.138393 0.138189 0.018382 0.031746
4 0.141282 0.110177 0.018908 0.035481
3 0.184874 0.149860 0.017857 0.032680
3 0.179884 0.118114 0.016282 0.028945
5 0.107405 0.112979 0.029937 0.069094
3 0.195116 0.077031 0.015231 0.025210
3 0.176471 0.065826 0.014706 0.027077
4 0.131303 0.095705 0.024160 0.030812
3 0.169118 0.043884 0.012605 0.022409
3 0.196954 0.021475 0.019958 0.018674
6 0.615284 0.386555 0.030987 0.046685
6 0.662815 0.376284 0.033613 0.041083
6 0.689863 0.364613 0.037290 0.049486
6 0.714548 0.358543 0.030987 0.042951
0 0.285714 0.361345 0.012605 0.048553
0 0.305935 0.291317 0.009979 0.037348
0 0.312500 0.289916 0.012605 0.034547
0 0.139443 0.576564 0.015231 0.053221
0 0.131303 0.577965 0.015756 0.054155
0 0.116071 0.336134 0.011555 0.042951
9 0.268382 0.272176 0.012605 0.030812
0 0.148109 0.249300 0.009454 0.033613
0 0.157300 0.131653 0.008929 0.028011
9 0.334296 0.321195 0.018382 0.033613
9 0.241597 0.161531 0.009454 0.028011
0 0.165704 0.134921 0.008929 0.028945
1 0.535977 0.937442 0.023634 0.057890
9 0.476628 0.919234 0.028887 0.077498
1 0.475315 0.911765 0.025210 0.064426