0 0.114583 0.771825 0.020833 0.054233
3 0.195685 0.723545 0.055060 0.137566
0 0.435268 0.812831 0.014881 0.043651
3 0.477679 0.130291 0.017857 0.033069
3 0.436384 0.039021 0.012649 0.025132
3 0.332217 0.492063 0.037946 0.100529
3 0.354539 0.275794 0.026042 0.056878
3 0.356399 0.184524 0.023810 0.051587
3 0.600074 0.504630 0.040923 0.083333
5 0.706101 0.701720 0.050595 0.062169
5 0.710565 0.736772 0.056548 0.058201
5 0.723958 0.767857 0.068452 0.070106
6 0.699033 0.673280 0.034970 0.039683
3 0.093378 0.207672 0.057292 0.039683
1 0.202009 0.880952 0.018601 0.044974
2 0.202381 0.897487 0.019345 0.064815
9 0.477679 0.175926 0.007440 0.023810
2 0.506324 0.210317 0.006696 0.023810
3 0.534598 0.929233 0.051339 0.138889
3 0.500372 0.551587 0.036458 0.087302
3 0.477679 0.373016 0.031250 0.068783
3 0.434896 0.215608 0.033482 0.042328
3 0.366443 0.073413 0.017113 0.035714
3 0.297619 0.220238 0.038690 0.046296
8 0.557664 0.313492 0.066220 0.198413
3 0.155506 0.197090 0.052083 0.031746
4 0.505952 0.279101 0.020833 0.060847
3 0.396949 0.177910 0.034970 0.041005
0 0.168899 0.275794 0.013393 0.030423
0 0.167039 0.265212 0.009673 0.027778
3 0.468006 0.242725 0.020833 0.046296
4 0.156250 0.130952 0.022321 0.042328
0 0.125744 0.201058 0.010417 0.031746
2 0.305804 0.192460 0.016369 0.051587
6 0.475446 0.066799 0.013393 0.033069
1 0.307664 0.173280 0.017113 0.037037
1 0.506324 0.201058 0.008185 0.023810
1 0.476562 0.167989 0.008185 0.023810
0 0.274554 0.106481 0.010417 0.027778