4 0.490284 0.331933 0.062500 0.042017
3 0.423582 0.351074 0.037290 0.050420
3 0.450105 0.326797 0.028361 0.039216
3 0.495798 0.316060 0.050420 0.038282
3 0.205095 0.505135 0.110819 0.070962
3 0.094013 0.440710 0.097689 0.065359
4 0.513393 0.302521 0.043592 0.039216
3 0.528099 0.299253 0.043592 0.030812
3 0.241859 0.435574 0.098214 0.058824
3 0.262080 0.404762 0.084034 0.049486
3 0.266019 0.388889 0.081408 0.049486
3 0.297532 0.374416 0.068803 0.048553
3 0.313288 0.360878 0.053046 0.043884
3 0.334296 0.351541 0.049895 0.047619
3 0.353729 0.340803 0.045693 0.044818
3 0.356880 0.325864 0.049895 0.044818
3 0.358193 0.323529 0.043067 0.034547
3 0.407300 0.307190 0.051996 0.033613
0 0.814601 0.425303 0.012605 0.051354
0 0.340336 0.429038 0.014706 0.049486
3 0.207195 0.299253 0.036239 0.043884
3 0.143120 0.309991 0.043592 0.048553
3 0.245011 0.246032 0.026786 0.032680
3 0.148897 0.265640 0.025735 0.042017
3 0.144695 0.216153 0.019433 0.025210
3 0.144695 0.335201 0.046744 0.054155
9 0.064601 0.401961 0.024160 0.043884
3 0.081145 0.339402 0.058298 0.051354
0 0.215599 0.437442 0.018382 0.055089
0 0.186712 0.436041 0.017332 0.065359
0 0.144695 0.425770 0.012080 0.057890
4 0.023109 0.249300 0.037815 0.029879
3 0.125525 0.545285 0.133403 0.106443
0 0.682511 0.291783 0.013130 0.040149
0 0.623687 0.301120 0.014181 0.045752
0 0.643645 0.304855 0.013130 0.038282
9 0.248162 0.498133 0.043592 0.032680
1 0.247111 0.481326 0.020483 0.051354
0 0.115284 0.408030 0.013130 0.050420
0 0.375525 0.346872 0.010504 0.043884
3 0.362395 0.182540 0.010504 0.015873
3 0.679622 0.733894 0.095588 0.156863
3 0.778361 0.720355 0.125000 0.180205
3 0.581670 0.705415 0.080357 0.154062
3 0.473477 0.657796 0.073004 0.161531
3 0.381828 0.643324 0.088235 0.143791
0 0.429097 0.627918 0.021008 0.088702
3 0.313025 0.619048 0.080882 0.117647
3 0.211134 0.623716 0.112395 0.126984
9 0.976366 0.792250 0.045168 0.079365
9 0.977416 0.771709 0.043067 0.066293
9 0.993697 0.725490 0.010504 0.082166
4 0.947216 0.562558 0.082458 0.144725
6 0.860557 0.577965 0.078256 0.084034
5 0.806197 0.542017 0.102941 0.109244
0 0.742910 0.540149 0.015231 0.066293
0 0.482143 0.602241 0.015756 0.059757
0 0.432773 0.620915 0.017857 0.093371
0 0.358981 0.615313 0.018382 0.093371
0 0.369485 0.603175 0.017332 0.059757
3 0.133141 0.598039 0.127626 0.112979
3 0.602679 0.547619 0.115021 0.079365
3 0.480830 0.525210 0.109769 0.071895
9 0.273897 0.519141 0.018382 0.050420
3 0.481880 0.493931 0.109769 0.065359
3 0.751050 0.463585 0.084034 0.055089
3 0.566176 0.465920 0.090336 0.061625
3 0.443540 0.473389 0.090861 0.074697
3 0.426471 0.452381 0.087185 0.058824
3 0.423057 0.426237 0.090861 0.064426
3 0.296744 0.447246 0.084034 0.082166
0 0.548582 0.473389 0.018382 0.059757
3 0.525998 0.448646 0.081408 0.062558
3 0.732668 0.435574 0.093487 0.055089
3 0.517857 0.430439 0.078782 0.044818
3 0.705357 0.416433 0.085084 0.050420
3 0.690389 0.399160 0.064601 0.049486
3 0.681985 0.386555 0.064601 0.039216
3 0.508141 0.402894 0.075105 0.055089
3 0.495273 0.383754 0.069328 0.048553
3 0.493960 0.360878 0.062500 0.038282
3 0.489233 0.346405 0.059349 0.031746