3 0.938550 0.715219 0.107143 0.084034
3 0.926996 0.473856 0.066176 0.062558
3 0.425683 0.194678 0.016282 0.025210
3 0.431460 0.174603 0.015231 0.020542
6 0.171481 0.640990 0.026786 0.064426
1 0.173319 0.618581 0.021008 0.049486
8 0.269695 0.347806 0.046744 0.084967
0 0.634454 0.408497 0.011555 0.042017
3 0.672532 0.416433 0.048845 0.048553
9 0.688550 0.547152 0.017857 0.042951
1 0.688813 0.535481 0.017332 0.043884
1 0.666492 0.490196 0.015756 0.041083
3 0.527311 0.300654 0.019958 0.035481
3 0.279149 0.309524 0.037290 0.038282
3 0.302521 0.279645 0.032563 0.032680
9 0.467962 0.408030 0.013655 0.031746
3 0.336660 0.269841 0.021008 0.031746
3 0.357405 0.238562 0.017332 0.023343
3 0.472952 0.296452 0.018382 0.034547
3 0.510767 0.252101 0.018382 0.026144
3 0.505515 0.232026 0.014181 0.023343
7 0.350578 0.291783 0.012080 0.032680
2 0.666229 0.498599 0.016282 0.044818
9 0.490021 0.244631 0.007353 0.014939
1 0.488708 0.237628 0.007878 0.015873
5 0.955882 0.902894 0.085084 0.119514
3 0.841124 0.783847 0.083508 0.114846
3 0.477153 0.206816 0.014181 0.017740
3 0.385767 0.321662 0.022584 0.038282
3 0.441176 0.222689 0.014706 0.023343
0 0.196691 0.509337 0.012080 0.055089
6 0.477153 0.520542 0.043592 0.049486
9 0.624475 0.455649 0.014706 0.031746
3 0.460347 0.207283 0.013130 0.026144
9 0.504464 0.296919 0.008929 0.026144