3 0.031775 0.301587 0.036239 0.059757
3 0.033876 0.239963 0.040441 0.054155
3 0.838761 0.886088 0.039916 0.048553
3 0.583246 0.545752 0.027836 0.060691
3 0.543067 0.813725 0.043067 0.055089
3 0.480305 0.777311 0.034139 0.071895
3 0.463761 0.935107 0.032563 0.068161
3 0.422269 0.934641 0.027311 0.057890
3 0.595063 0.354809 0.030462 0.065359
9 0.352679 0.978992 0.012080 0.028945
2 0.418855 0.317927 0.016282 0.017740
9 0.354254 0.937908 0.009979 0.025210
0 0.404674 0.609711 0.008929 0.014939
9 0.334821 0.274043 0.016282 0.021475
0 0.637342 0.670868 0.012080 0.025210
0 0.649947 0.491597 0.007878 0.014006
0 0.350053 0.756769 0.007878 0.017740
3 0.309349 0.589169 0.039916 0.039216
3 0.327731 0.556022 0.037815 0.045752
3 0.336922 0.517274 0.038340 0.044818
3 0.254989 0.557890 0.039391 0.045752
3 0.283088 0.529412 0.037815 0.041083
3 0.289391 0.482260 0.038866 0.045752
3 0.214548 0.526144 0.037290 0.038282
4 0.232668 0.497666 0.039916 0.044818
3 0.241071 0.451447 0.033613 0.038282
3 0.167542 0.503735 0.040966 0.043884
3 0.184611 0.469188 0.039391 0.047619
3 0.200630 0.430439 0.037815 0.044818
3 0.717174 0.675537 0.040441 0.043884
3 0.718487 0.635387 0.035714 0.045752
3 0.721113 0.584500 0.035714 0.039216
3 0.744223 0.553221 0.039916 0.043884
3 0.750788 0.700747 0.034139 0.036415
3 0.774685 0.665733 0.039916 0.046685
3 0.806985 0.636321 0.041492 0.045752
3 0.800683 0.591036 0.040441 0.046685
3 0.789653 0.726891 0.038340 0.043884
3 0.837185 0.755836 0.039916 0.043884
3 0.881565 0.780112 0.042542 0.045752
3 0.925420 0.802054 0.039916 0.046685
3 0.132878 0.391690 0.039916 0.042017
3 0.067489 0.369748 0.040441 0.048553
3 0.109769 0.475724 0.040966 0.047619
3 0.067752 0.442577 0.040966 0.048553
3 0.103729 0.281046 0.038340 0.042951
3 0.167805 0.316060 0.043592 0.049486
4 0.066702 0.281979 0.039916 0.042951
8 0.477679 0.573763 0.046744 0.146592
5 0.642595 0.309057 0.028887 0.061625
3 0.747637 0.015406 0.025735 0.030812
3 0.709034 0.771709 0.043067 0.049486
3 0.626313 0.700747 0.033088 0.068161
8 0.434611 0.371148 0.084559 0.060691
3 0.542805 0.495798 0.027836 0.069094
3 0.545431 0.416900 0.028887 0.060691
4 0.972689 0.830999 0.048319 0.048553
3 0.040179 0.401027 0.024685 0.066293
3 0.013918 0.409897 0.027836 0.042951