9 0.411239 0.264239 0.009454 0.022409
0 0.919380 0.764706 0.015231 0.072829
3 0.419905 0.204015 0.016282 0.025210
3 0.427258 0.186275 0.017332 0.021475
3 0.784926 0.698880 0.116071 0.099907
6 0.097164 0.749300 0.035714 0.073763
1 0.106092 0.716153 0.021008 0.054155
8 0.209821 0.415500 0.069853 0.112045
0 0.730305 0.575163 0.017332 0.063492
3 0.733981 0.525677 0.065651 0.076564
9 0.685662 0.578431 0.018382 0.043884
1 0.687763 0.559290 0.015231 0.042951
1 0.658613 0.499066 0.015756 0.042017
3 0.535189 0.344071 0.025210 0.040149
3 0.234506 0.355742 0.043592 0.041083
3 0.264706 0.314659 0.044118 0.037348
9 0.521271 0.403828 0.012080 0.032680
3 0.309349 0.302521 0.023109 0.035481
3 0.146008 0.314192 0.037815 0.034547
3 0.339548 0.260971 0.017332 0.023343
3 0.454044 0.250233 0.024685 0.026144
3 0.477941 0.256303 0.015756 0.027077
3 0.513918 0.274043 0.018382 0.027077
3 0.509191 0.249767 0.014181 0.023343
7 0.349790 0.283380 0.011555 0.027077
2 0.657300 0.510738 0.016282 0.044818
9 0.493697 0.235294 0.006303 0.013072
1 0.493960 0.231092 0.007878 0.015873
3 0.479779 0.182073 0.009979 0.016807
3 0.344013 0.560224 0.039916 0.082166
3 0.424895 0.352474 0.025210 0.045752
6 0.294643 0.744631 0.068277 0.058824
3 0.472164 0.157796 0.008403 0.011204
3 0.474527 0.171802 0.008929 0.020542
9 0.494748 0.263772 0.006303 0.021475