9 0.283088 0.028478 0.007353 0.023343
1 0.282826 0.025210 0.011029 0.026144
4 0.277574 0.037815 0.016282 0.027077
0 0.006828 0.803455 0.013655 0.068161
3 0.313025 0.086368 0.017857 0.028945
2 0.163340 0.825397 0.030462 0.069094
3 0.888918 0.188142 0.042542 0.036415
3 0.704044 0.057423 0.026786 0.025210
4 0.710347 0.090103 0.026786 0.027077
3 0.946691 0.220822 0.043592 0.032680
3 0.943015 0.193277 0.039391 0.035481
3 0.974527 0.157796 0.037290 0.039216
3 0.331670 0.372082 0.039391 0.062558
4 0.283351 0.220822 0.030987 0.064426
5 0.362132 0.299253 0.036239 0.068161
3 0.372111 0.505602 0.065651 0.070028
3 0.748424 0.833800 0.113445 0.162465
3 0.437763 0.434641 0.041492 0.068161
4 0.377889 0.133053 0.020483 0.036415
3 0.327206 0.232026 0.026261 0.047619
3 0.253676 0.152194 0.019958 0.035481
3 0.235032 0.092904 0.021534 0.030812
3 0.254202 0.074697 0.017857 0.024276
3 0.386029 0.233427 0.027311 0.042951
3 0.247374 0.051821 0.019958 0.030812
3 0.342174 0.162465 0.025735 0.037348
3 0.276523 0.067227 0.019433 0.026144
0 0.106355 0.780112 0.023634 0.075630
0 0.168330 0.757236 0.021534 0.078431
0 0.148109 0.686275 0.018908 0.061625
1 0.166754 0.695612 0.016282 0.039216
9 0.054359 0.733894 0.028887 0.061625
1 0.047269 0.712418 0.018908 0.056022
0 0.007090 0.785247 0.014181 0.069094
3 0.922006 0.209617 0.040441 0.034547
3 0.919380 0.178805 0.036239 0.032680
4 0.854779 0.170401 0.037290 0.032680
4 0.835872 0.164799 0.032038 0.036415
4 0.851628 0.147993 0.036239 0.034547
4 0.835872 0.139589 0.035189 0.032680
3 0.823792 0.159197 0.036239 0.028945
3 0.803309 0.148926 0.033088 0.030812
3 0.782300 0.147059 0.027836 0.027077
3 0.772847 0.139589 0.027836 0.025210
3 0.855830 0.111578 0.027836 0.025210
3 0.837973 0.107843 0.026786 0.028945
3 0.829044 0.098506 0.032038 0.030812
3 0.813288 0.095705 0.025735 0.027077
3 0.800158 0.089169 0.030987 0.032680
3 0.764968 0.076097 0.029937 0.027077
3 0.722426 0.061158 0.026786 0.028945