9 0.325368 0.088702 0.019433 0.070962
2 0.334034 0.196078 0.039916 0.048553
1 0.116859 0.112512 0.023634 0.079365
1 0.523634 0.279645 0.018908 0.064426
1 0.366071 0.194678 0.023109 0.073763
1 0.415704 0.169001 0.019433 0.054155
9 0.336660 0.151727 0.031513 0.042017
2 0.450105 0.116713 0.029412 0.052288
1 0.308036 0.121382 0.023634 0.076564
1 0.282563 0.128852 0.022059 0.070962
1 0.372111 0.161064 0.021534 0.071895
1 0.286239 0.101774 0.018908 0.063492
1 0.307248 0.098506 0.022059 0.064426
3 0.443540 0.777311 0.171744 0.307190
1 0.117910 0.108777 0.024685 0.083100
3 0.318803 0.699346 0.163866 0.268908
3 0.656775 0.190009 0.091912 0.139122
1 0.076155 0.099440 0.018908 0.060691
3 0.702206 0.337068 0.100840 0.177404
1 0.094275 0.107376 0.025735 0.069094
4 0.440389 0.218021 0.099265 0.174603
0 0.580882 0.022876 0.015756 0.042017
1 0.097689 0.074230 0.023109 0.066293
6 0.532563 0.269841 0.064076 0.117647
3 0.567227 0.105509 0.090336 0.115780
9 0.025473 0.325397 0.050945 0.086835
0 0.557773 0.056489 0.012605 0.058824
3 0.867910 0.594771 0.108718 0.233427
0 0.011555 0.179272 0.022059 0.082166
9 0.468225 0.076564 0.040441 0.059757
2 0.451681 0.020542 0.025210 0.037348
3 0.881565 0.045285 0.073004 0.090570
0 0.017595 0.188142 0.029937 0.084967
1 0.972689 0.357610 0.018908 0.078431
2 0.291229 0.214753 0.058298 0.070962