0 0.379989 0.950047 0.022584 0.084967
0 0.399160 0.890289 0.012605 0.047619
1 0.435924 0.873950 0.017857 0.054155
3 0.431723 0.868347 0.049370 0.059757
0 0.249212 0.690943 0.026786 0.078431
0 0.225053 0.687675 0.019433 0.073763
0 0.358718 0.891690 0.024160 0.082166
9 0.301996 0.842204 0.058824 0.050420
0 0.416229 0.141457 0.013130 0.051354
0 0.412815 0.111578 0.011555 0.034547
0 0.405462 0.106443 0.012605 0.050420
3 0.249475 0.344071 0.090336 0.090570
1 0.958508 0.277778 0.024160 0.062558
6 0.962973 0.288515 0.071954 0.067227
5 0.853992 0.092437 0.290966 0.121382
0 0.459296 0.041550 0.009979 0.036415
0 0.451155 0.035948 0.012605 0.045752
0 0.674895 0.912698 0.025210 0.077498
0 0.322216 0.901494 0.018382 0.094304
0 0.274947 0.925303 0.015231 0.065359
0 0.222952 0.935107 0.024685 0.049486
0 0.247637 0.913632 0.015231 0.055089
3 0.478204 0.509804 0.126576 0.121382
4 0.590599 0.281513 0.089811 0.090570
3 0.483456 0.125584 0.081408 0.079365
6 0.749475 0.868347 0.123950 0.132586
1 0.543855 0.951914 0.026786 0.055089
0 0.443015 0.916433 0.027836 0.084967
3 0.317752 0.760037 0.151261 0.136321
0 0.523372 0.838936 0.017332 0.070028
0 0.563025 0.855742 0.017857 0.070028
0 0.545693 0.830532 0.018908 0.073763
6 0.870011 0.925770 0.073004 0.079365
9 0.409401 0.103641 0.026786 0.033613
1 0.408876 0.090103 0.016282 0.042017
0 0.481618 0.250700 0.017857 0.073763
0 0.456145 0.635387 0.017332 0.077498
0 0.339023 0.495331 0.016282 0.073763
0 0.352941 0.495331 0.015756 0.070028
0 0.349002 0.461718 0.017332 0.073763
0 0.328519 0.473389 0.016282 0.067227
9 0.956145 0.615313 0.044643 0.054155
1 0.960084 0.598039 0.021008 0.056956
1 0.945378 0.598973 0.015756 0.047619
3 0.676471 0.189076 0.081933 0.079365