3 0.268229 0.945833 0.050000 0.100926
3 0.671875 0.928704 0.042708 0.079630
5 0.665885 0.719444 0.034896 0.057407
7 0.289062 0.881019 0.050000 0.056481
7 0.294010 0.842130 0.023438 0.047222
7 0.302083 0.813426 0.027083 0.050926
7 0.311979 0.787500 0.019792 0.050926
6 0.335156 0.781481 0.024479 0.048148
7 0.302083 0.765741 0.015625 0.038889
3 0.338542 0.721759 0.021875 0.049074
3 0.347656 0.697685 0.018229 0.034259
6 0.363802 0.704167 0.017188 0.043519
9 0.325000 0.918056 0.017708 0.062037
3 0.499479 0.658333 0.021875 0.042593
4 0.545312 0.700463 0.017708 0.052778
4 0.539844 0.647685 0.021354 0.054630
3 0.627604 0.592593 0.020833 0.037037
3 0.500000 0.555093 0.017708 0.034259
3 0.372917 0.640278 0.021875 0.037963
5 0.385937 0.611111 0.027083 0.042593
6 0.404687 0.621296 0.014583 0.033333
4 0.399740 0.553704 0.021354 0.035185
8 0.410417 0.531944 0.019792 0.050926
3 0.587760 0.575463 0.017188 0.034259
3 0.350000 0.518519 0.028125 0.022222
6 0.091146 0.858333 0.037500 0.040741
6 0.121094 0.858796 0.024479 0.050926
6 0.112500 0.820833 0.052083 0.050926
6 0.303125 0.594444 0.017708 0.029630
3 0.464062 0.528704 0.012500 0.022222
0 0.484896 0.510185 0.006250 0.022222
0 0.609115 0.581019 0.006771 0.023148
9 0.652604 0.653241 0.019792 0.026852
8 0.504948 0.478704 0.014063 0.038889
3 0.523177 0.498611 0.013021 0.023148
3 0.526302 0.527315 0.013021 0.025000
3 0.580729 0.449074 0.021875 0.022222
3 0.578646 0.440741 0.018750 0.018519
3 0.395313 0.584259 0.021875 0.038889
3 0.454427 0.562037 0.015104 0.027778