0 0.280462 0.712885 0.019958 0.081232
9 0.370798 0.389356 0.017857 0.050420
1 0.370273 0.366013 0.015756 0.042951
6 0.665966 0.754902 0.047269 0.111111
0 0.178309 0.552288 0.015231 0.070028
0 0.171218 0.556489 0.017857 0.072829
9 0.268382 0.570495 0.022059 0.052288
9 0.286239 0.475257 0.017857 0.054155
9 0.688288 0.614379 0.037290 0.033613
9 0.575893 0.765640 0.024685 0.089636
3 0.488971 0.683940 0.053571 0.131653
3 0.480567 0.420168 0.040966 0.085901
9 0.138393 0.538749 0.039391 0.048553
3 0.418067 0.315126 0.036765 0.077498
9 0.350840 0.351074 0.011555 0.048553
1 0.350840 0.330999 0.013655 0.036415
9 0.285977 0.330532 0.033088 0.033613
3 0.423057 0.205415 0.029937 0.067227
3 0.392332 0.168534 0.031513 0.060691
3 0.464023 0.219421 0.039391 0.059757
4 0.587710 0.417367 0.053571 0.112045
2 0.537553 0.374883 0.012080 0.038282
1 0.538603 0.358077 0.008929 0.027077
2 0.351891 0.217087 0.022059 0.030812
1 0.349790 0.205415 0.012605 0.048553
0 0.559349 0.258170 0.012605 0.043884
1 0.254202 0.219421 0.012605 0.028011
0 0.230567 0.196078 0.008403 0.042951
0 0.263130 0.209617 0.009454 0.034547
0 0.278887 0.212885 0.011555 0.044818
3 0.484506 0.146125 0.024685 0.043884
0 0.210609 0.111111 0.008403 0.033613
0 0.215336 0.113912 0.009454 0.031746
1 0.577731 0.739963 0.021008 0.060691
9 0.493960 0.073763 0.008929 0.022409
3 0.809349 0.931373 0.162815 0.131653
3 0.185137 0.157796 0.062500 0.044818
0 0.493697 0.062558 0.008403 0.016807