3 0.974527 0.469188 0.048845 0.060691
3 0.850053 0.735761 0.063550 0.084034
3 0.896796 0.378151 0.062500 0.076564
3 0.942227 0.526144 0.058824 0.068161
3 0.882616 0.578898 0.057248 0.076564
3 0.964548 0.879552 0.056197 0.085901
3 0.931985 0.933240 0.068803 0.058824
3 0.849527 0.977124 0.062500 0.043884
3 0.796744 0.520075 0.032563 0.100840
4 0.762868 0.566760 0.051996 0.098973
3 0.714811 0.591970 0.035714 0.098973
3 0.678834 0.534080 0.053046 0.104575
3 0.622899 0.450980 0.049370 0.100840
3 0.580882 0.304855 0.046218 0.096172
3 0.573004 0.586835 0.040966 0.114846
3 0.510242 0.479458 0.061450 0.058824
3 0.508666 0.422502 0.059349 0.055089
3 0.595588 0.221755 0.044118 0.092437
3 0.545956 0.118581 0.040441 0.089636
5 0.443277 0.044351 0.056723 0.088702
3 0.446429 0.181606 0.049370 0.055089
4 0.543330 0.678338 0.056197 0.071895
3 0.558298 0.859477 0.064076 0.084967
3 0.457458 0.956583 0.066176 0.084967
9 0.619485 0.919234 0.024685 0.043884
0 0.819065 0.556022 0.017332 0.036415
0 0.946166 0.417834 0.015231 0.036415
0 0.641544 0.661531 0.018382 0.027077
0 0.621586 0.343137 0.012080 0.021475
0 0.303834 0.864613 0.016282 0.026144