0 0.550595 0.374339 0.025298 0.124339
0 0.658110 0.181878 0.023065 0.072751
0 0.555432 0.402116 0.029018 0.142857
0 0.455357 0.493386 0.038690 0.156085
0 0.431920 0.400794 0.029018 0.142857
0 0.471354 0.468915 0.036458 0.154762
0 0.293527 0.410053 0.029018 0.126984
0 0.354167 0.419312 0.035714 0.156085
0 0.475074 0.373677 0.039435 0.130952
0 0.377976 0.392196 0.029762 0.141534
0 0.385045 0.433201 0.034970 0.149471
0 0.134301 0.370370 0.036458 0.126984
0 0.325149 0.326058 0.022321 0.109788
0 0.526414 0.199735 0.021577 0.092593
0 0.966890 0.287698 0.034970 0.117725
0 0.320312 0.306217 0.026042 0.117725
1 0.789435 0.275132 0.023810 0.097884
0 0.808408 0.269841 0.024554 0.089947
0 0.555432 0.259259 0.014137 0.060847
0 0.846726 0.877646 0.058036 0.220899
1 0.538318 0.325397 0.026042 0.108466
0 0.520089 0.295635 0.025298 0.083333
0 0.478423 0.157407 0.017857 0.063492
0 0.095982 0.316138 0.017857 0.066138
1 0.094494 0.314815 0.032738 0.058201
2 0.430432 0.343254 0.040923 0.070106
0 0.620908 0.138228 0.015625 0.072751
1 0.190104 0.173942 0.015625 0.035714
0 0.146205 0.122354 0.015625 0.048942
0 0.811384 0.209656 0.017113 0.062169
0 0.436384 0.112434 0.012649 0.055556
0 0.398438 0.095238 0.012649 0.052910
1 0.136161 0.104497 0.014881 0.050265
0 0.812500 0.169974 0.014881 0.048942
1 0.117188 0.121032 0.015625 0.030423
1 0.257440 0.108466 0.011905 0.034392
0 0.748140 0.154762 0.012649 0.050265
0 0.470982 0.118386 0.013393 0.059524
0 0.549107 0.261905 0.014881 0.055556
0 0.526786 0.247354 0.016369 0.082011
0 0.975074 0.285053 0.026042 0.104497
0 0.978051 0.261905 0.037946 0.132275
0 0.172247 0.099206 0.014137 0.044974
0 0.570685 0.095899 0.010417 0.038360
0 0.556176 0.084656 0.008185 0.037037
0 0.458333 0.207011 0.017857 0.078042
0 0.744420 0.133598 0.017113 0.052910
1 0.955729 0.174603 0.020089 0.063492
1 0.905134 0.185847 0.020089 0.043651
1 0.940848 0.193122 0.018601 0.034392
1 0.925967 0.189815 0.018601 0.035714