1 0.252889 0.044818 0.014181 0.031746
9 0.213235 0.089636 0.018908 0.044818
1 0.213761 0.074697 0.014706 0.039216
1 0.208246 0.083567 0.014181 0.040149
0 0.220063 0.772642 0.024160 0.083100
0 0.253151 0.739496 0.022059 0.082166
0 0.413866 0.386555 0.015756 0.067227
0 0.407038 0.318394 0.012605 0.042951
0 0.392332 0.306256 0.017857 0.061625
1 0.641807 0.303455 0.027311 0.059757
6 0.655725 0.322129 0.088761 0.063492
3 0.837447 0.407563 0.122374 0.090570
3 0.079044 0.169935 0.084559 0.093371
9 0.580882 0.666667 0.049370 0.056022
1 0.579044 0.647059 0.022584 0.067227
1 0.567752 0.639589 0.014706 0.044818
5 0.878676 0.139122 0.240546 0.156863
6 0.787553 0.205415 0.060399 0.042951
1 0.782826 0.195145 0.022584 0.039216
0 0.493960 0.167600 0.009979 0.036415
0 0.485294 0.156396 0.012605 0.051354
0 0.517332 0.126984 0.012605 0.054155
0 0.509191 0.128385 0.011029 0.042017
0 0.319590 0.933707 0.018382 0.085901
4 0.620273 0.367880 0.098739 0.104575
3 0.287815 0.918768 0.175420 0.138189
9 0.381040 0.150327 0.026786 0.033613
1 0.381565 0.136321 0.016282 0.044818
0 0.554622 0.130252 0.015756 0.062558
0 0.177784 0.883287 0.021534 0.074697
0 0.194853 0.889356 0.024160 0.073763
0 0.231618 0.829132 0.027311 0.070962
0 0.200368 0.839402 0.022584 0.065359
3 0.393382 0.098039 0.069328 0.072829
3 0.283876 0.585434 0.141282 0.132586
9 0.257878 0.046685 0.017857 0.041083
1 0.257090 0.035948 0.013130 0.040149