9 0.862132 0.402428 0.027836 0.033613
1 0.865284 0.389356 0.011029 0.037348
3 0.738445 0.278711 0.037815 0.056956
3 0.725840 0.246032 0.030462 0.043884
0 0.836397 0.363212 0.008929 0.042951
0 0.821166 0.355275 0.009979 0.053221
3 0.603992 0.946779 0.073529 0.102708
3 0.701943 0.187675 0.024685 0.039216
3 0.665704 0.111578 0.015231 0.027077
3 0.361082 0.223156 0.034139 0.042951
3 0.405462 0.135854 0.022059 0.034547
3 0.434349 0.082166 0.017857 0.037348
3 0.438813 0.070495 0.012080 0.023343
3 0.448792 0.057890 0.015231 0.020542
3 0.519433 0.240430 0.031513 0.070028
3 0.477941 0.238562 0.023109 0.053221
3 0.471901 0.209150 0.027836 0.042951
3 0.518120 0.302988 0.029937 0.060691
3 0.525210 0.173669 0.018908 0.026144
3 0.527048 0.154528 0.019433 0.028945
3 0.469013 0.289916 0.034664 0.075630
3 0.478729 0.137255 0.021534 0.033613
3 0.732143 0.401494 0.081933 0.070962
0 0.865284 0.354342 0.009979 0.053221
3 0.713498 0.218021 0.027836 0.038282
1 0.856618 0.391223 0.011555 0.033613
3 0.470063 0.013539 0.012605 0.017740
3 0.522059 0.197946 0.019958 0.033613
3 0.485294 0.181606 0.026261 0.042017
3 0.496849 0.155929 0.019958 0.033613
3 0.448792 0.406162 0.068803 0.065359
3 0.528624 0.133053 0.016282 0.028945
3 0.565651 0.115780 0.025210 0.042951
3 0.594538 0.264706 0.032563 0.070028
8 0.526523 0.410364 0.221113 0.157796
3 0.634191 0.331933 0.044643 0.070028
3 0.598477 0.187208 0.027836 0.042017
2 0.567489 0.329599 0.018382 0.037348
1 0.567489 0.316060 0.016282 0.045752
3 0.564863 0.600373 0.103466 0.113912
2 0.667805 0.429505 0.058298 0.070962
1 0.664128 0.420635 0.019433 0.066293
3 0.740809 0.534080 0.091912 0.085901
3 0.887868 0.477124 0.091912 0.076564
3 0.484506 0.362745 0.043592 0.073763
0 0.277048 0.277778 0.009979 0.038282
0 0.284664 0.264706 0.011555 0.043884
9 0.813813 0.392624 0.023634 0.032680
1 0.814338 0.375350 0.008929 0.037348
3 0.637342 0.045285 0.012080 0.021475
0 0.087185 0.354342 0.008403 0.049486
0 0.287027 0.738095 0.012080 0.038282
2 0.289391 0.778245 0.031513 0.038282
2 0.304884 0.713819 0.024685 0.027077
0 0.297269 0.679272 0.014706 0.038282
0 0.396008 0.349206 0.012605 0.048553