3 0.475840 0.373950 0.028361 0.045752
6 0.133141 0.687208 0.040441 0.070962
1 0.135242 0.664799 0.024685 0.059757
8 0.076418 0.602708 0.115021 0.193277
2 0.674107 0.594771 0.015231 0.042951
1 0.676996 0.583100 0.016807 0.043884
3 0.887868 0.833333 0.092962 0.137255
3 0.786239 0.682540 0.075630 0.095238
9 0.624737 0.448646 0.012080 0.038282
1 0.625788 0.436975 0.012080 0.031746
1 0.985819 0.916433 0.014706 0.066293
1 0.602416 0.397292 0.009454 0.043884
0 0.731355 0.653128 0.015231 0.064426
0 0.716649 0.648926 0.018382 0.067227
6 0.746061 0.616246 0.057248 0.072829
3 0.717962 0.559757 0.051471 0.064426
3 0.686712 0.497666 0.042542 0.059757
9 0.944590 0.864146 0.049895 0.071895
3 0.660452 0.447712 0.043592 0.055089
6 0.800683 0.617180 0.057248 0.063492
3 0.554622 0.437442 0.031513 0.047619
4 0.647321 0.399627 0.030987 0.059757
4 0.622637 0.360878 0.025735 0.049486
3 0.141019 0.465920 0.068803 0.059757
3 0.200893 0.391690 0.062500 0.051354
9 0.495273 0.315126 0.008403 0.021475
3 0.269695 0.366947 0.027836 0.048553
3 0.042542 0.380019 0.069328 0.048553
3 0.316176 0.301120 0.027311 0.038282
3 0.389706 0.579832 0.050420 0.095238
3 0.527048 0.329599 0.025735 0.041083
3 0.519695 0.292250 0.021534 0.037348
4 0.591649 0.294118 0.020483 0.039216
3 0.519170 0.259570 0.016282 0.031746
3 0.587973 0.264706 0.035189 0.027077
6 0.568540 0.721289 0.030987 0.077498
1 0.568015 0.701214 0.020483 0.042951
9 0.437237 0.247432 0.012080 0.016807