3 0.508141 0.764239 0.059349 0.135387
3 0.451681 0.547619 0.054622 0.090570
3 0.268645 0.220355 0.025735 0.050420
3 0.622111 0.717087 0.084559 0.113912
3 0.359244 0.164799 0.025210 0.036415
3 0.102416 0.712885 0.105042 0.092437
9 0.880252 0.830532 0.043067 0.079365
3 0.310137 0.148926 0.021534 0.036415
1 0.885504 0.829132 0.026261 0.070962
4 0.311975 0.119514 0.018908 0.033613
3 0.282300 0.051354 0.016282 0.024276
3 0.233981 0.044351 0.015231 0.021475
0 0.023634 0.871615 0.019958 0.066293
2 0.174107 0.889823 0.033088 0.070962
3 0.888655 0.192344 0.042017 0.035481
3 0.712185 0.070962 0.026261 0.024276
4 0.720851 0.109711 0.026786 0.027077
3 0.245011 0.008870 0.012080 0.017740
3 0.954044 0.249300 0.043592 0.037348
3 0.954044 0.218487 0.035189 0.029879
3 0.981618 0.180205 0.034664 0.039216
4 0.388918 0.159197 0.022584 0.038282
3 0.098214 0.652194 0.102941 0.083100
3 0.237132 0.594771 0.090861 0.078431
3 0.352153 0.513539 0.069853 0.076564
0 0.040179 0.864613 0.023634 0.074697
0 0.054884 0.844071 0.022584 0.078431
9 0.069853 0.798319 0.031513 0.054155
1 0.065651 0.779178 0.018908 0.056956
0 0.024422 0.845005 0.025735 0.067227
3 0.928046 0.241830 0.039916 0.033613
3 0.924895 0.214753 0.035714 0.031746
4 0.859506 0.198413 0.037290 0.032680
4 0.845063 0.190476 0.031513 0.035481
4 0.859769 0.173669 0.035714 0.033613
4 0.841387 0.165266 0.034664 0.031746
3 0.830357 0.187675 0.035714 0.028011
3 0.810924 0.175537 0.032563 0.029879
3 0.791492 0.171802 0.027311 0.026144
3 0.778887 0.162465 0.027311 0.024276
3 0.865021 0.133520 0.027311 0.024276
3 0.845588 0.129785 0.026261 0.028011
3 0.836660 0.118581 0.031513 0.029879
3 0.817752 0.114846 0.025210 0.026144
3 0.798319 0.101774 0.030462 0.031746
3 0.772584 0.093371 0.029412 0.026144
3 0.732143 0.076564 0.026261 0.028011