9 0.498884 0.183201 0.011161 0.033069
3 0.488095 0.366402 0.022321 0.050265
3 0.483631 0.254630 0.020833 0.046296
3 0.398065 0.525132 0.028274 0.089947
3 0.470238 0.914683 0.041667 0.149471
3 0.497768 0.492725 0.029762 0.070106
3 0.452753 0.343915 0.023065 0.055556
3 0.517113 0.720238 0.040179 0.112434
3 0.452753 0.625000 0.030506 0.099206
3 0.140625 0.294312 0.041667 0.041005
3 0.638021 0.164683 0.036458 0.051587
0 0.242560 0.692460 0.019345 0.046296
1 0.552827 0.344577 0.007440 0.022487
9 0.552455 0.351852 0.008185 0.023810
4 0.747024 0.236111 0.020833 0.030423
3 0.653646 0.203704 0.029018 0.029101
3 0.717634 0.191138 0.034970 0.030423
3 0.098214 0.279101 0.043155 0.037037
3 0.774182 0.179894 0.023065 0.034392
3 0.393229 0.276455 0.015625 0.044974
3 0.393601 0.187169 0.013393 0.033069
3 0.377232 0.136905 0.013393 0.030423
3 0.375744 0.074735 0.011905 0.027778
4 0.359375 0.177910 0.017857 0.043651
5 0.343006 0.318122 0.022321 0.048942
3 0.342634 0.435847 0.026042 0.080688