3 0.033088 0.301587 0.033613 0.059757
3 0.036502 0.239029 0.039391 0.054155
3 0.565914 0.828665 0.037290 0.045752
3 0.475053 0.872082 0.027836 0.061625
3 0.428046 0.930439 0.033613 0.070028
3 0.692752 0.097572 0.030462 0.060691
9 0.448792 0.649393 0.012080 0.021475
2 0.498687 0.345005 0.016282 0.017740
9 0.394170 0.765173 0.009979 0.021475
0 0.372899 0.740430 0.009454 0.014939
9 0.510504 0.356676 0.015756 0.022409
0 0.829832 0.950047 0.012605 0.021475
0 0.638918 0.662465 0.012080 0.025210
0 0.630515 0.574697 0.007878 0.014006
0 0.350053 0.760037 0.007878 0.016807
3 0.310399 0.589169 0.039916 0.039216
3 0.328782 0.556489 0.037815 0.044818
3 0.338498 0.518207 0.038340 0.044818
3 0.256040 0.557423 0.039391 0.044818
3 0.284139 0.529412 0.037815 0.041083
3 0.289916 0.484127 0.038866 0.045752
3 0.215074 0.529412 0.037290 0.037348
4 0.233718 0.497666 0.039916 0.044818
3 0.244223 0.454248 0.033613 0.042017
3 0.168592 0.504669 0.040966 0.043884
3 0.186187 0.469188 0.039391 0.047619
3 0.200105 0.430439 0.037815 0.044818
3 0.717174 0.679272 0.040441 0.043884
3 0.740546 0.650794 0.039916 0.046685
3 0.721113 0.587302 0.035714 0.039216
3 0.743435 0.558824 0.040441 0.043884
3 0.750525 0.705415 0.033613 0.036415
3 0.821166 0.699346 0.040441 0.046685
3 0.867647 0.680672 0.043067 0.046685
3 0.802258 0.598039 0.040441 0.045752
3 0.790966 0.729692 0.037815 0.043884
3 0.837185 0.759570 0.039916 0.043884
3 0.881828 0.783847 0.042017 0.045752
3 0.925420 0.807190 0.039916 0.045752
3 0.038078 0.354809 0.041492 0.039216
3 0.111345 0.474790 0.040966 0.047619
3 0.069328 0.442577 0.039916 0.048553
3 0.115809 0.288515 0.038340 0.042951
3 0.169905 0.316993 0.043592 0.049486
4 0.069590 0.281513 0.039391 0.040149
8 0.483981 0.750233 0.055147 0.146592
3 0.678309 0.803922 0.040441 0.039216
3 0.835084 0.855275 0.035714 0.037348
5 0.566439 0.524743 0.028887 0.061625
5 0.422269 0.838469 0.081933 0.212885
3 0.351366 0.974790 0.030462 0.046685
3 0.673845 0.239963 0.026261 0.061625
3 0.601891 0.626984 0.027311 0.071895
3 0.597164 0.514939 0.023109 0.068161
8 0.574055 0.308123 0.069328 0.126984
3 0.722426 0.131186 0.032038 0.064426
3 0.759979 0.042951 0.030462 0.056022
3 0.621061 0.290383 0.028887 0.061625
3 0.628939 0.198880 0.028887 0.061625
4 0.973214 0.834734 0.048319 0.048553
3 0.039128 0.401494 0.024685 0.065359
3 0.014443 0.409897 0.028887 0.042951