3 0.725074 0.517196 0.024554 0.039683
4 0.926339 0.313492 0.032738 0.037037
4 0.853795 0.708995 0.021577 0.026455
4 0.837798 0.675265 0.026786 0.033069
4 0.872024 0.593254 0.019345 0.046296
3 0.890253 0.656746 0.020089 0.046296
3 0.123884 0.602513 0.030506 0.035714
3 0.197173 0.490079 0.025298 0.033069
3 0.010045 0.622354 0.020089 0.046296
3 0.853423 0.173280 0.026786 0.034392
5 0.959821 0.114418 0.031250 0.041005
4 0.713914 0.149471 0.024554 0.042328
4 0.739211 0.227513 0.030506 0.029101
3 0.295015 0.232143 0.018601 0.054233
3 0.257068 0.208995 0.018601 0.047619
3 0.249628 0.156085 0.018601 0.052910
3 0.281994 0.151455 0.017857 0.043651
3 0.329241 0.178571 0.021577 0.050265
4 0.157738 0.647487 0.028274 0.038360
3 0.195312 0.623677 0.030506 0.030423
8 0.743676 0.296958 0.063244 0.030423
3 0.594122 0.170635 0.026042 0.039683
9 0.340402 0.243386 0.009673 0.029101
3 0.193080 0.569444 0.026042 0.038360
4 0.271205 0.516534 0.023065 0.038360
3 0.248512 0.589947 0.029762 0.034392
3 0.679315 0.692460 0.025298 0.041005
5 0.724330 0.623677 0.024554 0.041005
5 0.843750 0.457672 0.022321 0.039683
4 0.094866 0.662037 0.026042 0.035714
3 0.156994 0.622354 0.025298 0.038360
9 0.223586 0.556878 0.012649 0.018519
3 0.239583 0.572090 0.025298 0.035714
3 0.629092 0.668651 0.023065 0.041005
4 0.652902 0.681217 0.024554 0.039683
3 0.655878 0.628968 0.023065 0.041005
3 0.681176 0.636905 0.023065 0.038360
4 0.688988 0.579365 0.025298 0.037037
4 0.704613 0.603836 0.023810 0.038360
7 0.742932 0.158730 0.014137 0.034392
3 0.035714 0.220238 0.028274 0.035714
7 0.931548 0.362434 0.026786 0.034392