3 0.959263 0.889220 0.079985 0.085317
3 0.870536 0.729828 0.092262 0.066799
3 0.845424 0.661706 0.077753 0.058862
3 0.810640 0.613757 0.080357 0.052910
3 0.791667 0.584987 0.072173 0.053571
3 0.774926 0.550265 0.060268 0.047619
3 0.749256 0.418981 0.031250 0.035053
3 0.728609 0.398810 0.024182 0.023810
3 0.375000 0.487434 0.028274 0.048942
3 0.423735 0.457011 0.021577 0.038360
3 0.431548 0.425595 0.021577 0.032407
3 0.377604 0.417328 0.021577 0.037037
4 0.405320 0.411706 0.019717 0.041667
3 0.336682 0.404101 0.024554 0.034392
3 0.359561 0.380291 0.020461 0.029101
3 0.382999 0.366402 0.019717 0.027778
3 0.420387 0.380291 0.020089 0.031746
3 0.439174 0.404101 0.018973 0.029101
3 0.280878 0.381614 0.024554 0.030423
5 0.320871 0.367394 0.031622 0.069444
0 0.909040 0.976190 0.018229 0.044974
0 0.844308 0.795304 0.017485 0.062831
0 0.873512 0.789021 0.012649 0.058201
0 0.923177 0.795635 0.013021 0.058201
0 0.929874 0.809524 0.013021 0.050265
0 0.933966 0.845569 0.013021 0.042989
0 0.858817 0.786045 0.013021 0.058862
0 0.910156 0.575066 0.010789 0.048280
0 0.815476 0.482143 0.008929 0.034392
0 0.821987 0.482804 0.007812 0.038360
3 0.528460 0.348214 0.013765 0.021825
3 0.524926 0.854497 0.048363 0.117725
3 0.426153 0.784061 0.044271 0.093254
3 0.443824 0.640542 0.034226 0.064153
3 0.549851 0.596230 0.030506 0.057540
3 0.506882 0.537698 0.026414 0.044974
3 0.465774 0.539021 0.027530 0.048942
3 0.524740 0.446759 0.021205 0.035053
3 0.481585 0.404431 0.021205 0.036376
3 0.497954 0.473876 0.023438 0.041667
3 0.492001 0.327050 0.014509 0.025794
3 0.487165 0.355820 0.016741 0.033069
3 0.532180 0.390212 0.016741 0.029101
3 0.510045 0.383598 0.018601 0.029101
3 0.493304 0.301587 0.014137 0.025132
3 0.509115 0.346230 0.016741 0.025794
3 0.547247 0.501653 0.027530 0.045635
3 0.628906 0.953704 0.073289 0.089947
3 0.554874 0.401455 0.018229 0.027778
3 0.645275 0.691799 0.043527 0.076720
3 0.583891 0.500661 0.026414 0.038360
3 0.368490 0.632937 0.042039 0.070106
3 0.092820 0.742063 0.077753 0.108466
3 0.050781 0.937500 0.088170 0.119709
3 0.265253 0.761574 0.058036 0.109127
3 0.387649 0.575066 0.039435 0.070767
3 0.238839 0.695767 0.053571 0.091270
3 0.209635 0.583664 0.050223 0.066799
3 0.406250 0.522817 0.031250 0.050926
3 0.411086 0.488757 0.025298 0.046296
3 0.340402 0.577050 0.037202 0.066799
3 0.337240 0.499669 0.030878 0.049603
3 0.286086 0.478836 0.031994 0.046296
3 0.974888 0.946759 0.048735 0.080026