3 0.533272 0.988235 0.059191 0.022222
3 0.741176 0.952288 0.103676 0.091503
3 0.402390 0.245425 0.011397 0.016340
3 0.453125 0.342157 0.017279 0.024183
3 0.324816 0.581699 0.032721 0.060131
3 0.277941 0.577778 0.037500 0.066667
3 0.062316 0.813072 0.073897 0.117647
4 0.113419 0.828758 0.079779 0.152941
3 0.334743 0.530392 0.026838 0.050327
3 0.104963 0.632026 0.048897 0.069281
3 0.131066 0.670915 0.049632 0.079085
3 0.207537 0.634967 0.045956 0.073856
3 0.300184 0.490523 0.031250 0.049020
3 0.205331 0.525163 0.032721 0.051634
4 0.184926 0.486601 0.041912 0.076471
3 0.255882 0.524837 0.035294 0.053595
4 0.349081 0.456536 0.023897 0.047712
3 0.311581 0.463072 0.026103 0.038562
3 0.281618 0.435948 0.026471 0.047059
3 0.252390 0.439542 0.023897 0.041176
3 0.234559 0.423856 0.024265 0.042484
3 0.299816 0.400980 0.020956 0.035948
3 0.276654 0.394444 0.023162 0.034641
3 0.252757 0.386601 0.020956 0.030719
2 0.623713 0.867320 0.034926 0.043137
1 0.625735 0.842157 0.022059 0.046405
2 0.688971 0.873203 0.030882 0.037908
1 0.694669 0.860131 0.018015 0.060131
0 0.932537 0.755882 0.015809 0.058170
0 0.903493 0.912092 0.012132 0.064706
0 0.824816 0.722549 0.015074 0.054248
9 0.793750 0.862745 0.025000 0.060131
1 0.794118 0.849020 0.015441 0.058824
0 0.060294 0.600000 0.012500 0.047059
1 0.054963 0.544771 0.012132 0.041176
0 0.137132 0.479085 0.012500 0.035294
3 0.342096 0.495752 0.025368 0.047712
3 0.290809 0.531699 0.030882 0.050327
3 0.318199 0.426471 0.023162 0.035948
3 0.370588 0.313072 0.015441 0.028758
3 0.325919 0.403595 0.024632 0.038562
3 0.544485 0.613072 0.030882 0.057516
3 0.520037 0.452614 0.023897 0.038562
3 0.511949 0.426471 0.020221 0.039869
3 0.387132 0.869935 0.056618 0.117647
3 0.510846 0.768954 0.038603 0.088235
3 0.395956 0.697712 0.038971 0.066013
3 0.479412 0.621895 0.033088 0.058170
3 0.434191 0.527778 0.025000 0.051634
3 0.423346 0.462745 0.023897 0.043137
3 0.486949 0.365686 0.017279 0.025490
3 0.477390 0.330392 0.016544 0.025490
3 0.458272 0.286601 0.011397 0.018954
1 0.489890 0.411438 0.006985 0.022876