2 0.008141 0.351541 0.011029 0.049486
3 0.456145 0.019141 0.016282 0.034547
3 0.574842 0.031279 0.034139 0.025210
9 0.621061 0.200280 0.020483 0.019608
9 0.724790 0.326331 0.009454 0.036415
2 0.756565 0.294585 0.009979 0.027077
9 0.675158 0.267507 0.032038 0.038282
0 0.698792 0.218021 0.008929 0.040149
0 0.704044 0.214286 0.006828 0.036415
3 0.804622 0.504669 0.093487 0.079365
3 0.111607 0.536881 0.111870 0.084034
3 0.330357 0.542951 0.091387 0.068161
3 0.495273 0.554155 0.096639 0.083100
3 0.453782 0.329132 0.037815 0.077498
3 0.438813 0.243231 0.026786 0.062558
3 0.750788 0.413632 0.085609 0.069094
1 0.668855 0.814192 0.023634 0.052288
0 0.847952 0.783847 0.024685 0.068161
0 0.887868 0.760971 0.025735 0.070962
0 0.855830 0.727358 0.022584 0.056022
1 0.428571 0.610177 0.023109 0.055089
1 0.710084 0.659664 0.016807 0.055089
2 0.711134 0.659664 0.044118 0.045752
1 0.724002 0.658263 0.015231 0.054155
9 0.253414 0.327264 0.027836 0.034547
1 0.565126 0.447712 0.017857 0.055089
1 0.422532 0.311858 0.009979 0.035481
2 0.562763 0.457983 0.036239 0.045752
9 0.424895 0.338469 0.014706 0.032680
0 0.597689 0.250700 0.012605 0.040149
0 0.516544 0.035014 0.006828 0.036415
9 0.362132 0.217087 0.022584 0.030812
0 0.432248 0.182073 0.009454 0.044818
2 0.017069 0.354809 0.018382 0.039216
3 0.180935 0.865546 0.108718 0.194211
3 0.488183 0.231092 0.023634 0.066293
3 0.943540 0.852007 0.109769 0.169001
3 0.589548 0.226424 0.030987 0.055089
3 0.441702 0.091036 0.023109 0.042017
3 0.650998 0.171335 0.050945 0.043884
3 0.583771 0.041550 0.042542 0.030812
4 0.450893 0.044351 0.020483 0.036415
6 0.672794 0.836134 0.038866 0.109244
0 0.970326 0.695612 0.023634 0.065359
9 0.688025 0.307656 0.009454 0.036415
2 0.756565 0.326331 0.015231 0.032680
9 0.794380 0.312792 0.009979 0.041083
9 0.811187 0.310458 0.012080 0.036415
9 0.868697 0.327731 0.009454 0.035481
9 0.900473 0.298319 0.015231 0.036415
2 0.914916 0.334267 0.012605 0.037348
9 0.961397 0.335201 0.023634 0.050420
1 0.491334 0.279178 0.012080 0.031746
6 0.489233 0.295985 0.021534 0.054155
1 0.407038 0.319795 0.014706 0.045752
9 0.408088 0.333333 0.023109 0.041083
1 0.155200 0.660131 0.020483 0.069094
9 0.158351 0.677871 0.036239 0.050420
4 0.244748 0.602241 0.098739 0.100840
9 0.341649 0.274977 0.026786 0.034547
9 0.391544 0.209617 0.025735 0.030812
9 0.393120 0.185341 0.024685 0.028945
0 0.126838 0.353408 0.013130 0.045752
0 0.514968 0.039683 0.007878 0.038282
2 0.429884 0.624183 0.041492 0.043884
0 0.228204 0.314192 0.013130 0.049486
0 0.193015 0.322596 0.013130 0.043884
9 0.257616 0.354342 0.027836 0.030812
9 0.092174 0.360878 0.017332 0.042017
9 0.886817 0.642857 0.036239 0.045752
1 0.890494 0.627918 0.020483 0.062558
1 0.422794 0.314192 0.012605 0.040149
1 0.490284 0.290383 0.015231 0.037348
3 0.333246 0.394491 0.088761 0.073763
3 0.528624 0.131653 0.027836 0.061625
3 0.534139 0.801120 0.061975 0.197946
3 0.289653 0.457983 0.087710 0.071895
3 0.529674 0.216620 0.030987 0.065359
3 0.622899 0.596639 0.084034 0.110177
3 0.481355 0.424837 0.077206 0.072829
3 0.571954 0.324930 0.054622 0.063492
9 0.504464 0.612979 0.041492 0.042017
1 0.503414 0.598039 0.020483 0.055089
0 0.882616 0.760037 0.015231 0.059757
5 0.947216 0.463119 0.103466 0.095238
3 0.741334 0.915033 0.066702 0.168067