3 0.025998 0.324930 0.026786 0.065359
3 0.024947 0.258637 0.036239 0.063492
3 0.752626 0.041550 0.027311 0.055089
3 0.772584 0.845938 0.040966 0.048553
3 0.662553 0.276844 0.032038 0.064426
3 0.691176 0.767507 0.039916 0.042951
3 0.565126 0.525210 0.027311 0.055089
3 0.496849 0.620915 0.030462 0.065359
8 0.524947 0.464052 0.075105 0.177404
5 0.618435 0.452381 0.030987 0.068161
3 0.741071 0.508403 0.036765 0.043884
3 0.514181 0.679739 0.030462 0.070962
4 0.581670 0.311391 0.027836 0.060691
3 0.461134 0.833333 0.031513 0.068161
2 0.296481 0.250700 0.014181 0.017740
0 0.442752 0.474790 0.009454 0.017740
0 0.608981 0.764239 0.012080 0.025210
0 0.684086 0.386088 0.007878 0.014006
0 0.347689 0.733894 0.007353 0.013072
3 0.683824 0.087302 0.025210 0.051354
3 0.307773 0.589169 0.039916 0.039216
3 0.326418 0.555089 0.037290 0.045752
3 0.334821 0.515873 0.038340 0.043884
3 0.253414 0.558357 0.039391 0.046685
3 0.281250 0.529412 0.037290 0.041083
3 0.287290 0.482260 0.038866 0.045752
3 0.212973 0.526144 0.034139 0.038282
4 0.231618 0.498599 0.039916 0.044818
3 0.240284 0.452381 0.034139 0.038282
3 0.165441 0.507470 0.040966 0.043884
3 0.183298 0.468254 0.039916 0.047619
3 0.200105 0.430906 0.037815 0.043884
3 0.717174 0.672736 0.040441 0.043884
3 0.718487 0.631653 0.035714 0.045752
3 0.723739 0.581699 0.035714 0.039216
3 0.742910 0.554155 0.040441 0.043884
3 0.752363 0.700747 0.034139 0.036415
3 0.772584 0.661998 0.039916 0.046685
3 0.775473 0.616246 0.041492 0.046685
3 0.800683 0.586835 0.041492 0.047619
3 0.789916 0.721289 0.038866 0.043884
3 0.904412 0.690476 0.039916 0.043884
3 0.838761 0.753035 0.039916 0.043884
3 0.881040 0.777311 0.042542 0.045752
3 0.926471 0.801120 0.039916 0.046685
5 0.610294 0.323063 0.046218 0.102708
3 0.640494 0.148926 0.026786 0.060691
3 0.151261 0.406629 0.039916 0.043884
3 0.136817 0.440710 0.040441 0.042951
3 0.107668 0.476657 0.040966 0.047619
3 0.091124 0.374883 0.040441 0.038282
3 0.065126 0.442577 0.040966 0.048553
3 0.102416 0.282913 0.037815 0.042951
3 0.164128 0.314192 0.043592 0.049486
4 0.060399 0.286648 0.036765 0.046685
3 0.656775 0.173669 0.029937 0.061625
0 0.583771 0.189542 0.012080 0.022409
9 0.620011 0.075163 0.009979 0.025210
8 0.279937 0.318394 0.085084 0.093371
3 0.981092 0.934174 0.032563 0.051354
8 0.100840 0.197479 0.091387 0.088702
3 0.408613 0.885621 0.031513 0.073763
3 0.389968 0.858543 0.029937 0.066293
4 0.972689 0.827264 0.048319 0.048553
3 0.039128 0.402894 0.024685 0.066293
3 0.013393 0.409897 0.026786 0.042951