4 0.476891 0.034080 0.025210 0.049486
2 0.499212 0.231559 0.009979 0.035481
1 0.500000 0.216620 0.008403 0.028011
3 0.499737 0.568627 0.046744 0.100840
9 0.463498 0.158263 0.008929 0.023343
3 0.893645 0.976657 0.134979 0.042951
9 0.721639 0.902894 0.056723 0.065359
1 0.719538 0.894958 0.027311 0.070028
9 0.814863 0.890756 0.032038 0.078431
9 0.797532 0.848273 0.022584 0.086835
3 0.744223 0.745098 0.136555 0.106443
3 0.611082 0.677871 0.069853 0.151261
3 0.692489 0.612512 0.087710 0.076564
9 0.252363 0.701214 0.016282 0.072829
9 0.332458 0.779645 0.021008 0.074697
1 0.331145 0.750233 0.021534 0.055089
1 0.331670 0.741830 0.019433 0.056956
7 0.290441 0.566760 0.046218 0.098973
2 0.866859 0.620448 0.028887 0.066293
9 0.362658 0.594304 0.016282 0.064426
1 0.363708 0.563959 0.018382 0.052288
3 0.412553 0.460784 0.043592 0.105509
3 0.442489 0.172269 0.027836 0.049486
7 0.366334 0.218954 0.019433 0.066293
3 0.301996 0.412232 0.055672 0.105509
4 0.403624 0.178338 0.023634 0.063492
3 0.621061 0.376284 0.070903 0.059757
3 0.606355 0.327731 0.075105 0.056022
4 0.496586 0.147993 0.024685 0.049486
0 0.693803 0.365079 0.012605 0.048553
3 0.679359 0.526144 0.091912 0.083100
9 0.711922 0.338002 0.025735 0.031746
0 0.727153 0.324463 0.011029 0.055089
0 0.704832 0.296919 0.011555 0.048553
0 0.692227 0.297852 0.012605 0.048553
0 0.684874 0.293184 0.012605 0.044818
0 0.696429 0.268908 0.012605 0.048553
0 0.081145 0.488329 0.016282 0.061625
3 0.569328 0.199346 0.063025 0.043884
3 0.592174 0.137722 0.029937 0.049486
9 0.050420 0.690943 0.024160 0.059757
2 0.070641 0.626517 0.024685 0.054155
3 0.287815 0.176004 0.053571 0.032680
3 0.308036 0.150327 0.058298 0.039216
0 0.705620 0.378151 0.008929 0.042951
0 0.712973 0.366480 0.008929 0.043884
3 0.455095 0.107843 0.024685 0.036415
3 0.434874 0.057423 0.018908 0.028945
3 0.439863 0.031279 0.017332 0.028945
3 0.433036 0.014006 0.015231 0.028011
0 0.464023 0.139122 0.009979 0.018674