3 0.497768 0.510582 0.011905 0.023810
3 0.453869 0.819444 0.031250 0.067460
3 0.497768 0.894841 0.037202 0.080688
3 0.334077 0.786376 0.035714 0.067460
3 0.522693 0.449735 0.011161 0.018519
3 0.523065 0.513889 0.011905 0.019841
6 0.152902 0.941138 0.045387 0.064815
3 0.331473 0.722222 0.033482 0.050265
0 0.292411 0.669312 0.007440 0.026455
1 0.740327 0.642857 0.008929 0.023810
2 0.740327 0.651455 0.013393 0.025132
1 0.582589 0.553571 0.005952 0.022487
3 0.424107 0.453704 0.014881 0.023810
9 0.315104 0.701058 0.011161 0.042328