9 0.539435 0.447751 0.016369 0.048942
3 0.481399 0.366402 0.029762 0.071429
3 0.466518 0.251984 0.028274 0.059524
3 0.465402 0.707011 0.040923 0.133598
3 0.498140 0.485450 0.034970 0.089947
3 0.438988 0.417989 0.034226 0.084656
3 0.316220 0.304894 0.031250 0.064815
3 0.481027 0.924603 0.051339 0.148148
3 0.562872 0.939815 0.054315 0.112434
3 0.520089 0.654101 0.046131 0.125661
3 0.444196 0.542989 0.037202 0.104497
3 0.426711 0.323413 0.026042 0.062169
3 0.410714 0.214947 0.031250 0.046296
3 0.481027 0.123677 0.023065 0.046296
3 0.312500 0.466270 0.035714 0.093915
0 0.240327 0.517857 0.019345 0.046296
0 0.693824 0.970899 0.012649 0.039683
0 0.670759 0.878307 0.015625 0.042328
3 0.012277 0.083995 0.024554 0.025132
1 0.035714 0.476852 0.017857 0.033069
1 0.028274 0.494048 0.019345 0.025132
1 0.678199 0.908730 0.011161 0.026455
1 0.508185 0.130291 0.007440 0.022487
9 0.508929 0.132275 0.008929 0.034392
3 0.168527 0.064815 0.043899 0.031746
1 0.293899 0.037698 0.005952 0.017196
9 0.294643 0.041005 0.005952 0.023810