0 0.062128 0.952381 0.024554 0.047619
3 0.147321 0.900794 0.068452 0.187831
3 0.468006 0.060847 0.022321 0.034392
3 0.302083 0.861111 0.055060 0.190476
3 0.334077 0.396164 0.034226 0.091270
3 0.339658 0.253968 0.030506 0.068783
3 0.631696 0.593915 0.050595 0.119048
5 0.773438 0.875000 0.058780 0.064815
5 0.782738 0.923280 0.062500 0.071429
5 0.810268 0.966270 0.069940 0.064815
6 0.758929 0.831349 0.040179 0.059524
3 0.040179 0.203704 0.062500 0.044974
9 0.473958 0.111111 0.007440 0.023810
2 0.507812 0.166667 0.006696 0.023810
3 0.531994 0.859788 0.055060 0.177249
3 0.500000 0.537698 0.038690 0.099206
3 0.476190 0.351190 0.035714 0.075397
3 0.421875 0.199074 0.041667 0.046296
3 0.342634 0.072751 0.024554 0.042328
3 0.278646 0.257937 0.031994 0.071429
8 0.572545 0.339947 0.088542 0.246032
3 0.112723 0.186508 0.058780 0.044974
4 0.514881 0.216931 0.026786 0.058201
3 0.381696 0.154762 0.038690 0.047619
0 0.144345 0.291005 0.011905 0.029101
0 0.143973 0.283069 0.012649 0.026455
3 0.461682 0.197751 0.023065 0.051587
4 0.111607 0.107143 0.026786 0.044974
0 0.084077 0.179233 0.010417 0.033069
7 0.640997 0.080688 0.039435 0.042328
2 0.279018 0.205688 0.016369 0.051587
6 0.474702 0.016534 0.013393 0.033069
1 0.278274 0.186508 0.016369 0.037037
1 0.508557 0.154762 0.008185 0.023810
1 0.472842 0.101852 0.008185 0.023810
0 0.173735 0.167328 0.011161 0.030423
0 0.248884 0.070767 0.009673 0.030423