2 0.008666 0.338469 0.011029 0.049486
9 0.617910 0.169468 0.020483 0.019608
2 0.750788 0.283380 0.009979 0.027077
9 0.673057 0.251634 0.032038 0.038282
8 0.934349 0.391690 0.128151 0.129785
3 0.703519 0.569094 0.080357 0.105509
3 0.252626 0.521008 0.113445 0.078431
3 0.435399 0.526611 0.091387 0.069094
3 0.577731 0.526144 0.093487 0.083100
3 0.432511 0.374416 0.048845 0.087768
3 0.441964 0.291783 0.026786 0.070028
3 0.574842 0.398226 0.085609 0.062558
3 0.086397 0.520542 0.110819 0.083100
1 0.662553 0.784314 0.020483 0.054155
0 0.802258 0.787115 0.020483 0.069094
0 0.831670 0.777778 0.024685 0.074697
0 0.815914 0.752101 0.017332 0.064426
1 0.567489 0.608310 0.022584 0.055089
9 0.739758 0.899627 0.024685 0.079365
1 0.602941 0.606443 0.017857 0.055089
2 0.602416 0.604575 0.042017 0.040149
1 0.613708 0.601307 0.015231 0.050420
9 0.248162 0.313259 0.027836 0.034547
1 0.414916 0.427171 0.017857 0.055089
1 0.394433 0.327731 0.011555 0.035481
2 0.415179 0.439309 0.036239 0.045752
9 0.389443 0.352474 0.027836 0.036415
9 0.732668 0.351541 0.021008 0.036415
0 0.576155 0.227358 0.012605 0.045752
0 0.480305 0.017274 0.006828 0.034547
9 0.358456 0.198413 0.022584 0.030812
0 0.309611 0.208683 0.006828 0.042017
0 0.382878 0.176937 0.011555 0.043884
2 0.016544 0.339402 0.018382 0.043884
3 0.182511 0.851541 0.107668 0.194211
3 0.488183 0.209617 0.023634 0.066293
3 0.938550 0.815593 0.119748 0.170868
3 0.586922 0.204949 0.030987 0.055089
3 0.439601 0.064426 0.023109 0.041083
3 0.645746 0.149860 0.050945 0.043884
3 0.582195 0.014472 0.042542 0.028945
4 0.448267 0.021942 0.020483 0.036415
6 0.667279 0.806723 0.038340 0.110177
0 0.930147 0.689542 0.024160 0.062558
9 0.683561 0.289916 0.008929 0.036415
2 0.754464 0.299720 0.015231 0.031746
9 0.791754 0.293184 0.009979 0.041083
9 0.809349 0.290850 0.012605 0.036415
9 0.863971 0.306256 0.009454 0.035481
9 0.897847 0.281513 0.015231 0.036415
2 0.909664 0.318394 0.012605 0.037348
9 0.961397 0.312792 0.023634 0.050420
0 0.339811 0.930906 0.019958 0.078431
0 0.358981 0.929038 0.025735 0.078431
1 0.489496 0.269374 0.012605 0.030812
6 0.487658 0.282913 0.022584 0.054155
1 0.406250 0.304855 0.015231 0.045752
9 0.407563 0.319328 0.023109 0.041083
1 0.158876 0.641923 0.020483 0.045752
9 0.162553 0.661531 0.030987 0.051354
4 0.402836 0.592437 0.093487 0.096172
1 0.736870 0.890756 0.030462 0.050420
9 0.338498 0.256303 0.026786 0.034547
9 0.392069 0.187208 0.025735 0.030812
9 0.389968 0.161064 0.024685 0.028945
0 0.125788 0.337535 0.013130 0.045752
0 0.485557 0.026611 0.007878 0.038282
2 0.565389 0.621849 0.041492 0.041083
0 0.288603 0.289916 0.013130 0.049486
0 0.264968 0.287115 0.013130 0.043884
9 0.255515 0.323529 0.027836 0.030812
9 0.091649 0.347806 0.017332 0.042017
1 0.392069 0.337535 0.015231 0.045752
1 0.487920 0.281046 0.014706 0.035481
3 0.076681 0.401961 0.096639 0.073763
3 0.523109 0.103641 0.028361 0.054155
3 0.158876 0.437442 0.085609 0.077498
3 0.533351 0.209150 0.029937 0.054155
9 0.566439 0.588235 0.041492 0.041083
1 0.567489 0.577498 0.020483 0.055089
0 0.828519 0.775910 0.015231 0.059757
5 0.625525 0.450980 0.110294 0.093371
3 0.814863 0.677404 0.086660 0.118581