1 0.003939 0.404762 0.007878 0.047619
2 0.010242 0.403828 0.011029 0.049486
0 0.397847 0.067694 0.006828 0.025210
3 0.458246 0.022876 0.014181 0.027077
3 0.456145 0.042484 0.016282 0.028945
3 0.455095 0.090103 0.018382 0.038282
3 0.462973 0.068627 0.019433 0.036415
3 0.542279 0.009804 0.020483 0.019608
3 0.557511 0.026144 0.033088 0.016807
3 0.574317 0.085434 0.034139 0.025210
0 0.597952 0.063959 0.007878 0.036415
9 0.620536 0.241363 0.020483 0.019608
9 0.725315 0.383287 0.009454 0.036415
2 0.754989 0.337535 0.009979 0.027077
9 0.672006 0.311391 0.032038 0.038282
0 0.705095 0.278711 0.005777 0.040149
0 0.711397 0.276844 0.006828 0.036415
3 0.847164 0.532213 0.096639 0.069094
3 0.053571 0.587302 0.103992 0.082166
3 0.288078 0.563492 0.097164 0.077498
3 0.475578 0.592437 0.099265 0.083100
3 0.450368 0.364146 0.036239 0.074697
3 0.440389 0.278245 0.029937 0.059757
3 0.798057 0.465920 0.085609 0.069094
1 0.671218 0.848739 0.024160 0.052288
0 0.872899 0.834734 0.023109 0.069094
0 0.910714 0.804855 0.017857 0.078431
0 0.876050 0.781979 0.023109 0.079365
1 0.379727 0.659664 0.023109 0.055089
1 0.741597 0.725023 0.017857 0.055089
2 0.741597 0.720822 0.044118 0.048553
1 0.755777 0.718021 0.014706 0.054155
9 0.250788 0.385154 0.027836 0.034547
1 0.596639 0.500934 0.017857 0.043884
1 0.423582 0.360411 0.009979 0.035481
2 0.593750 0.504669 0.036239 0.045752
9 0.425420 0.380019 0.012605 0.031746
0 0.602416 0.287115 0.012605 0.040149
0 0.524947 0.096639 0.006828 0.036415
9 0.364758 0.271242 0.022584 0.030812
0 0.443277 0.225023 0.012605 0.044818
2 0.017069 0.401961 0.018382 0.038282
3 0.174895 0.904762 0.110294 0.186741
3 0.489758 0.282446 0.023634 0.062558
3 0.946166 0.866947 0.104517 0.146592
3 0.590074 0.274043 0.030987 0.053221
3 0.442752 0.156396 0.023109 0.042017
3 0.649947 0.225490 0.050945 0.043884
3 0.583771 0.096639 0.042542 0.030812
4 0.451681 0.112512 0.021008 0.036415
6 0.675420 0.867880 0.033613 0.107376
0 0.989496 0.750233 0.019958 0.071895
9 0.687763 0.360878 0.008929 0.036415
2 0.757616 0.380486 0.015231 0.032680
9 0.794380 0.369748 0.009979 0.041083
9 0.811712 0.364613 0.012080 0.036415
9 0.867122 0.386555 0.009454 0.035481
9 0.900473 0.354342 0.015231 0.036415
2 0.914391 0.389356 0.011555 0.037348
9 0.963498 0.390289 0.023634 0.050420
1 0.491597 0.338002 0.012605 0.031746
6 0.491071 0.352474 0.023109 0.049486
1 0.408088 0.359944 0.014706 0.045752
9 0.409401 0.377684 0.022584 0.042017
1 0.150735 0.707750 0.019958 0.063492
9 0.152574 0.724556 0.036239 0.050420
4 0.193803 0.648926 0.098739 0.100840
9 0.344800 0.336601 0.026786 0.034547
9 0.394695 0.273109 0.025735 0.030812
9 0.396271 0.246032 0.024685 0.028945
0 0.126838 0.406629 0.013130 0.045752
0 0.522847 0.105042 0.007878 0.038282
0 0.391019 0.070495 0.005777 0.027077
0 0.688813 0.195612 0.007878 0.034547
2 0.381828 0.673669 0.042017 0.049486
0 0.212447 0.371148 0.013130 0.049486
0 0.174107 0.376751 0.013130 0.043884
9 0.259191 0.401961 0.027836 0.030812
9 0.093225 0.421569 0.017332 0.042017
9 0.817227 0.687208 0.036765 0.044818
1 0.819853 0.673669 0.019958 0.060691
1 0.424370 0.359944 0.012605 0.036415
1 0.492384 0.348739 0.015231 0.034547
3 0.365021 0.428571 0.085084 0.072829
2 0.049632 0.451914 0.029937 0.031746
1 0.048319 0.439309 0.017857 0.045752
2 0.051208 0.464052 0.030987 0.031746
1 0.052521 0.453315 0.017857 0.045752
3 0.529937 0.212418 0.028361 0.064426
3 0.543855 0.751634 0.064601 0.164332
3 0.364758 0.493931 0.086660 0.069094
3 0.532300 0.294585 0.029937 0.064426
3 0.659139 0.599907 0.086134 0.099907
3 0.535977 0.464986 0.083508 0.070962
3 0.588761 0.385154 0.059874 0.064426
9 0.484769 0.654995 0.044118 0.043884
1 0.484506 0.640990 0.020483 0.055089
0 0.903099 0.803455 0.015231 0.049486
5 0.977941 0.519141 0.042017 0.082166