3 0.123326 0.305225 0.031622 0.032407
1 0.273251 0.448082 0.009301 0.033730
2 0.273624 0.456019 0.013021 0.028439
2 0.293713 0.448082 0.010789 0.025794
1 0.292597 0.438161 0.010045 0.033730
9 0.307850 0.453373 0.012277 0.032407
1 0.306548 0.438161 0.013393 0.032407
3 0.457961 0.684854 0.049851 0.098545
4 0.459635 0.527778 0.037574 0.076720
4 0.533854 0.514881 0.039435 0.070767
3 0.467262 0.374339 0.026042 0.041005
1 0.667969 0.643188 0.012277 0.032407
1 0.667597 0.631283 0.015253 0.048280
2 0.667597 0.643849 0.016741 0.046958
8 0.505394 0.318783 0.042783 0.095238
5 0.233817 0.825397 0.111979 0.201058
4 0.327195 0.835979 0.074033 0.165344
3 0.345238 0.498677 0.034226 0.066138
3 0.421875 0.362765 0.019345 0.044312
8 0.362351 0.352513 0.040923 0.116402
3 0.400484 0.336640 0.021205 0.051587
3 0.542969 0.421958 0.043527 0.054233
4 0.836496 0.595569 0.083705 0.087963
3 0.959821 0.667328 0.078869 0.078042
4 0.697173 0.513558 0.070685 0.068122
6 0.560082 0.384590 0.017485 0.052249
1 0.561012 0.383267 0.011161 0.032407
2 0.492746 0.239749 0.007812 0.025794
5 0.074963 0.349537 0.054688 0.050926
4 0.890067 0.226521 0.018229 0.037698
0 0.910156 0.258929 0.008557 0.032407
4 0.960751 0.330357 0.027158 0.039021
3 0.945871 0.307870 0.024182 0.031085
3 0.936198 0.296627 0.021205 0.035053
3 0.404576 0.293981 0.018973 0.036376
3 0.400856 0.264220 0.017485 0.029762
3 0.398251 0.245701 0.015997 0.028439
4 0.372768 0.264881 0.015625 0.031085
4 0.375744 0.235119 0.015625 0.027116
4 0.392671 0.226521 0.013765 0.024471
3 0.367001 0.214947 0.016741 0.021164
4 0.363281 0.202050 0.011533 0.023148
3 0.358259 0.188161 0.014137 0.024471
4 0.353237 0.176918 0.011533 0.027116
3 0.397879 0.212632 0.014509 0.020503
5 0.387277 0.196759 0.019345 0.028439
3 0.375558 0.187500 0.014509 0.021825
4 0.378534 0.176257 0.010045 0.020503
5 0.254278 0.187500 0.024926 0.044312