3 0.030725 0.073296 0.061450 0.071895
9 0.190914 0.050887 0.011029 0.034547
9 0.208771 0.057423 0.007878 0.040149
9 0.222952 0.055556 0.009979 0.047619
3 0.250788 0.047152 0.044643 0.073763
4 0.935399 0.252568 0.107143 0.094304
0 0.861082 0.216153 0.014181 0.055089
3 0.364758 0.361811 0.085609 0.129785
3 0.953782 0.560691 0.090336 0.114846
3 0.607668 0.214753 0.044118 0.106443
3 0.539128 0.388889 0.057248 0.127918
4 0.415704 0.222689 0.037290 0.107376
0 0.864758 0.201214 0.012080 0.055089
0 0.932248 0.097106 0.015756 0.050420
0 0.919905 0.115313 0.019433 0.053221
0 0.927784 0.104108 0.015231 0.042017
0 0.934349 0.110177 0.016807 0.050420
0 0.991071 0.107376 0.015756 0.052288
1 0.375788 0.881886 0.021534 0.060691
2 0.375788 0.910831 0.050945 0.073763
0 0.894695 0.935107 0.034139 0.073763
1 0.899422 0.894024 0.024685 0.043884
0 0.939863 0.870682 0.032038 0.053221
1 0.949842 0.828665 0.030987 0.058824
0 0.926733 0.739029 0.026786 0.066293
9 0.287027 0.476657 0.022584 0.060691
1 0.285452 0.449580 0.013130 0.066293
9 0.537027 0.768908 0.049895 0.070028
1 0.540179 0.771709 0.033088 0.064426
9 0.685137 0.056489 0.016282 0.038282
0 0.875788 0.908030 0.025735 0.071895
3 0.785977 0.182540 0.090861 0.096172
0 0.202468 0.593371 0.022584 0.073763
0 0.096376 0.521475 0.023634 0.071895
9 0.226103 0.377684 0.033088 0.042017
1 0.221376 0.359010 0.011029 0.045752
9 0.819065 0.291783 0.038340 0.045752
1 0.831145 0.285247 0.016282 0.051354
9 0.689863 0.180672 0.027836 0.047619
1 0.699842 0.173203 0.018382 0.055089
6 0.099002 0.329132 0.039391 0.045752
1 0.101628 0.316060 0.013130 0.045752
2 0.712447 0.154062 0.021534 0.052288
9 0.757090 0.743697 0.038340 0.056956
1 0.769695 0.728758 0.021534 0.071895
9 0.700368 0.079832 0.027836 0.028945
0 0.701418 0.063025 0.008929 0.043884
2 0.788078 0.116246 0.033088 0.030812
1 0.688288 0.034080 0.007878 0.030812
3 0.021796 0.239029 0.043592 0.089636