4 0.516544 0.326331 0.068803 0.055089
3 0.407563 0.424837 0.051471 0.082166
3 0.444065 0.382353 0.040441 0.062558
3 0.525998 0.291317 0.055147 0.037348
3 0.216649 0.607376 0.145483 0.098039
3 0.266282 0.206349 0.023109 0.035481
4 0.534664 0.277311 0.047269 0.042951
3 0.544380 0.277778 0.043592 0.032680
3 0.247899 0.480859 0.108193 0.072829
3 0.268908 0.436041 0.093487 0.059757
3 0.275473 0.405696 0.091912 0.049486
3 0.302258 0.385154 0.079307 0.055089
3 0.327731 0.353408 0.068277 0.043884
3 0.337973 0.356676 0.059349 0.048553
3 0.363183 0.335668 0.055147 0.047619
3 0.366334 0.323996 0.057248 0.054155
3 0.382878 0.311858 0.043067 0.035481
3 0.418067 0.302988 0.052521 0.040149
0 0.785977 0.376751 0.012080 0.055089
0 0.689863 0.535948 0.017332 0.076564
0 0.741334 0.690009 0.025735 0.102708
0 0.455095 0.605042 0.020483 0.082166
3 0.320116 0.169468 0.016282 0.025210
3 0.040704 0.352941 0.059349 0.059757
3 0.092700 0.315593 0.054097 0.065359
3 0.112132 0.252568 0.027836 0.043884
3 0.059611 0.251634 0.027836 0.038282
3 0.307773 0.176937 0.021008 0.027077
9 0.291229 0.200747 0.008929 0.029879
3 0.184611 0.291783 0.039391 0.045752
0 0.101103 0.478525 0.015231 0.077498
0 0.077994 0.476657 0.018382 0.077498
0 0.084559 0.466853 0.015756 0.065359
3 0.119748 0.683473 0.173319 0.179272
0 0.652048 0.284314 0.013130 0.040149
0 0.665179 0.330065 0.014181 0.045752
0 0.681460 0.282446 0.008929 0.036415
0 0.700105 0.291317 0.005252 0.037348
0 0.699317 0.288982 0.007878 0.042017
0 0.722164 0.287582 0.007353 0.041083
0 0.734769 0.288049 0.008403 0.040149
0 0.631828 0.295051 0.011555 0.033613
0 0.412290 0.369748 0.013655 0.044818
3 0.231618 0.218487 0.022059 0.028011
0 0.825630 0.413632 0.010504 0.052288
9 0.180672 0.247432 0.014706 0.033613
3 0.827731 0.932306 0.143908 0.131653
3 0.661765 0.875350 0.113445 0.247432
3 0.523109 0.856209 0.147059 0.239029
0 0.547269 0.841737 0.037815 0.103641
3 0.401786 0.807190 0.087185 0.198880
3 0.262605 0.825397 0.135504 0.214753
5 0.975053 0.644725 0.047794 0.142857
0 0.922532 0.647059 0.018382 0.087768
0 0.571954 0.796452 0.017857 0.087768
0 0.471639 0.802521 0.024160 0.116713
3 0.136292 0.773576 0.157038 0.189542
3 0.748424 0.649860 0.148109 0.104575
3 0.582983 0.625117 0.134454 0.105509
9 0.316176 0.612045 0.017857 0.070028
3 0.568540 0.566760 0.136029 0.080299
3 0.875788 0.517274 0.108718 0.074697
3 0.659926 0.518674 0.109769 0.083100
3 0.511555 0.540149 0.106092 0.092437
3 0.484244 0.507937 0.106092 0.070962
3 0.474527 0.464052 0.101366 0.069094
3 0.082983 0.372549 0.057773 0.069094
0 0.726366 0.504202 0.017857 0.072829
3 0.601366 0.488329 0.099790 0.082166
3 0.842962 0.484127 0.112395 0.073763
3 0.580357 0.464986 0.090336 0.057890
3 0.808298 0.451447 0.109244 0.066293
3 0.775473 0.415966 0.078256 0.055089
3 0.757090 0.401961 0.082458 0.051354
3 0.559611 0.428105 0.086660 0.064426
3 0.534401 0.400560 0.077206 0.056022
3 0.548582 0.414099 0.073004 0.049486
3 0.527048 0.362745 0.065651 0.045752
3 0.521008 0.347806 0.060924 0.034547