3 0.501838 0.565359 0.043592 0.109244
3 0.591124 0.625584 0.053046 0.126984
3 0.389443 0.770308 0.067752 0.184874
3 0.080095 0.662465 0.131828 0.099907
4 0.070641 0.559757 0.087710 0.137255
3 0.350840 0.316993 0.046218 0.068161
3 0.434349 0.274510 0.028361 0.063492
3 0.413078 0.186275 0.024685 0.051354
3 0.648372 0.217554 0.054097 0.052288
3 0.492910 0.339869 0.036239 0.069094
3 0.489496 0.217554 0.028361 0.052288
7 0.456408 0.137722 0.017857 0.045752
3 0.500263 0.058357 0.019433 0.036415
3 0.439863 0.115780 0.023634 0.044818
3 0.443277 0.091036 0.017857 0.040149
3 0.448792 0.056489 0.017332 0.036415
3 0.959034 0.164332 0.061975 0.050420
3 0.616071 0.173203 0.054622 0.040149
3 0.267069 0.180205 0.055147 0.050420
3 0.452994 0.037348 0.017332 0.028011
9 0.266544 0.864146 0.023634 0.068161
1 0.267069 0.827264 0.018382 0.059757
1 0.300945 0.565359 0.015756 0.053221
9 0.302521 0.590103 0.018908 0.061625
9 0.378151 0.256769 0.010504 0.031746
9 0.403624 0.366947 0.013130 0.041083
1 0.376050 0.237162 0.007353 0.026144
1 0.402836 0.343137 0.010504 0.032680
1 0.368697 0.266106 0.009454 0.029879
9 0.370011 0.279178 0.009979 0.031746
1 0.396796 0.274043 0.012080 0.030812
6 0.398109 0.286181 0.017857 0.047619
1 0.534139 0.128852 0.008403 0.028011
9 0.533876 0.140056 0.007878 0.026144
1 0.523634 0.179272 0.008403 0.031746
9 0.523109 0.185341 0.010504 0.032680
9 0.370536 0.227358 0.009979 0.027077
1 0.370798 0.213819 0.009454 0.022409
1 0.573529 0.309057 0.011555 0.035481
9 0.574055 0.323996 0.013655 0.033613
0 0.326681 0.291317 0.014706 0.048553
6 0.417017 0.104108 0.013655 0.027077
1 0.416229 0.096172 0.007878 0.022409
9 0.864496 0.161064 0.008403 0.027077
9 0.838498 0.152194 0.012080 0.029879
0 0.790966 0.130719 0.010504 0.029879
0 0.787553 0.140523 0.009979 0.028945
0 0.776786 0.131186 0.008403 0.032680
0 0.725578 0.153595 0.008929 0.032680
3 0.391282 0.042017 0.030462 0.029879
3 0.390494 0.026144 0.030987 0.031746
3 0.221901 0.283380 0.069853 0.062558
3 0.193540 0.237162 0.062500 0.048553
3 0.194328 0.211018 0.075630 0.056022
3 0.360819 0.121849 0.049370 0.036415
3 0.376838 0.081232 0.038340 0.035481
3 0.705357 0.189542 0.054622 0.046685
5 0.788078 0.183473 0.061450 0.055089
9 0.964286 0.183940 0.021008 0.022409
1 0.966912 0.178805 0.011555 0.028945
3 0.577994 0.110177 0.048845 0.041083
3 0.566964 0.098973 0.045693 0.035481
3 0.522847 0.834734 0.064601 0.184874
9 0.670956 0.828665 0.027836 0.088702
1 0.673057 0.809524 0.025735 0.085901
9 0.311450 0.459851 0.019958 0.049486
1 0.309611 0.446312 0.017332 0.050420
9 0.250000 0.246965 0.022059 0.023343
1 0.246849 0.235294 0.011555 0.031746
9 0.087973 0.516340 0.036239 0.048553
3 0.420956 0.016340 0.014181 0.032680
3 0.488445 0.119514 0.021008 0.037348