3 0.406801 0.775490 0.037132 0.068627
8 0.380331 0.932680 0.083456 0.134641
3 0.398897 0.856209 0.039706 0.074510
3 0.504596 0.731046 0.033456 0.066013
3 0.521875 0.964379 0.046691 0.069935
3 0.564706 0.809477 0.041912 0.081699
3 0.606434 0.754575 0.035662 0.067320
8 0.659375 0.901634 0.112132 0.195425
3 0.905331 0.646405 0.066544 0.045752
3 0.811949 0.617647 0.061397 0.054902
3 0.722978 0.600654 0.051838 0.044444
3 0.830699 0.599673 0.062132 0.046405
3 0.639706 0.577451 0.045588 0.035948
3 0.581250 0.557843 0.050000 0.047712
8 0.687684 0.552288 0.123897 0.090196
3 0.504412 0.542484 0.050000 0.037908
3 0.477757 0.526144 0.042279 0.037908
3 0.443199 0.532680 0.048162 0.035294
3 0.412868 0.514706 0.043382 0.030719
0 0.115993 0.812092 0.015074 0.060784
0 0.140625 0.698366 0.011397 0.050327
3 0.356066 0.502941 0.043015 0.035948
5 0.972610 0.619281 0.054044 0.079085
3 0.573713 0.479739 0.029779 0.030065
3 0.479044 0.414052 0.016912 0.021569
3 0.012500 0.691503 0.025000 0.048366
4 0.050735 0.616013 0.068382 0.051634
3 0.064154 0.596405 0.069485 0.049020
3 0.084375 0.584314 0.047426 0.047059
3 0.157169 0.566340 0.034191 0.055556
3 0.015257 0.492810 0.030515 0.039216
3 0.003125 0.492157 0.006250 0.032680
3 0.086029 0.446732 0.033088 0.025490
3 0.151471 0.409804 0.033088 0.023529
3 0.010662 0.404902 0.021324 0.024183
8 0.041360 0.441503 0.082721 0.058170
3 0.075551 0.430719 0.026838 0.027451
3 0.077941 0.467647 0.038971 0.032026
3 0.117463 0.509804 0.046691 0.039216
0 0.173346 0.662745 0.012132 0.049673
0 0.161029 0.673203 0.010294 0.044444
0 0.151103 0.663399 0.013235 0.044444
3 0.345404 0.474183 0.023162 0.029412
3 0.461765 0.389216 0.013235 0.021569
3 0.458272 0.343791 0.010662 0.018301
3 0.497059 0.392484 0.015441 0.024183
3 0.332904 0.458170 0.017279 0.030065
3 0.313787 0.450327 0.016544 0.028758
3 0.367096 0.427124 0.017279 0.026797
4 0.320772 0.418627 0.015074 0.032026
3 0.346691 0.412418 0.016176 0.024837
3 0.327941 0.404902 0.014706 0.024183
3 0.411029 0.415033 0.015441 0.024837
3 0.388419 0.414379 0.013603 0.026144
3 0.488787 0.439869 0.019485 0.027451
9 0.242831 0.551307 0.009191 0.024183
9 0.215809 0.524837 0.009559 0.018301
0 0.589522 0.661438 0.011397 0.043137
0 0.618382 0.672222 0.010294 0.035948
0 0.621507 0.668954 0.010662 0.038562
0 0.643750 0.664706 0.011029 0.037908
0 0.634375 0.693791 0.010662 0.042484
9 0.624449 0.612092 0.017279 0.020261
1 0.622978 0.600000 0.011397 0.027451
9 0.604228 0.623529 0.011397 0.022222
1 0.604596 0.611111 0.009926 0.022222
9 0.596324 0.637255 0.022059 0.027451
1 0.597978 0.627451 0.011397 0.030065
0 0.959007 0.980719 0.016544 0.037255
0 0.988787 0.989216 0.014338 0.020261
1 0.934007 0.943791 0.016544 0.065359
2 0.934191 0.963725 0.024265 0.054248
0 0.970037 0.958824 0.015074 0.056209
0 0.975919 0.953268 0.009926 0.049020
0 0.981066 0.913399 0.018015 0.059477
0 0.956618 0.867320 0.013235 0.054902
0 0.957169 0.846078 0.009191 0.046405
0 0.976287 0.810131 0.012868 0.052941
0 0.982537 0.806209 0.012132 0.054248
3 0.442831 0.336275 0.011397 0.017647
1 0.750735 0.955882 0.016912 0.068627
1 0.794669 0.949346 0.016544 0.056863
1 0.774816 0.976144 0.018015 0.035948
1 0.799816 0.925817 0.014338 0.043791
1 0.778860 0.960458 0.013603 0.054248
1 0.735846 0.882026 0.015809 0.050327
1 0.722610 0.840196 0.014338 0.047712
1 0.772978 0.881699 0.015074 0.049673
1 0.745221 0.849673 0.013235 0.041830
1 0.761581 0.903922 0.019485 0.050980
0 0.882353 0.910784 0.016176 0.059477
0 0.868566 0.784641 0.012868 0.052941
0 0.888419 0.778105 0.010662 0.050327
0 0.880699 0.783987 0.010662 0.046405
1 0.934191 0.819608 0.016176 0.050980
1 0.789890 0.878105 0.015809 0.051634
1 0.767831 0.840196 0.015809 0.046405
1 0.723346 0.755882 0.012132 0.037255
1 0.718934 0.805556 0.012132 0.039869
1 0.718566 0.780719 0.012868 0.042484
1 0.742096 0.801634 0.015809 0.035948
1 0.696324 0.771242 0.011765 0.047059
1 0.705331 0.855229 0.009926 0.050327
1 0.696507 0.841503 0.012868 0.051634
0 0.847978 0.867647 0.013603 0.056863
0 0.929596 0.743791 0.018015 0.041830
2 0.850184 0.964706 0.029044 0.031373
9 0.842463 0.929739 0.029779 0.050327
3 0.517279 0.832680 0.034559 0.078431
3 0.588787 0.972222 0.052574 0.054248
3 0.756066 0.543464 0.049632 0.035948
3 0.497978 0.382680 0.015074 0.017647
3 0.493199 0.370261 0.012868 0.020261
3 0.459559 0.953268 0.045588 0.083007
3 0.572426 0.682026 0.038235 0.054248
3 0.460294 0.803922 0.034559 0.070588
3 0.525000 0.665033 0.033824 0.050327
3 0.458088 0.692157 0.030147 0.060131
3 0.475919 0.348693 0.012132 0.017647
3 0.468566 0.334314 0.013603 0.015033
3 0.450919 0.310784 0.009191 0.015033