3 0.042039 0.937831 0.071429 0.121693
3 0.140253 0.907407 0.081101 0.133598
3 0.214472 0.850529 0.079985 0.116402
3 0.287388 0.818122 0.076265 0.107143
3 0.332961 0.749008 0.075149 0.095899
3 0.287388 0.957672 0.102307 0.082011
5 0.401414 0.945106 0.125000 0.108466
4 0.437128 0.875331 0.102679 0.130291
3 0.213914 0.588624 0.039435 0.060847
3 0.655692 0.491733 0.064360 0.050926
3 0.571057 0.502976 0.078125 0.058862
3 0.038132 0.388889 0.047991 0.034392
3 0.633929 0.437169 0.061012 0.044974
3 0.715030 0.416667 0.060268 0.043651
3 0.471912 0.457011 0.059152 0.043651
3 0.541481 0.433862 0.056920 0.043651
3 0.318266 0.469907 0.064360 0.042989
3 0.317150 0.452712 0.061384 0.040344
3 0.112165 0.416005 0.056920 0.044974
3 0.158110 0.494709 0.075893 0.050265
3 0.114955 0.474537 0.066964 0.052249
3 0.011905 0.365410 0.023810 0.035053
3 0.332961 0.402447 0.057292 0.037698
3 0.407180 0.399802 0.053199 0.033730
8 0.303757 0.418651 0.132812 0.091270
3 0.025298 0.502315 0.050595 0.045635
3 0.094122 0.438492 0.055060 0.038360
3 0.213542 0.413690 0.052083 0.042989
3 0.476004 0.394841 0.046503 0.039683
3 0.572731 0.384921 0.053199 0.039683
3 0.476935 0.420635 0.049851 0.038360
3 0.680432 0.355820 0.052083 0.034392
3 0.654948 0.378968 0.047247 0.034392
3 0.728237 0.351521 0.045015 0.032407
0 0.057664 0.660714 0.021577 0.060847
0 0.121652 0.563823 0.013393 0.040344
2 0.616443 0.874669 0.037202 0.069444
0 0.615327 0.857804 0.022321 0.064815
9 0.630022 0.856481 0.043527 0.066138
1 0.629650 0.844907 0.022693 0.073413
9 0.639509 0.774802 0.030506 0.058862
0 0.707403 0.707011 0.015997 0.066138
0 0.712240 0.755291 0.018229 0.068783
0 0.668341 0.845569 0.021205 0.069444
0 0.716146 0.670966 0.015625 0.068122
0 0.724888 0.655423 0.016741 0.066138
6 0.708333 0.850529 0.049107 0.054233
2 0.756138 0.868056 0.029390 0.066799
9 0.777344 0.879630 0.026414 0.097884
0 0.805990 0.771825 0.029390 0.075397
0 0.851004 0.752315 0.027158 0.066799
1 0.874814 0.748347 0.021205 0.046958
1 0.861235 0.735119 0.019345 0.040344
9 0.810082 0.901786 0.047247 0.095899
2 0.835565 0.823082 0.046131 0.066799
1 0.835379 0.809524 0.030134 0.071429
0 0.925781 0.739087 0.023438 0.072090
0 0.701265 0.568783 0.011905 0.056878
0 0.692894 0.566468 0.011533 0.050926
0 0.700893 0.627315 0.016369 0.056217
0 0.774368 0.704696 0.014509 0.061508
0 0.708519 0.686839 0.014509 0.061508
0 0.716704 0.682870 0.014509 0.064153
0 0.839472 0.966270 0.020461 0.066138
0 0.709635 0.508929 0.012277 0.049603
0 0.599888 0.534061 0.011533 0.049603
0 0.762835 0.602844 0.015997 0.068122
2 0.515067 0.857474 0.044271 0.053571
2 0.665737 0.811839 0.026414 0.050926
2 0.681548 0.823082 0.029018 0.042989