0 0.924851 0.214286 0.016369 0.068783
0 0.959077 0.292328 0.025298 0.095238
0 0.415923 0.166005 0.013393 0.062169
0 0.354539 0.158730 0.017113 0.068783
0 0.425223 0.183201 0.014137 0.051587
0 0.186012 0.110450 0.016369 0.048942
0 0.906994 0.269841 0.025298 0.063492
1 0.558408 0.017196 0.014137 0.026455
2 0.559896 0.029762 0.027530 0.025132
0 0.539807 0.430556 0.027530 0.146825
0 0.776414 0.357143 0.033482 0.124339
0 0.668527 0.181217 0.017113 0.068783
0 0.656250 0.452381 0.031250 0.164021
0 0.356771 0.454365 0.030506 0.144180
0 0.444196 0.431878 0.035714 0.144180
0 0.230283 0.417328 0.031994 0.138889
0 0.321057 0.408069 0.026042 0.141534
0 0.467262 0.423280 0.023810 0.142857
0 0.337054 0.429894 0.022321 0.150794
0 0.396205 0.380952 0.031994 0.185185
0 0.427083 0.410714 0.025298 0.146825
0 0.183408 0.365741 0.026042 0.125661
0 0.134301 0.361772 0.027530 0.128307
0 0.407366 0.300265 0.017113 0.100529
0 0.551711 0.207011 0.018601 0.085979
0 0.942336 0.274471 0.029018 0.115079
0 0.418527 0.289683 0.023065 0.103175
1 0.788690 0.274471 0.020833 0.085979
0 0.812500 0.272487 0.025298 0.082011
0 0.585565 0.177249 0.011905 0.044974
1 0.960938 0.931217 0.061756 0.134921
1 0.540551 0.326720 0.024554 0.063492
0 0.521205 0.295635 0.021577 0.078042
0 0.506324 0.162698 0.015625 0.071429
1 0.128348 0.335317 0.018601 0.041005
1 0.096354 0.317460 0.031994 0.058201
2 0.432664 0.349868 0.036458 0.075397
0 0.660714 0.140873 0.014881 0.056878
1 0.177083 0.196429 0.010417 0.027778
0 0.190104 0.133598 0.017113 0.047619
0 0.782366 0.185185 0.018601 0.052910
0 0.464286 0.119709 0.013393 0.038360
0 0.402902 0.096561 0.009673 0.044974
1 0.139137 0.115741 0.014881 0.030423
1 0.116815 0.122354 0.014881 0.030423
0 0.263765 0.113095 0.012649 0.046296
0 0.907366 0.210979 0.018601 0.083333
0 0.988839 0.277778 0.020833 0.113757
0 0.956101 0.218915 0.022321 0.070106
0 0.555432 0.104497 0.012649 0.037037
0 0.558408 0.085317 0.011161 0.033069
1 0.906622 0.189815 0.020089 0.038360
1 0.940848 0.192460 0.020089 0.033069
1 0.926711 0.191799 0.018601 0.034392