4 0.538078 0.291783 0.075105 0.053221
3 0.409139 0.414566 0.059874 0.102708
3 0.457458 0.357610 0.043067 0.070962
3 0.533613 0.260037 0.056723 0.038282
3 0.165966 0.695612 0.192227 0.136321
3 0.341387 0.079365 0.015756 0.022409
4 0.549370 0.243697 0.049370 0.046685
3 0.564863 0.231559 0.049895 0.033613
3 0.218487 0.500934 0.132353 0.090570
3 0.243435 0.432773 0.110819 0.075630
3 0.259191 0.396825 0.106618 0.057890
3 0.289916 0.364613 0.094538 0.066293
3 0.315126 0.340336 0.071429 0.051354
3 0.331408 0.316527 0.066176 0.061625
3 0.350578 0.304855 0.065651 0.055089
3 0.366334 0.281513 0.067752 0.060691
3 0.389968 0.273109 0.042542 0.043884
3 0.424370 0.246499 0.059874 0.041083
0 0.818540 0.338469 0.012080 0.055089
0 0.792279 0.468254 0.021534 0.077498
0 0.808824 0.507003 0.021008 0.076564
0 0.773897 0.482726 0.020483 0.087768
0 0.504202 0.849673 0.033613 0.132586
0 0.470326 0.971522 0.034139 0.053221
3 0.370011 0.063959 0.014181 0.019608
3 0.007353 0.318861 0.014706 0.073763
3 0.054884 0.272176 0.065651 0.077498
3 0.087710 0.187208 0.027311 0.043884
3 0.088761 0.216153 0.052521 0.049486
3 0.101628 0.114846 0.018382 0.024276
3 0.354254 0.065826 0.015231 0.021475
9 0.343487 0.084500 0.008403 0.027077
3 0.299632 0.119981 0.021534 0.030812
3 0.070641 0.811391 0.141282 0.218487
0 0.664653 0.238562 0.013130 0.040149
0 0.700893 0.334734 0.014181 0.045752
0 0.676208 0.222689 0.008929 0.036415
0 0.681197 0.232493 0.006303 0.035481
0 0.677258 0.239496 0.007878 0.042017
0 0.709034 0.253968 0.007353 0.041083
0 0.720063 0.253968 0.011555 0.039216
0 0.644958 0.244631 0.011555 0.033613
0 0.674895 0.240896 0.009454 0.041083
0 0.486870 0.311391 0.013655 0.049486
3 0.121061 0.226424 0.042542 0.055089
0 0.940389 0.425303 0.015231 0.045752
0 0.961397 0.433240 0.012080 0.054155
9 0.069590 0.251167 0.020483 0.054155
3 0.399947 0.943044 0.110819 0.108310
3 0.212973 0.954248 0.169643 0.087768
3 0.071954 0.917367 0.143908 0.163399
3 0.858981 0.792250 0.194853 0.144725
3 0.636292 0.732960 0.173845 0.140056
9 0.292805 0.702148 0.023634 0.097106
3 0.611870 0.641923 0.172269 0.114846
3 0.958771 0.555089 0.080357 0.098039
3 0.722164 0.567694 0.131303 0.112045
3 0.541492 0.591036 0.132353 0.117647
3 0.499212 0.538749 0.129727 0.098973
3 0.493960 0.474790 0.121324 0.090570
3 0.263130 0.135854 0.025210 0.034547
0 0.760504 0.437442 0.017857 0.071895
3 0.648897 0.511204 0.123424 0.116713
3 0.928834 0.497199 0.129727 0.088702
3 0.623950 0.482726 0.112395 0.074697
3 0.879727 0.457983 0.127101 0.084967
3 0.845063 0.426237 0.092437 0.070028
3 0.822479 0.401027 0.093487 0.062558
3 0.596639 0.437442 0.100840 0.084967
3 0.557511 0.377218 0.091912 0.054155
3 0.578256 0.404295 0.086134 0.056022
3 0.550945 0.345472 0.078782 0.059757
3 0.533613 0.313725 0.074580 0.037348