3 0.630882 0.375817 0.013235 0.030065
3 0.617647 0.351634 0.017647 0.015686
3 0.372059 0.354248 0.019118 0.020915
5 0.021691 0.917647 0.043382 0.159477
3 0.169853 0.716993 0.088235 0.069281
3 0.458456 0.959477 0.052206 0.078431
3 0.399632 0.726797 0.038971 0.083660
3 0.495956 0.541176 0.025735 0.052288
3 0.480882 0.446405 0.019118 0.037908
3 0.185294 0.597386 0.067647 0.049673
3 0.205147 0.522876 0.042647 0.044444
3 0.195956 0.660784 0.066912 0.064052
4 0.363971 0.500000 0.033824 0.056209
4 0.380147 0.466667 0.025000 0.047059
5 0.694485 0.534641 0.030147 0.070588
3 0.919853 0.773203 0.094118 0.071895
3 0.834559 0.661438 0.076471 0.057516
3 0.902574 0.737255 0.078676 0.060131
3 0.811397 0.639216 0.069853 0.060131
3 0.798897 0.601961 0.066912 0.048366
3 0.963603 0.903268 0.069853 0.067974
6 0.845588 0.777778 0.058824 0.049673
6 0.099265 0.668627 0.064706 0.064052
3 0.654412 0.435948 0.033824 0.035294
3 0.642279 0.428105 0.031618 0.032680
3 0.651838 0.414379 0.036029 0.031373
3 0.650000 0.397386 0.035294 0.031373
3 0.698162 0.452288 0.046324 0.036601
5 0.742647 0.526797 0.058824 0.062745
3 0.407721 0.408497 0.018382 0.032680
3 0.418015 0.384967 0.019853 0.040523
3 0.347426 0.357516 0.033088 0.022222
7 0.398162 0.430065 0.018382 0.036601
1 0.291176 0.771895 0.016176 0.053595
3 0.634191 0.386275 0.013971 0.024837
0 0.145221 0.664052 0.012500 0.044444
0 0.140074 0.683660 0.011029 0.044444
0 0.160294 0.662745 0.011765 0.049673
9 0.298162 0.929412 0.021324 0.065359
9 0.454779 0.360131 0.009559 0.022222
2 0.603309 0.383007 0.008088 0.026144