3 0.073897 0.874510 0.105147 0.083660
3 0.392647 0.937908 0.051471 0.121569
3 0.434191 0.742484 0.033088 0.081046
3 0.754779 0.632680 0.062500 0.047059
3 0.103676 0.820261 0.100000 0.069281
4 0.149265 0.709150 0.076471 0.066667
1 0.746324 0.764706 0.013235 0.041830
3 0.969853 0.926144 0.058824 0.064052
4 0.442279 0.532026 0.022794 0.057516
3 0.451471 0.437908 0.017647 0.033987
4 0.409926 0.392810 0.031618 0.030065
3 0.824632 0.695425 0.063971 0.054902
3 0.219118 0.628758 0.060294 0.047059
3 0.344118 0.394771 0.032353 0.028758
0 0.208088 0.647059 0.013235 0.052288
0 0.179044 0.638562 0.012500 0.053595
1 0.082721 0.607190 0.012500 0.030065
9 0.951103 0.862092 0.036029 0.048366
9 0.433456 0.403922 0.012500 0.018301
9 0.398897 0.381699 0.009559 0.018301
0 0.666176 0.492810 0.010294 0.028758
3 0.226471 0.391503 0.032353 0.027451
3 0.273529 0.390850 0.032353 0.026144
3 0.384926 0.337908 0.015441 0.030065
3 0.410294 0.328758 0.011765 0.019608
3 0.544485 0.318954 0.012500 0.018301
3 0.656985 0.387582 0.018382 0.030065
3 0.605882 0.352941 0.014706 0.023529
3 0.235662 0.603922 0.072794 0.036601
3 0.241544 0.583007 0.061029 0.036601
3 0.253676 0.559477 0.060294 0.039216
3 0.244485 0.542484 0.037500 0.031373
3 0.267279 0.504575 0.055147 0.033987
3 0.270588 0.524837 0.047059 0.032680
3 0.304412 0.500654 0.038235 0.031373
3 0.299265 0.473856 0.039706 0.024837
3 0.288971 0.469935 0.025000 0.027451
3 0.297794 0.454902 0.030882 0.018301
3 0.307721 0.450327 0.031618 0.019608
3 0.318015 0.439869 0.024265 0.019608
3 0.320588 0.435294 0.025000 0.023529
3 0.315074 0.428105 0.025735 0.024837
3 0.189706 0.480392 0.042647 0.032680
3 0.170588 0.473203 0.029412 0.020915
3 0.245588 0.433987 0.022059 0.039216
3 0.229044 0.425490 0.018382 0.030065
3 0.209191 0.425490 0.022794 0.030065
3 0.187500 0.423529 0.019118 0.026144
3 0.275368 0.415033 0.038971 0.037908
3 0.187132 0.383007 0.024265 0.020915
3 0.165074 0.418954 0.024265 0.035294
3 0.713235 0.530065 0.041176 0.035294
3 0.579044 0.343137 0.015441 0.019608
3 0.636397 0.387582 0.012500 0.019608
3 0.561029 0.303268 0.008824 0.020915
0 0.321324 0.594771 0.010294 0.033987
0 0.161765 0.567320 0.010294 0.036601
0 0.204779 0.510458 0.009559 0.032680
0 0.519118 0.367320 0.010294 0.031373
0 0.613235 0.387582 0.010294 0.037908
3 0.158088 0.748366 0.088235 0.066667
3 0.389338 0.611111 0.030147 0.058824
3 0.515809 0.304575 0.011029 0.018301