9 0.918155 0.679894 0.074405 0.156085
0 0.545015 0.670635 0.042411 0.219577
0 0.618304 0.639550 0.038690 0.194444
1 0.680060 0.666005 0.020833 0.101852
1 0.663318 0.641534 0.030506 0.132275
0 0.671503 0.615741 0.042411 0.170635
1 0.917411 0.631614 0.061012 0.144180
1 0.908110 0.625661 0.034970 0.119048
0 0.924479 0.513889 0.033482 0.141534
0 0.886905 0.511905 0.040179 0.166667
1 0.497768 0.443783 0.029762 0.093915
9 0.511533 0.414683 0.031994 0.062169
0 0.631324 0.329365 0.023065 0.113757
0 0.449033 0.332011 0.023065 0.074074
1 0.428943 0.297619 0.017113 0.042328
0 0.512277 0.283069 0.014137 0.084656
0 0.562872 0.275794 0.015625 0.083333
0 0.553943 0.283730 0.012649 0.051587