3 0.452390 0.678431 0.038603 0.070588
3 0.477941 0.937582 0.053676 0.119608
3 0.525184 0.719608 0.043750 0.083660
3 0.665625 0.829412 0.051838 0.098039
8 0.650000 0.898366 0.133088 0.201961
3 0.935110 0.699673 0.090074 0.083007
3 0.749449 0.657843 0.081985 0.068627
3 0.829228 0.652614 0.080515 0.060784
3 0.616360 0.619281 0.080515 0.059477
3 0.666912 0.611111 0.071324 0.060131
3 0.521691 0.566667 0.063235 0.061438
3 0.577390 0.475490 0.035662 0.037255
3 0.410478 0.271242 0.011397 0.016993
3 0.043934 0.376797 0.041544 0.029412
3 0.051103 0.518954 0.038971 0.048366
3 0.399816 0.250327 0.012132 0.018301
3 0.460846 0.335948 0.017279 0.023529
4 0.106434 0.789869 0.072426 0.136601
3 0.197059 0.677124 0.046324 0.086275
3 0.145588 0.644444 0.047794 0.081046
3 0.252022 0.515033 0.028309 0.049673
3 0.367831 0.382353 0.017279 0.028758
3 0.291544 0.449346 0.025000 0.039869
3 0.239522 0.434314 0.023897 0.038562
3 0.276471 0.408824 0.023529 0.034641
3 0.305699 0.414052 0.020956 0.035948
3 0.339154 0.382353 0.019485 0.032680
3 0.288787 0.369608 0.018750 0.026797
3 0.267647 0.365033 0.019118 0.033333
3 0.425000 0.291503 0.013971 0.024837
9 0.016728 0.799673 0.022426 0.041176
3 0.028125 0.637908 0.016544 0.043137
9 0.042279 0.598366 0.015441 0.041176
9 0.074632 0.637255 0.015441 0.044444
9 0.084191 0.571242 0.012500 0.039216
1 0.015809 0.775817 0.018382 0.048366
9 0.568199 0.640523 0.020956 0.037908
1 0.569669 0.623856 0.011397 0.030719
2 0.609007 0.650327 0.014338 0.028758
1 0.606250 0.630065 0.012500 0.033987
2 0.596324 0.660784 0.022059 0.033987
1 0.598162 0.640523 0.011765 0.032680
0 0.647059 0.554248 0.011029 0.043137
1 0.803860 0.930392 0.018015 0.064706
1 0.784743 0.890523 0.016544 0.058170
1 0.807904 0.864379 0.015809 0.051634
1 0.815257 0.978758 0.019485 0.041176
0 0.982169 0.900327 0.017279 0.069935
1 0.821875 0.948693 0.024632 0.064706
1 0.836949 0.914052 0.020221 0.056863
1 0.765625 0.834314 0.012132 0.039869
1 0.771875 0.793137 0.012868 0.042484
1 0.790074 0.771569 0.016912 0.042484
1 0.703125 0.774837 0.014338 0.047712
0 0.895772 0.931046 0.012868 0.055556
1 0.729596 0.787908 0.015809 0.049020
0 0.756066 0.857190 0.015809 0.062092
0 0.696507 0.885294 0.012868 0.073856
0 0.678860 0.839542 0.018750 0.066013
1 0.640257 0.713399 0.014338 0.049020
1 0.632904 0.679412 0.014338 0.046405
0 0.722978 0.851307 0.015809 0.058170
0 0.835846 0.871569 0.013603 0.064706
0 0.864154 0.904248 0.015809 0.075163
0 0.911213 0.872222 0.017279 0.068627
1 0.679228 0.744771 0.015809 0.049020
1 0.681434 0.716667 0.012132 0.039869
0 0.661581 0.713399 0.013603 0.043791
1 0.659007 0.696405 0.014338 0.043791
1 0.634743 0.652614 0.012132 0.046405
1 0.650919 0.658497 0.012132 0.039869
1 0.663051 0.670915 0.012132 0.043791
1 0.675919 0.669608 0.015074 0.047712
1 0.709007 0.678758 0.016544 0.046405
1 0.749081 0.764052 0.014338 0.057516
0 0.916728 0.933660 0.015074 0.073856
0 0.930699 0.827124 0.015074 0.062092
0 0.915257 0.808824 0.016544 0.062092
3 0.474816 0.802941 0.040809 0.088235
3 0.535110 0.824183 0.048897 0.107190
3 0.567831 0.498693 0.057721 0.044444
3 0.479596 0.338562 0.015074 0.020915
3 0.472610 0.321895 0.012868 0.020261
3 0.406066 0.800654 0.046691 0.107190
3 0.513051 0.622876 0.038603 0.060131
3 0.400000 0.670261 0.034559 0.066013
3 0.653676 0.536275 0.056618 0.045098
3 0.456066 0.592484 0.034926 0.055556
3 0.414706 0.560784 0.030147 0.057516
3 0.452390 0.296405 0.012132 0.017647
3 0.443566 0.278105 0.013603 0.015033
3 0.427022 0.251961 0.011397 0.015033