0 0.370908 0.084656 0.006696 0.018519
0 0.331473 0.143519 0.008185 0.025132
0 0.062500 0.052910 0.010417 0.021164
9 0.488839 0.099868 0.010417 0.022487
3 0.530134 0.428571 0.023065 0.055556
3 0.517485 0.287698 0.023065 0.046296
3 0.421503 0.026455 0.014137 0.021164
3 0.812500 0.177910 0.038690 0.025132
3 0.796131 0.202381 0.038690 0.034392
3 0.832961 0.199074 0.030506 0.033069
5 0.719122 0.833333 0.055804 0.124339
3 0.511905 0.699735 0.034226 0.100529
3 0.499256 0.502646 0.023810 0.063492
3 0.481027 0.254630 0.021577 0.043651
3 0.338914 0.831349 0.043899 0.136243
6 0.134673 0.667328 0.026786 0.059524