3 0.328309 0.933333 0.056618 0.128105
3 0.124632 0.774510 0.097794 0.066667
4 0.424265 0.883660 0.045588 0.141176
3 0.405515 0.715686 0.037500 0.092810
3 0.441176 0.607190 0.026471 0.058824
3 0.031618 0.708497 0.052941 0.075817
3 0.731250 0.587582 0.056618 0.040523
3 0.149265 0.736601 0.083824 0.056209
4 0.182353 0.646405 0.067647 0.058824
1 0.731985 0.722876 0.012500 0.036601
3 0.924632 0.818301 0.081618 0.062745
4 0.448529 0.462745 0.019118 0.044444
3 0.455882 0.388235 0.014706 0.028758
4 0.397426 0.380392 0.030147 0.028758
3 0.794118 0.637255 0.061765 0.045752
3 0.243015 0.582353 0.053676 0.043137
3 0.353676 0.383007 0.027941 0.026144
0 0.234559 0.600654 0.011765 0.043137
0 0.206618 0.590850 0.013235 0.044444
1 0.118750 0.561438 0.012500 0.030065
9 0.894853 0.771242 0.032353 0.041830
9 0.427574 0.390850 0.012500 0.018301
9 0.409191 0.363399 0.009559 0.018301
0 0.653309 0.471895 0.009559 0.028758
3 0.242647 0.375163 0.032353 0.026144
3 0.286765 0.373856 0.032353 0.026144
3 0.390074 0.329412 0.015441 0.028758
3 0.413971 0.320915 0.011765 0.019608
3 0.544485 0.315033 0.011029 0.018301
3 0.648529 0.374510 0.017647 0.022222
3 0.601471 0.345098 0.014706 0.023529
3 0.259191 0.562745 0.050735 0.037908
3 0.256618 0.546405 0.050000 0.036601
3 0.269118 0.528105 0.060294 0.039216
3 0.263235 0.509804 0.038235 0.031373
3 0.284926 0.486928 0.044853 0.032680
3 0.284926 0.484314 0.046324 0.030065
3 0.320588 0.473856 0.032353 0.032680
3 0.311029 0.447712 0.030882 0.024837
3 0.305147 0.446405 0.025000 0.027451
3 0.310294 0.433333 0.023529 0.019608
3 0.314338 0.430719 0.031618 0.019608
3 0.326838 0.418954 0.025735 0.019608
3 0.326103 0.412418 0.024265 0.022222
3 0.336397 0.408497 0.025735 0.024837
3 0.209559 0.454902 0.038235 0.028758
3 0.187868 0.451634 0.018382 0.022222
3 0.260662 0.415033 0.021324 0.032680
3 0.244118 0.409150 0.014706 0.026144
3 0.223897 0.407843 0.022794 0.026144
3 0.203309 0.409150 0.015441 0.026144
3 0.287868 0.396732 0.030147 0.035294
3 0.202574 0.369935 0.022794 0.020915
3 0.183456 0.403922 0.018382 0.036601
3 0.695956 0.496732 0.033088 0.036601
3 0.576103 0.333987 0.015441 0.019608
3 0.631250 0.375817 0.012500 0.019608
3 0.558824 0.295425 0.008824 0.020915
0 0.336765 0.550327 0.010294 0.033987
0 0.191176 0.525490 0.010294 0.036601
0 0.228309 0.477124 0.009559 0.026144
0 0.523529 0.356863 0.010294 0.031373
0 0.608456 0.377124 0.011029 0.037908
3 0.194485 0.679739 0.075735 0.057516
3 0.405882 0.516340 0.025000 0.044444
3 0.515074 0.305882 0.011029 0.018301