3 0.921503 0.753307 0.088542 0.078042
0 0.377232 0.051587 0.007440 0.015873
0 0.341890 0.097222 0.008185 0.025132
0 0.099702 0.019841 0.010417 0.021164
9 0.488095 0.102513 0.010417 0.022487
3 0.527530 0.412698 0.023810 0.055556
3 0.514881 0.270503 0.022321 0.048942
5 0.649554 0.556878 0.035714 0.095238
3 0.502604 0.675265 0.033482 0.099206
3 0.499628 0.503968 0.023065 0.063492
3 0.478423 0.263889 0.019345 0.038360
3 0.556920 0.914021 0.049851 0.153439
3 0.386533 0.347222 0.023065 0.059524
7 0.738839 0.819444 0.059524 0.059524
5 0.835938 0.808862 0.095982 0.083333
6 0.205729 0.458333 0.020089 0.043651