3 0.709821 0.913360 0.072917 0.165344
9 0.469494 0.035714 0.007440 0.023810
2 0.506324 0.129630 0.006696 0.021164
3 0.520833 0.780423 0.055060 0.169312
3 0.600818 0.781085 0.064732 0.175926
3 0.489211 0.474206 0.040923 0.109788
3 0.462798 0.250661 0.032738 0.080688
3 0.382068 0.248677 0.058780 0.058201
3 0.301711 0.346561 0.031994 0.092593
3 0.227307 0.695767 0.052827 0.156085
8 0.626488 0.526455 0.114583 0.370370
3 0.049851 0.275132 0.075893 0.055556
4 0.648065 0.179233 0.047619 0.048942
3 0.333333 0.177249 0.055060 0.044974
0 0.149926 0.408069 0.018601 0.038360
0 0.143601 0.386243 0.017857 0.039683
3 0.444196 0.058862 0.025298 0.048942
4 0.056176 0.147487 0.036458 0.059524
0 0.065476 0.239418 0.014881 0.031746
7 0.681176 0.113757 0.046875 0.044974
2 0.232143 0.439153 0.016369 0.050265
1 0.229911 0.419312 0.014881 0.039683
1 0.504836 0.113757 0.008185 0.023810
1 0.468378 0.023810 0.008185 0.023810
0 0.147321 0.187831 0.013393 0.031746
0 0.218378 0.093254 0.011161 0.035714