3 0.719494 0.602844 0.037946 0.029762
0 0.592262 0.714286 0.008185 0.039683
3 0.511719 0.832341 0.033110 0.065476
3 0.526042 0.964616 0.041667 0.068122
0 0.034412 0.873347 0.013765 0.053571
0 0.066592 0.820767 0.009673 0.046296
2 0.026042 0.782077 0.013393 0.033730
1 0.176339 0.728175 0.010417 0.037037
2 0.177083 0.738426 0.011161 0.031085
1 0.205357 0.798611 0.011905 0.035053
9 0.205543 0.812169 0.013765 0.035714
0 0.207031 0.798611 0.007812 0.042989
1 0.119420 0.975529 0.016369 0.046296
3 0.548549 0.607804 0.049479 0.038360
3 0.585379 0.587302 0.042039 0.026455
3 0.138207 0.607804 0.047991 0.027778
3 0.128906 0.598876 0.042783 0.027116
0 0.256138 0.670966 0.009301 0.033730
1 0.473028 0.661376 0.008557 0.031746
2 0.473772 0.672288 0.021205 0.019180
1 0.237351 0.668651 0.009673 0.031746
2 0.239025 0.679233 0.017485 0.023810
1 0.193266 0.680225 0.007812 0.025794
2 0.204799 0.676918 0.021205 0.020503
1 0.500930 0.649802 0.008557 0.025794
9 0.500186 0.660053 0.020461 0.018519
0 0.501302 0.705357 0.009301 0.039021
3 0.195685 0.603836 0.047619 0.021164
3 0.192522 0.577050 0.044271 0.025794
3 0.458891 0.612434 0.045759 0.031746
3 0.509487 0.594577 0.042783 0.035714
3 0.561384 0.571759 0.043899 0.024471
3 0.438058 0.588294 0.043527 0.036376
3 0.056734 0.530093 0.023438 0.025794
1 0.597284 0.713624 0.007812 0.026455
3 0.599888 0.726852 0.018229 0.017196
3 0.019159 0.577712 0.038318 0.033730
3 0.073847 0.560185 0.043527 0.026455
3 0.610119 0.506944 0.031994 0.019180
0 0.333519 0.520833 0.004836 0.020503
1 0.303571 0.566799 0.006696 0.025132
2 0.301897 0.577050 0.010045 0.012566
0 0.558036 0.754630 0.007440 0.038360
0 0.546317 0.727844 0.007068 0.042989
0 0.668713 0.722553 0.009301 0.032407
0 0.575707 0.711971 0.006324 0.035053
0 0.571057 0.704034 0.006696 0.035053
0 0.582961 0.699735 0.007440 0.035714
0 0.736607 0.547288 0.005952 0.024471
1 0.753906 0.606151 0.007812 0.020503
9 0.752418 0.624008 0.010789 0.019180
0 0.531064 0.717593 0.006324 0.035714
0 0.545201 0.695437 0.007068 0.032407
0 0.545573 0.722222 0.008557 0.038360
1 0.273251 0.698413 0.007068 0.031746
2 0.270833 0.712963 0.017857 0.018519
0 0.553013 0.708664 0.007068 0.031085
1 0.626302 0.627646 0.007068 0.026455
3 0.124442 0.793320 0.044271 0.065476
3 0.324963 0.600860 0.048735 0.031085
8 0.150670 0.637897 0.149554 0.078704
1 0.341704 0.670966 0.008557 0.029762
2 0.344494 0.679233 0.023810 0.019841
3 0.462426 0.552579 0.037202 0.025794
3 0.537760 0.527447 0.029390 0.020503
3 0.562314 0.540013 0.033854 0.025794
3 0.628162 0.526455 0.028646 0.018519
3 0.746094 0.515873 0.027158 0.018519
8 0.707775 0.573413 0.093378 0.066138
4 0.878348 0.566799 0.038690 0.035714
3 0.506696 0.540344 0.029762 0.023810
3 0.630208 0.535714 0.029762 0.021164
3 0.648251 0.541667 0.030134 0.023810
3 0.721912 0.532077 0.032366 0.025794
3 0.051153 0.629630 0.042039 0.031746
8 0.715960 0.510913 0.064360 0.039021
0 0.882812 0.746362 0.006696 0.040344
0 0.875558 0.693783 0.009301 0.037037
0 0.887463 0.695437 0.007812 0.041667
1 0.635045 0.625331 0.006696 0.032407
2 0.636719 0.632275 0.018229 0.018519
1 0.773438 0.612103 0.007440 0.024471
2 0.771391 0.618717 0.014509 0.019180
1 0.575521 0.918651 0.011161 0.043651
2 0.575149 0.921958 0.007440 0.058201
2 0.538876 0.660384 0.021205 0.023148
1 0.538132 0.653770 0.010789 0.032407
0 0.629650 0.871362 0.013765 0.037698
0 0.599144 0.718585 0.010045 0.039021
0 0.612537 0.732474 0.009301 0.040344
2 0.188058 0.687500 0.022693 0.023148
0 0.185454 0.675595 0.011533 0.033730
3 0.500930 0.752315 0.030878 0.050926
3 0.460007 0.907738 0.033854 0.072090
3 0.403460 0.924272 0.037574 0.078704
3 0.464286 0.828704 0.027530 0.055556
4 0.595796 0.647817 0.039807 0.045635
3 0.411086 0.842262 0.033482 0.065476
3 0.954985 0.958995 0.088542 0.079365
3 0.723772 0.941468 0.094866 0.070767
0 0.642671 0.824405 0.013021 0.054894
3 0.714100 0.890542 0.081473 0.052249
3 0.690848 0.835648 0.074405 0.058862
3 0.675967 0.805556 0.064732 0.047619
3 0.667783 0.778108 0.062500 0.041667
0 0.813430 0.962302 0.014509 0.051587
9 0.819382 0.980159 0.021949 0.034392
3 0.857143 0.810185 0.081845 0.050265
3 0.840402 0.784061 0.070685 0.050926
0 0.982329 0.893849 0.010789 0.053571
0 0.970796 0.894841 0.010789 0.048942
0 0.732515 0.727513 0.006696 0.042328
0 0.860119 0.742063 0.007440 0.035714
0 0.845238 0.743717 0.008929 0.040344
0 0.847656 0.736442 0.007068 0.036376
0 0.597656 0.817460 0.008557 0.037037
4 0.630394 0.692130 0.051711 0.041667
3 0.676525 0.672288 0.039807 0.041667
3 0.701265 0.666997 0.037202 0.039021
3 0.731771 0.658399 0.037202 0.037698
3 0.756138 0.656085 0.033854 0.042328
3 0.781808 0.651455 0.035342 0.039683
3 0.806920 0.650132 0.040179 0.042328
4 0.828125 0.647156 0.040179 0.041667
0 0.825707 0.687500 0.007068 0.035053
0 0.832589 0.690476 0.007440 0.034392
0 0.871652 0.641865 0.007440 0.036376
3 0.846168 0.557870 0.041295 0.028439
3 0.807106 0.606151 0.032366 0.032407
3 0.710193 0.640542 0.038690 0.027116
3 0.188802 0.574735 0.043527 0.025132
3 0.071615 0.581680 0.045015 0.031085
3 0.204985 0.554233 0.037946 0.027778
3 0.671503 0.513228 0.025298 0.017196
3 0.377790 0.549934 0.037574 0.020503
3 0.800595 0.541336 0.029018 0.016534
0 0.856027 0.656746 0.005952 0.034392
0 0.861979 0.657077 0.008185 0.031085
0 0.860305 0.639220 0.008557 0.029762
0 0.865885 0.636243 0.006324 0.031746
0 0.838356 0.617063 0.005580 0.025132
3 0.793341 0.580026 0.039062 0.027778