8 0.570378 0.917367 0.107143 0.163399
5 0.584559 0.698880 0.101891 0.159664
3 0.380252 0.201214 0.030462 0.045752
3 0.347426 0.144258 0.024685 0.034547
3 0.331933 0.178338 0.022059 0.031746
3 0.288078 0.097572 0.023634 0.025210
3 0.272321 0.072362 0.019433 0.030812
4 0.341912 0.088235 0.023109 0.034547
3 0.475840 0.514006 0.053571 0.090570
3 0.466124 0.676937 0.066702 0.126984
3 0.408876 0.406629 0.050945 0.079365
3 0.313813 0.295518 0.035189 0.058824
3 0.248687 0.007003 0.016282 0.014006
3 0.665179 0.575630 0.075105 0.090570
3 0.326155 0.053688 0.034664 0.023343
3 0.192752 0.101774 0.023109 0.052288
0 0.238445 0.746499 0.018908 0.075630
0 0.215599 0.739029 0.020483 0.075630
0 0.322742 0.629785 0.021534 0.066293
1 0.337185 0.624183 0.013655 0.034547
9 0.048057 0.716620 0.028887 0.073763
1 0.048319 0.709150 0.028361 0.055089
0 0.012605 0.776377 0.025210 0.073763
3 0.098214 0.639589 0.103992 0.085901
3 0.917805 0.207283 0.035189 0.037348
3 0.916754 0.178805 0.034139 0.032680
4 0.850578 0.168067 0.036239 0.033613
3 0.835084 0.162465 0.031513 0.035481
4 0.849265 0.144725 0.034664 0.033613
8 0.834034 0.139589 0.034664 0.036415
3 0.820641 0.158263 0.033088 0.028945
3 0.801471 0.147993 0.033613 0.032680
3 0.809349 0.140990 0.030462 0.035481
3 0.780987 0.142857 0.029412 0.028011
3 0.770746 0.135854 0.028887 0.027077
3 0.779937 0.121382 0.034664 0.029879
4 0.756303 0.103641 0.031513 0.031746
3 0.853466 0.108310 0.026261 0.024276
3 0.834296 0.103641 0.025735 0.026144
3 0.826155 0.094771 0.028361 0.027077
3 0.811187 0.093371 0.025735 0.028011
3 0.797532 0.087302 0.029937 0.030812
3 0.762868 0.072829 0.029937 0.026144
4 0.721376 0.058824 0.026786 0.028011