9 0.371061 0.545285 0.020483 0.050420
9 0.032826 0.640056 0.038340 0.053221
3 0.814076 0.765173 0.088235 0.116713
3 0.888130 0.738095 0.090336 0.111111
1 0.941439 0.962652 0.036239 0.050420
3 0.962185 0.623716 0.068277 0.070962
4 0.622899 0.454715 0.063025 0.070962
3 0.715599 0.438842 0.071954 0.059757
3 0.631040 0.430439 0.068803 0.059757
3 0.710609 0.407096 0.066176 0.050420
3 0.795693 0.415500 0.068277 0.056022
3 0.870011 0.403828 0.068803 0.055089
4 0.935662 0.382820 0.071954 0.061625
3 0.771534 0.390756 0.052521 0.049486
3 0.774422 0.348739 0.061450 0.043884
3 0.675420 0.323996 0.040966 0.050420
3 0.711660 0.325864 0.053571 0.044818
4 0.781250 0.303922 0.053046 0.049486
4 0.904149 0.288982 0.049895 0.049486
3 0.186712 0.166200 0.021534 0.033613
6 0.219013 0.614846 0.029412 0.075630
3 0.238445 0.551354 0.046218 0.083100
3 0.164653 0.532680 0.042542 0.096172
4 0.059874 0.351541 0.043067 0.070028
4 0.090074 0.313725 0.029937 0.067227
3 0.139706 0.399627 0.029412 0.063492
3 0.139181 0.314192 0.028361 0.053221
4 0.054884 0.307656 0.030987 0.066293
3 0.063550 0.246965 0.027311 0.042017
3 0.092437 0.219888 0.022059 0.038282
3 0.066176 0.220822 0.024160 0.038282
4 0.364758 0.313259 0.053046 0.055089
3 0.338761 0.302988 0.037815 0.043884
4 0.315651 0.288049 0.036765 0.045752
3 0.176208 0.111111 0.018382 0.029879
3 0.314863 0.211485 0.043592 0.032680
4 0.310137 0.196545 0.036239 0.036415
3 0.249737 0.175070 0.030987 0.032680
8 0.275998 0.161064 0.041492 0.077498
4 0.133666 0.024743 0.012080 0.017740
5 0.252626 0.101307 0.066176 0.060691
3 0.075893 0.172269 0.021534 0.038282
4 0.099790 0.163866 0.017857 0.040149
4 0.113708 0.138655 0.018382 0.032680
4 0.115021 0.112512 0.018908 0.036415
3 0.199317 0.399160 0.034139 0.062558
3 0.259716 0.749767 0.098214 0.110177
3 0.401786 0.774043 0.070378 0.123249
2 0.599790 0.908964 0.053571 0.099907
1 0.591124 0.877684 0.023634 0.070962
9 0.267857 0.429972 0.014706 0.036415
3 0.130252 0.267507 0.024160 0.045752
5 0.077468 0.115313 0.030987 0.071895
3 0.167279 0.218954 0.024685 0.049486
4 0.103992 0.097572 0.024160 0.030812
3 0.146271 0.141457 0.018382 0.032680
3 0.152574 0.026611 0.020483 0.021475
6 0.590074 0.387955 0.030987 0.047619
6 0.639181 0.376284 0.033613 0.039216
6 0.666754 0.369281 0.037290 0.049486
6 0.689863 0.356676 0.030987 0.042951
0 0.219275 0.196078 0.011029 0.037348
0 0.303571 0.351074 0.009454 0.037348
0 0.305410 0.343604 0.009979 0.037348
0 0.186450 0.853408 0.022059 0.078431
0 0.175683 0.854342 0.016282 0.072829
0 0.089811 0.278711 0.011555 0.042017
9 0.545431 0.449580 0.023634 0.042017
3 0.829044 0.380019 0.059349 0.044818
4 0.931985 0.349673 0.057248 0.055089
3 0.963761 0.286648 0.058824 0.042951
1 0.603992 0.584967 0.014706 0.043884
2 0.600578 0.608310 0.018382 0.042017
9 0.860819 0.444444 0.025210 0.039216
9 0.796744 0.665733 0.027311 0.059757
1 0.796481 0.658730 0.020483 0.060691
9 0.194590 0.140523 0.008929 0.025210
0 0.111607 0.321195 0.008929 0.039216
0 0.121586 0.109711 0.008929 0.027077
0 0.016544 0.791317 0.020483 0.071895
0 0.099002 0.363212 0.012080 0.044818
9 0.178571 0.137255 0.008403 0.026144
9 0.106355 0.716153 0.035189 0.054155
1 0.102941 0.713352 0.021008 0.057890
9 0.198267 0.123249 0.007878 0.026144
9 0.153361 0.159197 0.010504 0.030812
0 0.132090 0.108777 0.008929 0.027077
1 0.389443 0.401494 0.014181 0.033613
0 0.379464 0.454248 0.015231 0.049486
1 0.367384 0.535481 0.023634 0.040149
9 0.148897 0.662465 0.034139 0.077498
1 0.148372 0.654995 0.025735 0.064426