3 0.371838 0.906085 0.057664 0.124339
3 0.454055 0.902116 0.061384 0.121693
3 0.519159 0.876984 0.065848 0.113757
3 0.585193 0.874339 0.066964 0.109788
3 0.633371 0.821098 0.071801 0.099868
4 0.730469 0.963294 0.091146 0.073413
3 0.544085 0.636574 0.033110 0.057540
3 0.929688 0.639220 0.090774 0.058862
3 0.870350 0.571098 0.071057 0.050926
3 0.895089 0.550926 0.069940 0.046296
3 0.392671 0.470569 0.053199 0.032407
3 0.305432 0.447421 0.049851 0.035053
3 0.496280 0.448413 0.046131 0.033069
3 0.685082 0.528770 0.059152 0.041667
4 0.630022 0.532407 0.068824 0.060847
3 0.476004 0.517196 0.056920 0.043651
3 0.505952 0.501323 0.055060 0.038360
3 0.480469 0.484458 0.050967 0.037698
3 0.596912 0.498347 0.053943 0.035053
3 0.375186 0.502315 0.052455 0.045635
3 0.389881 0.457011 0.049107 0.038360
3 0.555990 0.461640 0.046503 0.038360
3 0.373140 0.485780 0.052827 0.042989
3 0.132626 0.445767 0.053943 0.038360
3 0.148624 0.433862 0.040551 0.033069
3 0.256696 0.487434 0.054315 0.043651
3 0.281064 0.471892 0.049479 0.037698
3 0.541295 0.477844 0.048363 0.036376
3 0.629650 0.467593 0.049479 0.039683
3 0.156064 0.480820 0.059896 0.044974
3 0.230841 0.451389 0.045015 0.037698
3 0.416667 0.426257 0.026042 0.029762
8 0.676525 0.473545 0.126116 0.076720
3 0.797619 0.492063 0.057292 0.038360
3 0.874814 0.483135 0.050223 0.035053
8 0.911086 0.514220 0.147321 0.090608
8 0.079799 0.517526 0.100074 0.127646
3 0.825707 0.510251 0.052455 0.042989
3 0.697545 0.475860 0.037946 0.037698
3 0.072731 0.431548 0.034598 0.031085
0 0.196801 0.696098 0.016369 0.062831
0 0.215960 0.689815 0.018229 0.054233
0 0.037760 0.776786 0.019717 0.064153
2 0.367001 0.674272 0.028646 0.029762
1 0.366443 0.660384 0.014881 0.048280
2 0.248698 0.552249 0.024926 0.026455
1 0.248140 0.536706 0.015625 0.032407
2 0.211496 0.530093 0.022693 0.021825
1 0.207961 0.517526 0.010417 0.031085