9 0.496061 0.849673 0.045693 0.085901
1 0.497374 0.831466 0.028361 0.060691
2 0.541229 0.640056 0.044643 0.055089
1 0.540966 0.625584 0.018908 0.070962
1 0.031775 0.681139 0.021534 0.047619
1 0.031250 0.584967 0.018382 0.070028
0 0.053309 0.661998 0.018382 0.070962
1 0.073004 0.464986 0.019958 0.076564
3 0.289128 0.462652 0.111870 0.083100
0 0.186712 0.894024 0.023634 0.099907
9 0.157826 0.908497 0.039391 0.095238
0 0.162027 0.890756 0.037290 0.087768
6 0.853204 0.528011 0.064601 0.053221
1 0.868697 0.519141 0.017857 0.052288
9 0.701681 0.506536 0.047269 0.042017
1 0.703519 0.496265 0.020483 0.049486
9 0.290179 0.392157 0.034139 0.042951
1 0.292542 0.375817 0.015756 0.047619
3 0.516282 0.139122 0.024160 0.039216
4 0.539128 0.477124 0.085609 0.108310
3 0.641544 0.424370 0.095063 0.077498
6 0.993435 0.858543 0.009979 0.071895
9 0.810924 0.390289 0.033613 0.039216
1 0.810137 0.375817 0.015231 0.043884
1 0.798845 0.380019 0.011555 0.037348
2 0.578519 0.340803 0.030987 0.037348
1 0.580095 0.329132 0.014181 0.040149
2 0.561450 0.387955 0.036765 0.040149
1 0.563550 0.380486 0.014706 0.055089
0 0.044905 0.326331 0.015231 0.060691
0 0.054359 0.318861 0.011029 0.051354
0 0.065914 0.323529 0.020483 0.064426
0 0.351103 0.321662 0.012080 0.051354
6 0.209296 0.313725 0.022584 0.061625
3 0.449842 0.251634 0.030987 0.066293
3 0.394958 0.239029 0.033613 0.065359
4 0.405987 0.178805 0.036765 0.107376
3 0.459296 0.148926 0.026786 0.053221
3 0.565914 0.150794 0.024685 0.043884
3 0.554359 0.091970 0.020483 0.042017
0 0.824317 0.757236 0.016282 0.069094
0 0.857405 0.701681 0.020483 0.084967
0 0.771271 0.636788 0.039391 0.046685
1 0.768908 0.612979 0.012605 0.047619
9 0.511292 0.029412 0.008929 0.027077
0 0.161502 0.231092 0.012080 0.038282
0 0.108718 0.245098 0.016807 0.032680
2 0.221639 0.281046 0.030462 0.033613
9 0.207458 0.203081 0.025210 0.032680
2 0.637868 0.201681 0.020483 0.026144
9 0.261817 0.227358 0.020483 0.032680
0 0.122637 0.242297 0.020483 0.036415
0 0.285977 0.165733 0.011029 0.040149
0 0.292279 0.161064 0.008929 0.038282
9 0.715599 0.286181 0.022584 0.034547
9 0.681460 0.277778 0.020483 0.034547
0 0.670956 0.259104 0.013130 0.045752
0 0.275473 0.243231 0.006828 0.042017
0 0.281250 0.243231 0.009979 0.042017