3 0.464658 0.367063 0.023065 0.046296
0 0.349330 0.461640 0.011161 0.039683
2 0.672619 0.763889 0.029762 0.043651
3 0.739583 0.838624 0.063988 0.132275
3 0.498140 0.512566 0.031994 0.067460
3 0.527158 0.934524 0.057292 0.125661
0 0.670015 0.750000 0.017113 0.052910
0 0.244048 0.474868 0.010417 0.037037
3 0.684896 0.875661 0.058780 0.134921
3 0.514509 0.276455 0.018601 0.031746
3 0.183780 0.644180 0.066964 0.058201
3 0.855283 0.507937 0.042411 0.050265
3 0.377232 0.369048 0.023810 0.050265
3 0.418527 0.321429 0.023065 0.042328
3 0.481771 0.277116 0.023065 0.041005
3 0.385417 0.338624 0.025298 0.047619
3 0.545387 0.375000 0.020833 0.041005
3 0.357515 0.410714 0.029018 0.064815