3 0.792225 0.676918 0.037574 0.029762
0 0.575149 0.816799 0.008929 0.038360
3 0.514137 0.859458 0.031994 0.060185
3 0.527902 0.968915 0.042411 0.059524
0 0.040737 0.925926 0.010789 0.050265
1 0.137835 0.833333 0.010045 0.039683
2 0.138951 0.844246 0.011533 0.032407
1 0.161458 0.923942 0.012649 0.035714
9 0.158854 0.941799 0.016369 0.038360
0 0.166853 0.924272 0.008557 0.048280
3 0.741629 0.666005 0.049479 0.038360
3 0.106957 0.692460 0.047247 0.026455
3 0.101376 0.669643 0.049479 0.029762
0 0.232143 0.766865 0.008929 0.033730
1 0.615885 0.735450 0.008557 0.031746
2 0.616815 0.746032 0.019345 0.018519
1 0.213170 0.763228 0.009673 0.031746
2 0.214844 0.775463 0.018973 0.023148
1 0.172247 0.761243 0.008185 0.026455
2 0.176711 0.773479 0.023065 0.019180
1 0.617746 0.726521 0.008557 0.025794
9 0.617746 0.740079 0.020461 0.018519
0 0.568080 0.806217 0.008929 0.038360
3 0.176711 0.681548 0.051339 0.028439
3 0.176711 0.666667 0.048363 0.025132
3 0.702009 0.654101 0.044643 0.031746
3 0.778832 0.644180 0.043527 0.030423
3 0.832031 0.626653 0.042783 0.033730
3 0.034970 0.592923 0.022321 0.029762
1 0.630022 0.870701 0.007812 0.032407
3 0.630580 0.891865 0.014881 0.029762
3 0.611235 0.561177 0.031994 0.019180
0 0.344680 0.568783 0.004092 0.022487
1 0.293155 0.642196 0.006696 0.030423
2 0.293341 0.646495 0.010045 0.012566
0 0.573661 0.871362 0.008185 0.046958
0 0.565290 0.838624 0.007068 0.041005
0 0.758557 0.872354 0.006696 0.042328
0 0.600632 0.821759 0.006324 0.035053
0 0.588914 0.816138 0.006696 0.043651
0 0.602679 0.800926 0.007440 0.035714
0 0.764881 0.616071 0.005952 0.024471
1 0.788318 0.687169 0.007440 0.019841
9 0.788876 0.698743 0.010789 0.019180
0 0.595052 0.813161 0.007812 0.035053
0 0.639323 0.811508 0.007068 0.038360
0 0.625744 0.829696 0.008185 0.035053
1 0.236607 0.793320 0.008185 0.036376
2 0.236235 0.805556 0.017857 0.022487
0 0.680060 0.826389 0.011161 0.040344
1 0.779204 0.708333 0.007068 0.026455
3 0.679688 0.635913 0.046875 0.031085
8 0.439918 0.679233 0.131324 0.083333
1 0.563802 0.721230 0.008557 0.028439
2 0.564918 0.730159 0.019717 0.019841
3 0.133371 0.649471 0.045759 0.022487
3 0.237909 0.616071 0.038318 0.028439
3 0.301897 0.614418 0.039062 0.027778
3 0.381510 0.611772 0.032366 0.023810
3 0.770833 0.579696 0.029762 0.017857
8 0.919829 0.646825 0.096354 0.058201
3 0.114583 0.640873 0.040923 0.026455
3 0.397507 0.617063 0.036830 0.023810
3 0.336496 0.629299 0.037574 0.028439
3 0.489397 0.608466 0.036830 0.025132
3 0.576079 0.663029 0.042783 0.031085
3 0.547061 0.649140 0.040551 0.025794
3 0.354725 0.690146 0.049479 0.035053
3 0.247768 0.723214 0.058036 0.039021
3 0.208705 0.708995 0.059524 0.041005
3 0.135231 0.703042 0.058408 0.035714
3 0.069568 0.748016 0.066220 0.050265
1 0.074405 0.767526 0.010417 0.031085
2 0.076823 0.779762 0.027158 0.027778
1 0.153088 0.791005 0.013765 0.033069
2 0.154762 0.805556 0.027530 0.031746
3 0.531436 0.616402 0.036086 0.027778
3 0.592262 0.605159 0.036458 0.019841
3 0.815290 0.577712 0.029390 0.020503
3 0.627418 0.591931 0.035342 0.019841
3 0.655692 0.610119 0.036086 0.020503
3 0.688244 0.599868 0.032738 0.022487
8 0.516555 0.585317 0.071057 0.046296
3 0.726004 0.595569 0.034598 0.021825
4 0.753348 0.601190 0.037202 0.029101
3 0.809896 0.587302 0.036458 0.021164
3 0.810082 0.590278 0.033110 0.024471
0 0.971726 0.905093 0.009673 0.046958
0 0.926339 0.846561 0.010417 0.041005
0 0.937686 0.846892 0.008557 0.049603
1 0.804688 0.706349 0.006696 0.031746
2 0.806362 0.713624 0.018229 0.018519
1 0.576265 0.938823 0.011161 0.044312
2 0.575707 0.943122 0.007812 0.058201
2 0.661272 0.735119 0.021205 0.023148
1 0.663132 0.729167 0.010789 0.032407
0 0.595982 0.810516 0.010417 0.039021
0 0.697173 0.880291 0.009673 0.042328
0 0.768043 0.872354 0.011533 0.054233
0 0.651228 0.819114 0.013021 0.040344
2 0.156436 0.781415 0.022693 0.023148
0 0.153088 0.768849 0.011533 0.033730
3 0.518601 0.776455 0.036458 0.048942
3 0.465588 0.967262 0.033110 0.061508
4 0.692708 0.693452 0.040179 0.049603
3 0.404762 0.971230 0.038690 0.056217
0 0.655506 0.896825 0.011161 0.054233
3 0.735305 0.976852 0.087426 0.044974
3 0.713728 0.942791 0.079241 0.053571
3 0.701451 0.912037 0.076265 0.047619
3 0.930246 0.947421 0.096354 0.065476
3 0.905134 0.910384 0.083333 0.052249
0 0.775298 0.833995 0.006696 0.050265
0 0.925409 0.861442 0.007068 0.041667
0 0.907552 0.865410 0.008557 0.042989
0 0.908482 0.852513 0.008185 0.037037
0 0.621466 0.962632 0.009301 0.028439
4 0.656994 0.791997 0.060268 0.060185
3 0.709077 0.767196 0.046875 0.048942
3 0.734375 0.760582 0.046131 0.048942
3 0.769159 0.749339 0.042783 0.047619
3 0.796503 0.746362 0.038690 0.052249
3 0.822359 0.741071 0.040551 0.049603
3 0.853609 0.738757 0.047991 0.055556
4 0.876302 0.736772 0.047247 0.058201
0 0.878162 0.788690 0.007068 0.039021
0 0.886347 0.784061 0.007812 0.040344
0 0.913690 0.742063 0.007440 0.037037
3 0.848958 0.680225 0.032738 0.039021
3 0.742188 0.718915 0.043899 0.031746
3 0.685082 0.578042 0.028646 0.017196
3 0.732515 0.581349 0.029762 0.021164
3 0.831473 0.610450 0.029018 0.017196
0 0.908482 0.749669 0.006696 0.033730
0 0.915923 0.749669 0.008185 0.033730
0 0.899554 0.712302 0.008185 0.030423
0 0.897879 0.709325 0.007812 0.039021
0 0.884673 0.696429 0.005952 0.025132