3 0.655200 0.029412 0.064601 0.058824
3 0.084821 0.066293 0.069853 0.052288
6 0.467962 0.288515 0.025210 0.085901
0 0.642857 0.399627 0.014706 0.028011
0 0.636817 0.374416 0.013130 0.035481
0 0.620536 0.110644 0.008929 0.040149
0 0.629464 0.099907 0.008929 0.037348
0 0.610557 0.106443 0.008929 0.037348
0 0.845851 0.529879 0.018382 0.043884
0 0.631303 0.395892 0.013655 0.035481
3 0.579569 0.558357 0.040441 0.125117
2 0.637342 0.075163 0.023634 0.032680
3 0.408613 0.429972 0.040966 0.126050
3 0.393120 0.699813 0.046744 0.161531
3 0.467174 0.600840 0.044643 0.155929
0 0.633403 0.864146 0.015756 0.047619
0 0.612132 0.589636 0.015231 0.047619
9 0.665966 0.722222 0.044118 0.042017
2 0.646796 0.663399 0.036239 0.040149
0 0.202468 0.725490 0.017332 0.052288
0 0.204307 0.661064 0.015756 0.046685
0 0.231880 0.589169 0.014181 0.050420
0 0.216649 0.589169 0.016282 0.046685
0 0.100315 0.868814 0.018908 0.053221
0 0.675683 0.624650 0.015231 0.044818
2 0.725053 0.774977 0.039391 0.042951
2 0.704832 0.672736 0.031513 0.049486
2 0.667542 0.529412 0.034664 0.037348
2 0.654937 0.470121 0.027311 0.034547
0 0.602153 0.517740 0.013130 0.051354
2 0.073792 0.775444 0.043592 0.034547
2 0.048582 0.845472 0.043592 0.034547
2 0.107931 0.574697 0.035189 0.040149
2 0.077994 0.529879 0.036239 0.042017
2 0.047006 0.471055 0.029937 0.038282
2 0.054884 0.501867 0.032038 0.028945
2 0.338761 0.242764 0.026261 0.039216
3 0.950893 0.268441 0.078256 0.060691
3 0.919118 0.108777 0.067227 0.055089
2 0.468750 0.148926 0.009979 0.055089
0 0.861345 0.213819 0.017857 0.044818
2 0.485557 0.153128 0.011029 0.048553
2 0.524160 0.179272 0.012605 0.048553
2 0.558036 0.257703 0.011029 0.044818
0 0.608981 0.265173 0.011029 0.044818
0 0.571429 0.243231 0.012605 0.043884
0 0.598214 0.154062 0.009454 0.041083
2 0.492910 0.013539 0.011029 0.027077
2 0.613708 0.153595 0.017332 0.043884
0 0.638918 0.135387 0.011029 0.041083
2 0.573267 0.203081 0.013130 0.042017
2 0.630252 0.067694 0.022059 0.030812
3 0.406250 0.974323 0.049895 0.047619
2 0.767069 0.679739 0.027836 0.046685
2 0.768120 0.636321 0.030987 0.038282
2 0.762605 0.600373 0.025210 0.044818
9 0.730042 0.584967 0.034664 0.056956
0 0.739496 0.533147 0.009454 0.044818
0 0.732143 0.518207 0.009454 0.042951
0 0.709559 0.532213 0.012605 0.044818
0 0.715336 0.512138 0.008403 0.043884
0 0.695641 0.521942 0.013130 0.052288
0 0.702206 0.514939 0.008403 0.055089
2 0.826943 0.585901 0.025735 0.032680
2 0.832983 0.573296 0.024160 0.031746
2 0.794118 0.538282 0.025210 0.038282
2 0.802258 0.526144 0.024685 0.030812
2 0.813813 0.510738 0.023634 0.033613
2 0.820116 0.496265 0.034139 0.034547
0 0.868435 0.432306 0.017332 0.044818
2 0.791229 0.473389 0.016282 0.057890
0 0.678571 0.436975 0.009454 0.042951
0 0.676208 0.426704 0.015231 0.042951
2 0.841649 0.351541 0.016282 0.047619
2 0.857405 0.354809 0.016282 0.046685
2 0.875525 0.355275 0.021008 0.049486
3 0.028099 0.182540 0.056197 0.060691