3 0.179228 0.565033 0.097426 0.076471
3 0.489154 0.521895 0.099632 0.079085
9 0.491360 0.164379 0.009926 0.028105
1 0.490993 0.151961 0.009926 0.033333
4 0.604228 0.593791 0.094485 0.086928
3 0.768566 0.632353 0.098162 0.090850
3 0.394853 0.645425 0.103676 0.088235
3 0.035846 0.659804 0.071691 0.072549
3 0.866360 0.502941 0.074632 0.067320
0 0.174081 0.479412 0.026103 0.051634
1 0.430331 0.416013 0.015074 0.041176
2 0.431801 0.429739 0.012132 0.042484
0 0.435662 0.406863 0.010294 0.051634
0 0.449816 0.407516 0.011397 0.046405
6 0.371140 0.409477 0.050368 0.049020
1 0.372794 0.389542 0.009559 0.036601
1 0.255331 0.229085 0.012132 0.028105
0 0.569853 0.334314 0.013235 0.047712
0 0.279963 0.147059 0.009191 0.043137
0 0.299632 0.142157 0.013235 0.041176
3 0.024816 0.390850 0.042279 0.100654
5 0.140257 0.404575 0.068750 0.113725
3 0.227574 0.352941 0.042647 0.084967
3 0.302757 0.049020 0.041544 0.039216
3 0.466728 0.054902 0.026838 0.037908
1 0.930699 0.292157 0.015074 0.032680
0 0.740993 0.466013 0.012132 0.047059
1 0.646507 0.118301 0.012132 0.022222
1 0.450551 0.044118 0.008456 0.034641
0 0.530882 0.295425 0.009559 0.045752
0 0.538971 0.297059 0.009559 0.042484
0 0.518382 0.185621 0.009559 0.044444
9 0.159926 0.966667 0.033088 0.065359
9 0.133088 0.963072 0.027206 0.073856