0 0.738183 0.425303 0.012080 0.051354
2 0.907563 0.401027 0.018908 0.042017
1 0.909139 0.387488 0.013655 0.044818
2 0.922532 0.434641 0.029937 0.036415
4 0.610032 0.611111 0.123424 0.122316
3 0.178046 0.350140 0.090336 0.065359
0 0.502363 0.417834 0.012080 0.053221
6 0.256040 0.317460 0.033088 0.050420
9 0.366597 0.350607 0.015756 0.047619
9 0.378676 0.354809 0.015756 0.044818
9 0.390494 0.362278 0.014181 0.044818
3 0.424370 0.358077 0.044118 0.071895
3 0.489233 0.347339 0.049895 0.076564
3 0.482405 0.639122 0.133929 0.114846
4 0.767595 0.271242 0.033088 0.077498
9 0.710347 0.189076 0.020483 0.021475
3 0.838498 0.022409 0.020483 0.033613
3 0.835347 0.331933 0.044643 0.066293
9 0.933298 0.429972 0.012605 0.053221
0 0.757878 0.434641 0.013655 0.056956
2 0.934349 0.458917 0.030462 0.036415
1 0.941439 0.446779 0.014181 0.053221
0 0.957458 0.523343 0.012605 0.058824
3 0.042805 0.303455 0.070903 0.056022
3 0.434349 0.525210 0.111345 0.092437
2 0.881040 0.256303 0.014181 0.038282
2 0.892857 0.438375 0.017857 0.053221
1 0.894695 0.429505 0.014181 0.046685
1 0.787027 0.309057 0.011029 0.039216
3 0.798057 0.176937 0.026786 0.055089
3 0.906250 0.035014 0.019433 0.032680
3 0.819590 0.127451 0.022584 0.042017
9 0.725578 0.168534 0.017332 0.021475
3 0.877889 0.066760 0.021534 0.040149
5 0.918855 0.551821 0.113971 0.141923
9 0.788340 0.314192 0.012605 0.042017
4 0.920431 0.266106 0.037290 0.069094
3 0.819065 0.089636 0.022584 0.041083
3 0.833246 0.056489 0.022584 0.043884