3 0.034664 0.300654 0.032563 0.056022
3 0.037553 0.238562 0.038340 0.055089
3 0.492910 0.881886 0.035189 0.060691
9 0.491334 0.531746 0.013130 0.021475
2 0.530200 0.331466 0.014181 0.016807
9 0.408613 0.695145 0.009454 0.021475
0 0.362395 0.788982 0.009454 0.014939
9 0.553309 0.314659 0.014181 0.028011
0 0.772584 0.896825 0.012605 0.021475
0 0.642332 0.644725 0.012605 0.025210
0 0.621849 0.613912 0.008403 0.014006
0 0.350053 0.760971 0.007878 0.016807
3 0.310662 0.589169 0.039391 0.039216
3 0.329044 0.556489 0.037290 0.044818
3 0.339286 0.518207 0.037815 0.044818
3 0.256040 0.557423 0.039391 0.044818
3 0.284664 0.529412 0.037815 0.041083
3 0.290441 0.485061 0.038866 0.045752
3 0.215599 0.528945 0.037290 0.036415
4 0.234244 0.497666 0.039916 0.044818
3 0.244223 0.453315 0.033613 0.040149
3 0.169118 0.505135 0.040966 0.044818
3 0.186712 0.469188 0.039391 0.047619
3 0.173845 0.416433 0.037815 0.044818
3 0.717174 0.681139 0.040441 0.043884
3 0.763393 0.668534 0.040441 0.046685
3 0.721639 0.590103 0.035714 0.039216
3 0.742910 0.560691 0.040441 0.043884
3 0.750525 0.707283 0.033613 0.036415
3 0.872899 0.732026 0.039916 0.046685
3 0.907038 0.704949 0.043067 0.046685
3 0.802521 0.598039 0.039916 0.045752
3 0.790441 0.731559 0.037815 0.043884
3 0.837185 0.760504 0.039916 0.043884
3 0.881828 0.785714 0.042017 0.045752
3 0.925420 0.809057 0.039916 0.045752
3 0.019695 0.353875 0.039391 0.039216
3 0.111870 0.473856 0.040966 0.047619
3 0.069590 0.442577 0.039391 0.048553
3 0.118435 0.289449 0.038340 0.042951
3 0.170956 0.316993 0.043592 0.049486
4 0.074317 0.279645 0.039391 0.040149
8 0.466649 0.806723 0.061450 0.145658
3 0.580882 0.805322 0.036765 0.045752
3 0.722689 0.808123 0.034664 0.036415
5 0.546481 0.589169 0.028887 0.061625
5 0.462710 0.722689 0.080882 0.205415
3 0.405725 0.800654 0.029937 0.066293
3 0.654674 0.331466 0.025735 0.061625
3 0.590861 0.540616 0.022059 0.072829
3 0.604779 0.410364 0.023634 0.068161
8 0.602679 0.251634 0.061450 0.140990
3 0.716649 0.148926 0.032038 0.064426
3 0.750525 0.066760 0.030462 0.060691
3 0.662815 0.174603 0.026261 0.063492
3 0.647847 0.143791 0.028887 0.061625
4 0.973214 0.836601 0.048319 0.048553
3 0.040441 0.401494 0.025210 0.065359
3 0.014706 0.409897 0.029412 0.042951