3 0.474219 0.493056 0.011979 0.023148
3 0.414583 0.617593 0.016667 0.035185
7 0.407813 0.638889 0.014583 0.027778
9 0.446615 0.543056 0.007812 0.021296
3 0.567969 0.662963 0.038021 0.031481
0 0.543750 0.706481 0.006250 0.025926
3 0.624479 0.580093 0.022917 0.030556
3 0.584375 0.581481 0.016667 0.035185
3 0.457031 0.850000 0.024479 0.061111
6 0.476562 0.591204 0.012500 0.026852
6 0.494531 0.586574 0.013021 0.028704
3 0.490885 0.503704 0.011979 0.020370
8 0.504167 0.483333 0.013542 0.035185
3 0.510417 0.698148 0.017708 0.033333
3 0.291927 0.906481 0.038021 0.079630
3 0.194531 0.977778 0.069271 0.040741
3 0.105208 0.748611 0.050000 0.034259
3 0.048438 0.798148 0.058333 0.037037
3 0.030990 0.826389 0.056771 0.037963
3 0.041667 0.872222 0.069792 0.053704
4 0.020052 0.915278 0.040104 0.049074
3 0.635938 0.938426 0.056250 0.067593
3 0.618490 0.876389 0.046354 0.049074
4 0.612240 0.831019 0.053646 0.049074
5 0.754167 0.885185 0.046875 0.103704
5 0.587500 0.808796 0.053125 0.045370
5 0.582292 0.775463 0.047917 0.045370
3 0.670833 0.726389 0.025000 0.045370
3 0.580729 0.748148 0.044792 0.033333
5 0.579948 0.715278 0.050521 0.039815
5 0.594271 0.688426 0.048958 0.036111
3 0.206250 0.837500 0.064583 0.045370
6 0.188802 0.952778 0.040104 0.037037
1 0.197917 0.949074 0.009375 0.029630
3 0.351302 0.612037 0.020313 0.033333
3 0.534635 0.738889 0.020313 0.038889
4 0.154948 0.693056 0.035937 0.036111
3 0.197917 0.718519 0.031250 0.037037
5 0.259375 0.703241 0.053125 0.050926
3 0.245312 0.757407 0.044792 0.040741
8 0.271094 0.796296 0.043229 0.077778
3 0.341146 0.764815 0.022917 0.050000
4 0.362500 0.694444 0.023958 0.048148
4 0.566927 0.475926 0.020313 0.022222
6 0.306771 0.853241 0.018750 0.050926
6 0.385156 0.688889 0.015104 0.033333
6 0.479948 0.612500 0.009896 0.025000
0 0.124219 0.786111 0.009896 0.037037
0 0.134375 0.781481 0.011458 0.040741
0 0.104948 0.826389 0.009896 0.037963
0 0.109635 0.837037 0.011979 0.037037
3 0.466927 0.526852 0.014063 0.027778
9 0.361719 0.743519 0.013021 0.037037
0 0.551302 0.773611 0.007812 0.032407
3 0.614323 0.596296 0.018229 0.031481