3 0.184086 0.561158 0.096113 0.078431
9 0.319065 0.070028 0.007878 0.024276
1 0.320116 0.068161 0.011029 0.026144
4 0.327994 0.105976 0.020483 0.036415
0 0.008403 0.812325 0.016807 0.069094
3 0.351366 0.176471 0.024160 0.037348
3 0.456933 0.901961 0.096639 0.164332
2 0.164128 0.834267 0.032038 0.070028
3 0.888655 0.188142 0.042017 0.036415
3 0.705620 0.058357 0.026786 0.025210
4 0.711922 0.091970 0.026786 0.027077
3 0.948267 0.223623 0.043592 0.032680
3 0.944065 0.197012 0.039391 0.035481
3 0.976103 0.159664 0.037290 0.039216
3 0.265756 0.198880 0.026261 0.042951
4 0.235032 0.108777 0.020483 0.042017
5 0.293330 0.157330 0.023634 0.040149
3 0.201943 0.606443 0.099265 0.084967
4 0.380515 0.136788 0.020483 0.036415
3 0.273372 0.125584 0.018382 0.032680
3 0.269433 0.063492 0.027311 0.022409
3 0.389443 0.425303 0.058298 0.066293
3 0.239496 0.045752 0.014706 0.024276
3 0.389706 0.335668 0.030462 0.053221
3 0.289128 0.091503 0.019433 0.026144
0 0.028361 0.807190 0.023109 0.075630
0 0.046744 0.788049 0.022059 0.078431
0 0.088235 0.682540 0.018908 0.061625
1 0.110032 0.695145 0.016282 0.038282
9 0.055672 0.739496 0.031513 0.061625
1 0.048319 0.718021 0.018908 0.056022
0 0.006828 0.789916 0.013655 0.069094
3 0.923582 0.213352 0.040441 0.034547
3 0.918855 0.180672 0.036239 0.032680
4 0.856880 0.174136 0.037290 0.032680
4 0.836397 0.168534 0.032038 0.036415
4 0.853204 0.150794 0.036239 0.034547
4 0.837973 0.142390 0.035189 0.032680
3 0.823792 0.161064 0.036239 0.028945
3 0.804359 0.152661 0.033088 0.030812
3 0.783876 0.149860 0.027836 0.027077
3 0.772847 0.141457 0.027836 0.025210
3 0.856355 0.113445 0.027836 0.025210
3 0.839548 0.109711 0.026786 0.028945
3 0.830095 0.099440 0.032038 0.030812
3 0.813288 0.095705 0.025735 0.027077
3 0.798057 0.089169 0.030987 0.032680
3 0.766019 0.078898 0.029937 0.027077
3 0.723477 0.063025 0.026786 0.028945