0 0.752626 0.446312 0.013655 0.056022
2 0.913340 0.418301 0.018908 0.042951
1 0.915966 0.406162 0.013655 0.044818
2 0.930410 0.446779 0.029937 0.036415
4 0.568803 0.608777 0.122899 0.123249
3 0.167805 0.360878 0.091912 0.068161
0 0.490546 0.429972 0.012605 0.055089
6 0.253414 0.325864 0.033088 0.050420
9 0.364496 0.360878 0.015756 0.047619
9 0.376576 0.367880 0.015756 0.044818
9 0.389968 0.371615 0.014181 0.044818
3 0.423845 0.368814 0.044118 0.074697
3 0.489496 0.356209 0.050420 0.077498
3 0.500000 0.664799 0.138655 0.119514
4 0.771796 0.278711 0.033088 0.077498
9 0.711922 0.193744 0.020483 0.021475
3 0.837973 0.031746 0.020483 0.035481
3 0.843750 0.329132 0.043592 0.066293
9 0.941702 0.442110 0.012605 0.053221
0 0.773372 0.456116 0.014181 0.062558
2 0.943015 0.473856 0.030987 0.036415
1 0.949317 0.460784 0.014181 0.053221
0 0.965336 0.544818 0.013655 0.058824
3 0.039128 0.309991 0.070903 0.056022
3 0.388130 0.526144 0.111345 0.092437
2 0.904149 0.460784 0.019433 0.051354
1 0.905725 0.452848 0.014181 0.050420
1 0.785452 0.329599 0.011029 0.039216
3 0.798582 0.189076 0.026786 0.058824
3 0.908351 0.031279 0.019433 0.032680
3 0.819590 0.137722 0.022584 0.042017
9 0.729779 0.175070 0.017332 0.021475
3 0.881565 0.062558 0.021534 0.039216
5 0.907038 0.544818 0.108193 0.142857
9 0.787290 0.333800 0.012605 0.042017
4 0.927258 0.272642 0.040441 0.069094
3 0.818540 0.100373 0.022584 0.043884
3 0.829569 0.068627 0.022584 0.043884