3 0.655725 0.498133 0.042542 0.049486
3 0.320116 0.947246 0.144433 0.103641
5 0.611870 0.690943 0.148109 0.235294
3 0.576155 0.619514 0.053571 0.068161
3 0.653887 0.575163 0.049370 0.054155
4 0.719013 0.511204 0.036765 0.060691
3 0.732143 0.471055 0.031513 0.036415
3 0.762868 0.444911 0.026786 0.034547
5 0.775735 0.421569 0.026261 0.038282
3 0.796218 0.402894 0.023109 0.028945
3 0.815914 0.386088 0.018382 0.027077
3 0.761029 0.405229 0.024160 0.028011
3 0.727416 0.434174 0.028361 0.037348
3 0.593487 0.507470 0.042017 0.047619
3 0.532563 0.501401 0.039916 0.046685
5 0.715336 0.377218 0.031513 0.050420
3 0.750525 0.381886 0.024160 0.026144
6 0.776786 0.374416 0.011555 0.022409
3 0.747374 0.364146 0.019958 0.026144
3 0.778361 0.346405 0.016807 0.022409
3 0.235294 0.777311 0.115546 0.133520
0 0.044643 0.697946 0.026261 0.079365