3 0.570641 0.669468 0.036239 0.069094
3 0.561975 0.567227 0.028361 0.049486
4 0.538603 0.467320 0.021534 0.047619
3 0.515494 0.377218 0.017332 0.028011
5 0.502101 0.306723 0.012605 0.021475
3 0.623687 0.645658 0.036239 0.056956
3 0.145221 0.553688 0.061450 0.046685
3 0.524422 0.326797 0.013130 0.020542
3 0.276786 0.570028 0.066176 0.047619
3 0.508403 0.292717 0.013655 0.021475
3 0.428309 0.442577 0.022584 0.039216
3 0.471639 0.635854 0.034664 0.080299
3 0.467962 0.507003 0.025210 0.046685
3 0.480567 0.453315 0.022059 0.038282
4 0.568277 0.910831 0.048319 0.118581
3 0.469275 0.375350 0.016282 0.029879
3 0.465861 0.406162 0.017857 0.031746
4 0.454044 0.428105 0.019433 0.045752
4 0.430935 0.387955 0.015231 0.034547
3 0.946691 0.961251 0.086660 0.073763
0 0.642332 0.647526 0.012605 0.045752
3 0.180410 0.587302 0.056197 0.057890
3 0.259979 0.519141 0.055672 0.046685
4 0.322479 0.388422 0.043067 0.033613
3 0.364758 0.462652 0.028887 0.038282
0 0.156775 0.925770 0.009979 0.058824
9 0.359506 0.750700 0.019433 0.057890
0 0.747111 0.639122 0.017332 0.040149
9 0.507616 0.566293 0.016282 0.034547
0 0.376838 0.713819 0.016282 0.053221
0 0.361607 0.697012 0.012080 0.045752
6 0.817489 0.701681 0.051996 0.049486
9 0.558036 0.400560 0.012080 0.037348
3 0.043592 0.848739 0.084034 0.082166
9 0.428309 0.570028 0.012080 0.043884
0 0.226891 0.473856 0.010504 0.028945
4 0.598739 0.491597 0.024160 0.055089
0 0.802784 0.671802 0.011029 0.042017
0 0.620536 0.609244 0.015231 0.045752
0 0.722689 0.552754 0.016807 0.041083
5 0.656250 0.532680 0.020483 0.073763
6 0.367384 0.535481 0.040441 0.043884
3 0.914653 0.771709 0.069853 0.064426
0 0.520483 0.554622 0.013655 0.044818
0 0.530200 0.542017 0.012080 0.053221
3 0.320116 0.349673 0.016282 0.036415
3 0.512868 0.238095 0.013130 0.026144
9 0.540704 0.314192 0.007878 0.021475
9 0.502363 0.263772 0.007878 0.021475
3 0.285452 0.438375 0.056197 0.032680
0 0.673582 0.561625 0.009979 0.040149
0 0.682773 0.547152 0.013655 0.041083