3 0.032563 0.301587 0.034664 0.059757
3 0.035452 0.239029 0.040441 0.054155
3 0.633141 0.812325 0.037290 0.035481
3 0.506565 0.783847 0.027836 0.060691
3 0.464811 0.936041 0.034664 0.070028
3 0.441439 0.893091 0.034139 0.071895
3 0.664128 0.176004 0.030987 0.060691
9 0.417805 0.744631 0.012080 0.021475
2 0.474002 0.345005 0.016282 0.017740
9 0.382616 0.817460 0.009979 0.021475
0 0.381828 0.700747 0.009454 0.014006
9 0.463235 0.352007 0.015756 0.022409
0 0.874475 0.982726 0.012605 0.017740
0 0.638393 0.668067 0.012080 0.025210
0 0.636817 0.547619 0.007878 0.014006
0 0.350053 0.759104 0.007878 0.016807
3 0.310137 0.589169 0.039391 0.039216
3 0.328256 0.556022 0.037815 0.045752
3 0.338235 0.517740 0.037815 0.043884
3 0.255515 0.557423 0.039391 0.044818
3 0.283876 0.529412 0.037290 0.041083
3 0.289916 0.484127 0.038866 0.045752
3 0.214548 0.529412 0.037290 0.037348
4 0.233193 0.497666 0.039916 0.044818
3 0.243172 0.453782 0.033613 0.042951
3 0.168067 0.504202 0.040966 0.044818
3 0.185662 0.469188 0.039391 0.047619
3 0.200630 0.430439 0.037815 0.044818
3 0.717174 0.678338 0.040441 0.043884
3 0.726366 0.640990 0.035714 0.045752
3 0.721113 0.586368 0.035714 0.039216
3 0.743435 0.556956 0.040441 0.043884
3 0.750788 0.704482 0.034139 0.036415
3 0.794643 0.683473 0.039916 0.046685
3 0.845326 0.665733 0.042542 0.046685
3 0.801733 0.596172 0.040441 0.045752
3 0.791229 0.727824 0.038340 0.043884
3 0.837185 0.758637 0.039916 0.043884
3 0.881828 0.781979 0.042017 0.045752
3 0.925420 0.806256 0.039916 0.045752
3 0.065389 0.359477 0.041492 0.039216
3 0.110819 0.474790 0.040966 0.047619
3 0.069065 0.442577 0.040441 0.048553
3 0.112132 0.285714 0.038340 0.042951
3 0.169380 0.316060 0.043592 0.049486
4 0.067489 0.282446 0.039391 0.042017
8 0.491334 0.704015 0.041492 0.147526
3 0.779674 0.855275 0.040441 0.048553
3 0.928309 0.906629 0.036239 0.041083
5 0.585872 0.465920 0.028887 0.061625
5 0.393645 0.906162 0.088761 0.183940
3 0.693803 0.171802 0.026261 0.061625
3 0.615284 0.678805 0.029937 0.070962
3 0.597689 0.574697 0.023109 0.068161
8 0.540966 0.343604 0.080882 0.110177
3 0.738183 0.091036 0.032038 0.064426
3 0.777311 0.011671 0.030462 0.023343
3 0.589286 0.366480 0.028361 0.062558
3 0.610557 0.252101 0.028887 0.061625
4 0.973214 0.833800 0.048319 0.048553
3 0.039653 0.400560 0.024685 0.065359
3 0.014181 0.409897 0.028361 0.042951