9 0.186187 0.898226 0.027836 0.091503
9 0.574055 0.731092 0.024160 0.084034
3 0.497111 0.647526 0.049895 0.120448
3 0.500788 0.506069 0.045693 0.098973
1 0.188288 0.990663 0.030987 0.016807
9 0.209034 0.659197 0.043067 0.054155
9 0.223739 0.573763 0.043067 0.058824
3 0.373424 0.938375 0.077731 0.121382
3 0.313025 0.732026 0.074580 0.194211
3 0.314601 0.236228 0.071429 0.059757
3 0.180410 0.401961 0.102416 0.094304
0 0.605830 0.676471 0.021534 0.081232
3 0.665179 0.778711 0.079307 0.175537
9 0.596901 0.521475 0.016282 0.064426
1 0.597426 0.497199 0.013130 0.045752
2 0.382878 0.361345 0.031513 0.035481
1 0.380777 0.347806 0.012605 0.049486
9 0.609506 0.476190 0.014181 0.065359
1 0.605830 0.441643 0.016282 0.057890
0 0.083246 0.350140 0.017332 0.056022
0 0.159926 0.323529 0.015231 0.049486
1 0.212710 0.358077 0.015756 0.028945
1 0.194853 0.316993 0.017857 0.055089
1 0.225315 0.344538 0.013655 0.057890
1 0.213498 0.305322 0.015231 0.054155
3 0.159401 0.259570 0.079307 0.054155
0 0.338498 0.354809 0.015231 0.054155
9 0.328256 0.365546 0.022059 0.040149
0 0.326943 0.357143 0.014181 0.045752
6 0.413866 0.293651 0.046218 0.038282
1 0.423057 0.285247 0.014181 0.032680
9 0.420168 0.281979 0.027311 0.033613
1 0.417017 0.270775 0.012605 0.039216
9 0.552521 0.240896 0.022059 0.028011
1 0.554622 0.229225 0.013655 0.038282
3 0.506828 0.136321 0.024160 0.039216
4 0.677521 0.252101 0.055672 0.056022
9 0.471639 0.200280 0.021008 0.028945
1 0.469800 0.190476 0.011029 0.031746
2 0.410452 0.188142 0.021534 0.032680
1 0.409139 0.176004 0.013655 0.038282
2 0.643645 0.234360 0.025735 0.029879
1 0.647584 0.230159 0.011555 0.042017
3 0.130515 0.179272 0.051996 0.046685
0 0.166754 0.188609 0.008929 0.044818
0 0.175420 0.189542 0.008403 0.042951
0 0.182248 0.190943 0.009454 0.038282
0 0.316176 0.195612 0.008403 0.038282
6 0.284664 0.183473 0.021008 0.051354
3 0.456933 0.151261 0.024160 0.048553
3 0.414916 0.134921 0.024160 0.045752
4 0.423845 0.077031 0.027311 0.077498
3 0.462185 0.044818 0.023109 0.031746
3 0.544118 0.087302 0.018908 0.034547
3 0.534926 0.047619 0.021534 0.041083
0 0.575368 0.709150 0.019433 0.049486
9 0.509716 0.045285 0.008929 0.027077
0 0.253414 0.131186 0.008929 0.038282
2 0.599265 0.122316 0.018908 0.024276
9 0.311187 0.135854 0.020483 0.032680
0 0.226628 0.131186 0.020483 0.036415
0 0.321166 0.095705 0.011029 0.040149
0 0.329044 0.095705 0.008929 0.038282
9 0.654674 0.169468 0.022584 0.034547
9 0.630515 0.165733 0.020483 0.034547
0 0.623162 0.153595 0.013130 0.045752