3 0.223477 0.549486 0.100315 0.088702
3 0.112920 0.546685 0.098739 0.084967
3 0.528887 0.463119 0.039916 0.087768
3 0.536239 0.404295 0.039916 0.076564
3 0.550683 0.359944 0.032038 0.056956
3 0.553571 0.320728 0.026261 0.047619
3 0.565389 0.290850 0.023634 0.047619
3 0.785714 0.554155 0.109244 0.090570
3 0.766019 0.486928 0.097164 0.083100
6 0.379989 0.561158 0.076155 0.070962
9 0.496061 0.429038 0.016282 0.047619
1 0.496586 0.417834 0.013130 0.040149
3 0.366859 0.490663 0.084559 0.088702
3 0.387605 0.454715 0.079832 0.067227
3 0.386292 0.422969 0.090861 0.056022
3 0.385504 0.409430 0.059874 0.043884
3 0.406775 0.394958 0.081408 0.057890
5 0.425945 0.361811 0.075630 0.055089
3 0.460347 0.353408 0.062500 0.043884
3 0.475315 0.319795 0.061975 0.038282
3 0.492122 0.265640 0.053571 0.028945
3 0.505252 0.244631 0.050420 0.033613
0 0.535452 0.269374 0.008929 0.027077
0 0.538078 0.287582 0.008929 0.026144
0 0.543855 0.239029 0.008929 0.026144
0 0.552258 0.241830 0.008929 0.031746
0 0.189601 0.570495 0.021008 0.074697
2 0.195116 0.607843 0.047794 0.042951
3 0.764443 0.379085 0.061450 0.065359
3 0.765231 0.351074 0.058824 0.056022
3 0.766544 0.339869 0.050945 0.048553
3 0.197479 0.863212 0.155462 0.127918
3 0.582721 0.845938 0.158088 0.119514
3 0.397321 0.663399 0.103466 0.127918
3 0.631303 0.300187 0.024160 0.045752
3 0.485032 0.292717 0.049895 0.032680
1 0.366334 0.570028 0.015231 0.066293
0 0.671481 0.613912 0.015231 0.049486
0 0.683561 0.621382 0.015231 0.066293
0 0.682511 0.584500 0.012080 0.044818
0 0.726891 0.423903 0.009454 0.042951
6 0.662290 0.581699 0.029412 0.087768