3 0.043855 0.663399 0.087710 0.107376
3 0.049107 0.476190 0.079307 0.072829
3 0.049107 0.278711 0.041492 0.058824
3 0.056460 0.417834 0.091912 0.077498
3 0.246586 0.267974 0.075105 0.059757
3 0.399685 0.889823 0.073529 0.214753
3 0.337973 0.239029 0.064601 0.059757
3 0.398634 0.314659 0.034664 0.078431
4 0.365809 0.161998 0.056197 0.051354
3 0.391282 0.089169 0.039916 0.032680
4 0.399685 0.072362 0.034664 0.040149
3 0.872899 0.421102 0.091387 0.065359
7 0.975578 0.417834 0.047794 0.081232
7 0.861870 0.285714 0.053571 0.061625
0 0.865546 0.305322 0.011555 0.042951
7 0.754989 0.277778 0.054097 0.058824
4 0.589548 0.316060 0.066702 0.070028
9 0.728466 0.399160 0.027311 0.036415
1 0.728466 0.384220 0.017857 0.047619
3 0.646534 0.231559 0.058824 0.054155
3 0.629989 0.199346 0.054097 0.051354
4 0.427258 0.517274 0.049895 0.132586
3 0.558561 0.179272 0.028887 0.042951
3 0.517595 0.165733 0.022584 0.040149
3 0.534664 0.133053 0.026261 0.040149
3 0.476103 0.091503 0.020483 0.041083
3 0.477679 0.062092 0.018382 0.032680
7 0.432511 0.074697 0.024685 0.042951
9 0.556460 0.110644 0.009979 0.028945
1 0.556985 0.104108 0.007878 0.021475
9 0.388393 0.264706 0.009979 0.036415
0 0.389968 0.246032 0.012080 0.032680
9 0.438813 0.182073 0.009979 0.031746
9 0.422006 0.260037 0.009979 0.032680
2 0.293330 0.325864 0.026786 0.028011
1 0.292279 0.317927 0.012080 0.036415
9 0.325630 0.338469 0.011555 0.043884
1 0.324317 0.332866 0.016282 0.040149
9 0.297532 0.419234 0.026786 0.041083
1 0.292805 0.406629 0.016282 0.062558
9 0.271796 0.490663 0.033088 0.040149
1 0.264443 0.475724 0.016282 0.051354
9 0.248162 0.514006 0.039391 0.040149
9 0.381565 0.027544 0.018382 0.017740
3 0.413340 0.026611 0.037815 0.028945
9 0.854779 0.387955 0.041492 0.030812
1 0.858718 0.371148 0.022059 0.040149
1 0.424632 0.245098 0.009979 0.032680
3 0.622374 0.170401 0.050420 0.047619
9 0.736345 0.383287 0.034664 0.032680
1 0.737132 0.366013 0.014181 0.046685
1 0.245273 0.505135 0.013655 0.059757
4 0.477941 0.024743 0.014706 0.036415
2 0.851366 0.559290 0.043067 0.042951
1 0.854779 0.545285 0.023634 0.054155
0 0.362132 0.050887 0.008929 0.027077
9 0.456145 0.035948 0.008929 0.023343
4 0.434874 0.035014 0.017857 0.040149
0 0.384454 0.045285 0.010504 0.036415