6 0.594013 0.235294 0.021008 0.044818
3 0.525210 0.513539 0.047269 0.106443
4 0.576155 0.144725 0.028361 0.059757
2 0.567227 0.265173 0.011555 0.031746
1 0.568015 0.255369 0.008929 0.027077
3 0.527048 0.299253 0.029937 0.053221
9 0.534926 0.119514 0.008929 0.022409
3 0.535452 0.155929 0.024685 0.044818
4 0.608456 0.415966 0.040441 0.092437
3 0.782038 0.732493 0.116597 0.103641
9 0.891807 0.878618 0.056723 0.059757
9 0.842174 0.932773 0.051996 0.056022
9 0.838761 0.904295 0.052521 0.058824
3 0.752363 0.588235 0.120273 0.082166
9 0.855567 0.563025 0.040966 0.048553
3 0.772847 0.397292 0.057248 0.098039
0 0.722952 0.397759 0.013130 0.042951
0 0.732668 0.399160 0.011555 0.042017
0 0.738445 0.402894 0.009454 0.038282
9 0.321691 0.875350 0.025735 0.083100
1 0.321166 0.851541 0.018382 0.076564
3 0.226891 0.603175 0.111345 0.084034
3 0.428571 0.536881 0.042017 0.119514
3 0.459559 0.350607 0.036765 0.086835
4 0.479254 0.156863 0.021534 0.061625
3 0.642069 0.267974 0.064601 0.052288
3 0.252889 0.465920 0.101366 0.067227
6 0.301733 0.410364 0.087710 0.066293
3 0.520221 0.086368 0.024685 0.036415
3 0.500788 0.053688 0.021534 0.028945
3 0.512342 0.014472 0.017332 0.028945
0 0.534139 0.104108 0.009454 0.015873