3 0.497768 0.534392 0.011905 0.023810
3 0.481027 0.697751 0.021577 0.043651
3 0.512277 0.449735 0.011161 0.021164
3 0.532366 0.449074 0.011161 0.017196
3 0.519717 0.578704 0.011161 0.025132
1 0.605655 0.941799 0.008929 0.047619
3 0.370536 0.587963 0.022321 0.033069
6 0.637277 0.966931 0.020089 0.055556
6 0.629092 0.882275 0.020089 0.058201
6 0.616443 0.804233 0.015625 0.044974
6 0.613467 0.757275 0.018601 0.038360
3 0.453497 0.475529 0.011161 0.022487
3 0.508185 0.476852 0.011905 0.025132
3 0.525298 0.439153 0.010417 0.015873
9 0.525670 0.535053 0.006696 0.022487