3 0.314863 0.357143 0.037290 0.047619
3 0.666754 0.770775 0.044643 0.045752
3 0.742647 0.865546 0.044118 0.042951
3 0.725315 0.745565 0.042017 0.060691
3 0.365809 0.919701 0.035189 0.080299
4 0.416492 0.868814 0.029412 0.070028
3 0.286239 0.262838 0.043067 0.047619
3 0.428046 0.664332 0.044118 0.049486
3 0.482931 0.644725 0.038340 0.045752
3 0.530987 0.638189 0.040966 0.049486
3 0.317752 0.600840 0.046218 0.053221
3 0.377889 0.579365 0.043592 0.045752
3 0.304622 0.482260 0.043067 0.055089
3 0.174370 0.507470 0.037815 0.042017
3 0.253414 0.509337 0.045693 0.047619
3 0.217437 0.431839 0.035714 0.043884
3 0.116597 0.485061 0.044118 0.045752
3 0.144170 0.448646 0.042542 0.040149
3 0.159139 0.401961 0.039916 0.045752
3 0.755252 0.681606 0.042017 0.046685
3 0.646796 0.565359 0.040441 0.043884
3 0.608718 0.485528 0.038866 0.041083
3 0.689338 0.479458 0.040441 0.043884
3 0.796744 0.708217 0.032563 0.038282
3 0.771534 0.636788 0.042017 0.046685
3 0.753151 0.569094 0.042017 0.049486
3 0.801208 0.540149 0.047794 0.049486
3 0.842700 0.730159 0.040441 0.046685
3 0.846901 0.619514 0.043592 0.043884
3 0.897847 0.767040 0.045693 0.049486
3 0.945116 0.676004 0.045693 0.046685
3 0.948004 0.793184 0.045168 0.049486
3 0.989758 0.818861 0.018382 0.052288
5 0.807511 0.773576 0.065651 0.070028
3 0.184086 0.246032 0.043592 0.051354
5 0.031775 0.148459 0.040441 0.054155
3 0.099002 0.371148 0.044643 0.049486
3 0.083771 0.414099 0.040441 0.051354
3 0.053834 0.455182 0.042542 0.047619
3 0.041754 0.340336 0.040441 0.043884
3 0.054359 0.232026 0.044643 0.049486
3 0.885767 0.593371 0.045693 0.053221
3 0.371061 0.976190 0.034139 0.047619
3 0.460609 0.352007 0.048319 0.044818
3 0.656250 0.192810 0.025735 0.068161
3 0.683561 0.126517 0.029937 0.066293
3 0.632090 0.156396 0.032038 0.070028
3 0.709296 0.042484 0.030987 0.066293
3 0.666492 0.071429 0.032563 0.071895
3 0.951943 0.731559 0.043592 0.049486
0 0.500000 0.252568 0.007353 0.025210
9 0.511292 0.292717 0.013130 0.023343
0 0.806460 0.073296 0.009979 0.025210