9 0.473958 0.047619 0.007440 0.023810
2 0.508557 0.134921 0.006696 0.021164
3 0.521949 0.787037 0.054315 0.171958
3 0.595982 0.762566 0.062500 0.165344
3 0.488467 0.472222 0.037946 0.100529
3 0.465774 0.253307 0.031250 0.078042
3 0.374628 0.277778 0.060268 0.058201
3 0.302083 0.431217 0.032738 0.103175
3 0.219122 0.818122 0.058780 0.170635
8 0.635789 0.570106 0.119792 0.383598
3 0.048735 0.297619 0.076637 0.058201
8 0.683780 0.214947 0.043155 0.048942
3 0.325893 0.205026 0.056548 0.044974
0 0.157738 0.444444 0.019345 0.039683
0 0.149554 0.418651 0.017857 0.043651
3 0.448289 0.066799 0.023065 0.048942
4 0.058036 0.169974 0.037202 0.062169
0 0.070312 0.258598 0.015625 0.033069
7 0.691220 0.134921 0.047619 0.044974
2 0.226935 0.504630 0.016369 0.048942
5 0.325893 0.044312 0.023810 0.088624
6 0.491443 0.038360 0.014137 0.037037
0 0.510789 0.034392 0.006696 0.034392
0 0.504092 0.033069 0.006696 0.031746
1 0.223958 0.486772 0.014881 0.037037
1 0.507068 0.120370 0.008185 0.023810
1 0.473586 0.037037 0.008185 0.023810
6 0.795015 0.044974 0.024554 0.044974
0 0.151786 0.209656 0.013393 0.033069
0 0.222098 0.116402 0.011161 0.037037