3 0.025998 0.337068 0.026786 0.070962
3 0.023109 0.265173 0.034664 0.065359
3 0.873424 0.904762 0.040966 0.050420
3 0.712973 0.128385 0.030987 0.066293
3 0.786765 0.789916 0.039916 0.042951
3 0.611607 0.395425 0.027836 0.055089
3 0.458771 0.732493 0.030987 0.071895
8 0.489758 0.564893 0.075105 0.177404
5 0.677784 0.275910 0.029937 0.066293
3 0.695116 0.463585 0.030987 0.055089
3 0.564076 0.539216 0.030462 0.062558
4 0.546481 0.408497 0.027836 0.060691
3 0.506828 0.703081 0.031513 0.067227
2 0.261817 0.233894 0.014181 0.017740
0 0.456408 0.436508 0.011555 0.017740
0 0.601628 0.795985 0.012080 0.025210
0 0.694065 0.359944 0.007878 0.014006
0 0.341387 0.717554 0.007353 0.014006
3 0.694853 0.082166 0.027311 0.056022
3 0.649947 0.113445 0.029937 0.056956
3 0.655987 0.154995 0.026261 0.052288
3 0.307511 0.589169 0.040441 0.039216
3 0.325893 0.554622 0.037290 0.046685
3 0.334296 0.515873 0.038340 0.043884
3 0.253151 0.558357 0.038866 0.046685
3 0.280725 0.529412 0.037290 0.041083
3 0.286765 0.482260 0.038866 0.045752
3 0.212447 0.526144 0.034139 0.038282
4 0.231618 0.498599 0.039916 0.044818
3 0.240284 0.452381 0.034139 0.038282
3 0.164916 0.507470 0.040966 0.043884
3 0.183036 0.467787 0.040441 0.048553
3 0.199580 0.430906 0.037815 0.043884
3 0.717174 0.671802 0.040441 0.043884
3 0.718487 0.630719 0.035714 0.045752
3 0.724790 0.581699 0.035714 0.039216
3 0.742910 0.551354 0.040441 0.043884
3 0.752889 0.700747 0.034139 0.036415
3 0.773634 0.661998 0.039916 0.046685
3 0.775473 0.613445 0.041492 0.046685
3 0.801733 0.585901 0.041492 0.047619
3 0.790966 0.721289 0.038866 0.043884
3 0.862395 0.666200 0.039916 0.043884
3 0.838761 0.752101 0.039916 0.043884
3 0.881040 0.776377 0.042542 0.045752
3 0.926996 0.800187 0.039916 0.046685
5 0.591912 0.381886 0.046218 0.104575
5 0.440651 0.877218 0.031513 0.077498
3 0.610032 0.221755 0.027836 0.060691
3 0.150735 0.405696 0.039916 0.043884
3 0.137868 0.440710 0.040441 0.042951
3 0.107143 0.476657 0.040966 0.047619
3 0.101103 0.378618 0.040441 0.038282
3 0.065126 0.442577 0.040966 0.048553
3 0.101891 0.282913 0.037815 0.042951
3 0.160977 0.312325 0.043592 0.049486
4 0.058298 0.288982 0.035714 0.047619
3 0.631040 0.239496 0.029937 0.062558
5 0.472952 0.883287 0.056197 0.126984
0 0.579044 0.205415 0.012080 0.022409
9 0.610032 0.106909 0.009979 0.025210
8 0.199842 0.264239 0.087710 0.091503
8 0.024422 0.155929 0.048845 0.078431
3 0.339548 0.991130 0.029937 0.014006
4 0.972689 0.826331 0.048319 0.048553
3 0.038078 0.401961 0.024685 0.066293
3 0.012342 0.409897 0.024685 0.042951