3 0.520483 0.033147 0.023109 0.036415
3 0.097689 0.462185 0.095588 0.072829
3 0.357668 0.440710 0.094538 0.076564
3 0.520746 0.411298 0.080357 0.068161
3 0.540704 0.542951 0.104517 0.083100
3 0.329044 0.550887 0.095063 0.084034
3 0.535452 0.484594 0.094013 0.078431
3 0.576418 0.100840 0.025735 0.046685
1 0.657038 0.795518 0.023109 0.059757
0 0.149422 0.699813 0.020483 0.064426
0 0.211397 0.742297 0.020483 0.078431
0 0.190389 0.696078 0.020483 0.064426
9 0.246849 0.317460 0.030462 0.044818
0 0.198004 0.258637 0.012605 0.050420
0 0.385504 0.215686 0.009454 0.035481
9 0.278099 0.397292 0.029937 0.036415
1 0.276523 0.383754 0.019433 0.044818
9 0.354254 0.203548 0.020483 0.033613
0 0.021271 0.317927 0.018382 0.042017
2 0.013655 0.351074 0.021008 0.052288
0 0.738183 0.226424 0.015231 0.042017
0 0.744748 0.221755 0.014706 0.043884
0 0.953519 0.277311 0.015231 0.044818
0 0.947742 0.267040 0.014181 0.044818
0 0.981355 0.302521 0.014181 0.033613
0 0.982931 0.292250 0.014181 0.046685
0 0.369485 0.105042 0.011029 0.042017
1 0.467174 0.033147 0.015231 0.034547
1 0.436712 0.042484 0.013130 0.034547
1 0.437237 0.040616 0.011029 0.038282
3 0.175945 0.857610 0.111345 0.202614
3 0.484506 0.218954 0.028887 0.064426
5 0.935924 0.835201 0.127101 0.176471
3 0.954832 0.480392 0.086134 0.071895
3 0.586922 0.213352 0.030987 0.053221
3 0.487395 0.131653 0.024160 0.052288
3 0.697216 0.399627 0.083508 0.078431
3 0.438550 0.288049 0.034664 0.073763
3 0.438813 0.075163 0.022584 0.040149
3 0.539916 0.252101 0.033613 0.065359
3 0.647847 0.154995 0.059349 0.041083
3 0.580620 0.024743 0.045693 0.034547
3 0.445903 0.030345 0.023109 0.042017
0 0.853204 0.797852 0.023634 0.066293
6 0.662553 0.816993 0.039391 0.100840
0 0.870536 0.604108 0.021534 0.069094
1 0.816702 0.391690 0.014706 0.043884
9 0.814076 0.402894 0.026261 0.036415
0 0.922532 0.728291 0.025735 0.059757
0 0.926996 0.741363 0.026261 0.065359
0 0.925158 0.760971 0.020483 0.069094
9 0.681723 0.303455 0.012605 0.039216
9 0.717962 0.317927 0.015756 0.042017
9 0.749475 0.313259 0.014706 0.040149
9 0.787027 0.304388 0.009979 0.041083
9 0.803571 0.301587 0.012605 0.039216
9 0.860819 0.320728 0.012605 0.040149
9 0.892069 0.290850 0.014181 0.036415
2 0.904937 0.325864 0.014706 0.041083
9 0.955095 0.324930 0.022584 0.050420
1 0.433824 0.347339 0.012605 0.031746
9 0.433824 0.360878 0.016807 0.040149
1 0.500000 0.086368 0.007353 0.027077
9 0.501050 0.095705 0.009454 0.027077
0 0.274422 0.580299 0.020483 0.068161
0 0.292017 0.579365 0.019958 0.071895
1 0.485032 0.298319 0.014181 0.045752
6 0.485557 0.311391 0.022584 0.045752
1 0.402574 0.309057 0.015231 0.041083
9 0.402836 0.322596 0.025210 0.038282
1 0.191439 0.621382 0.020483 0.064426
9 0.192227 0.631653 0.038866 0.049486
0 0.226366 0.684874 0.021008 0.062558
0 0.238183 0.686741 0.022584 0.068161
9 0.336134 0.264706 0.026261 0.030812
9 0.387605 0.198880 0.025210 0.031746
9 0.387080 0.176937 0.025210 0.034547
1 0.692489 0.975724 0.025735 0.044818
9 0.692489 0.977591 0.029937 0.041083
0 0.179884 0.331466 0.019433 0.052288
0 0.138130 0.307190 0.013655 0.046685
0 0.141544 0.313725 0.014181 0.054155
0 0.260242 0.250233 0.015231 0.044818
1 0.699317 0.429038 0.018382 0.045752
9 0.697479 0.435107 0.023109 0.046685
1 0.154937 0.291317 0.014706 0.039216
9 0.156513 0.300187 0.026261 0.032680
0 0.238183 0.290850 0.015231 0.045752
0 0.060662 0.323529 0.017332 0.047619
0 0.389968 0.220355 0.011029 0.037348
0 0.481092 0.244631 0.012605 0.041083
0 0.479517 0.237628 0.012605 0.040149
0 0.376313 0.108777 0.011029 0.040149
0 0.696691 0.293651 0.015231 0.045752
0 0.676208 0.288515 0.015231 0.046685
9 0.251576 0.334734 0.028361 0.045752
9 0.086660 0.355275 0.019958 0.045752
6 0.662290 0.207283 0.036765 0.050420
9 0.616597 0.178805 0.022059 0.025210