3 0.495011 0.201214 0.083508 0.075630
9 0.252889 0.451914 0.034139 0.097106
0 0.018120 0.436508 0.009979 0.062558
0 0.288603 0.496265 0.016282 0.073763
0 0.029674 0.415966 0.011029 0.036415
9 0.222952 0.324463 0.027836 0.028945
0 0.228204 0.303922 0.011029 0.047619
0 0.137868 0.342204 0.012080 0.045752
9 0.142595 0.316993 0.012080 0.040149
1 0.207195 0.312792 0.008929 0.035481
0 0.327468 0.450514 0.012080 0.045752
4 0.499737 0.560691 0.094013 0.183940
3 0.570116 0.669001 0.109769 0.210084
0 0.256565 0.328665 0.012080 0.048553
2 0.240021 0.336134 0.035714 0.074697
9 0.317489 0.344538 0.024685 0.069094
0 0.346376 0.202148 0.013130 0.058824
0 0.302784 0.656863 0.027836 0.077498
9 0.369485 0.387021 0.034139 0.066293
0 0.218750 0.425303 0.016282 0.071895
0 0.201943 0.437442 0.012080 0.068161
3 0.643120 0.126517 0.062500 0.077498
0 0.301733 0.470121 0.016282 0.070028
0 0.201943 0.408497 0.014181 0.070028
3 0.680935 0.078898 0.047794 0.064426
0 0.219275 0.394491 0.015231 0.066293
3 0.703519 0.362745 0.077206 0.131653
0 0.122637 0.548553 0.026786 0.088702
3 0.604779 0.378618 0.080357 0.118581
3 0.671481 0.257236 0.061450 0.088702
3 0.762868 0.256303 0.056197 0.086835
0 0.004464 0.433707 0.008929 0.066293
3 0.359506 0.488796 0.097164 0.159664
0 0.500788 0.280112 0.024685 0.074697
9 0.154149 0.321662 0.013130 0.051354
9 0.303834 0.668067 0.042542 0.075630
3 0.479779 0.360878 0.086660 0.111111
9 0.385242 0.347806 0.046744 0.055089
3 0.731355 0.157330 0.064601 0.109244
9 0.366597 0.296452 0.034664 0.060691
9 0.482668 0.263772 0.038866 0.055089
3 0.602679 0.186275 0.060399 0.077498
3 0.777048 0.093838 0.044643 0.068161
3 0.801733 0.044351 0.043592 0.053221
2 0.202468 0.520075 0.037290 0.069094