3 0.502101 0.403828 0.043067 0.092437
3 0.073267 0.694678 0.146534 0.123249
3 0.470063 0.915966 0.155462 0.164332
4 0.495536 0.316527 0.037290 0.087768
3 0.919380 0.795051 0.157038 0.137255
3 0.552521 0.091503 0.017857 0.033613
3 0.654412 0.338936 0.044118 0.069094
4 0.704569 0.303455 0.048845 0.069094
4 0.710872 0.257236 0.069853 0.051354
3 0.726628 0.236695 0.063550 0.045752
3 0.687500 0.209617 0.055672 0.042017
1 0.902048 0.701681 0.022584 0.081232
2 0.895746 0.711485 0.049895 0.054155
1 0.739233 0.619514 0.023634 0.071895
2 0.735819 0.637255 0.048319 0.049486
1 0.605042 0.216620 0.011555 0.029879
1 0.607668 0.218487 0.011555 0.037348
9 0.604517 0.225490 0.013655 0.036415
1 0.445116 0.410364 0.013130 0.055089
1 0.448004 0.399627 0.011555 0.042951
2 0.444590 0.435107 0.015231 0.048553
1 0.441176 0.219888 0.008403 0.027077
6 0.444065 0.220822 0.018382 0.055089
1 0.456408 0.383287 0.013655 0.056956
9 0.457721 0.400560 0.012080 0.052288
1 0.589023 0.116246 0.009979 0.032680
2 0.587973 0.127918 0.007878 0.022409
2 0.622637 0.374416 0.017332 0.039216
1 0.623424 0.359010 0.012605 0.053221
3 0.502889 0.207750 0.027836 0.051354
3 0.870536 0.485994 0.112920 0.103641
3 0.510242 0.122782 0.022584 0.040149
3 0.486870 0.094771 0.025210 0.038282
4 0.512868 0.051821 0.014181 0.032680
3 0.476628 0.051821 0.017332 0.027077
0 0.612132 0.130252 0.011029 0.043884
2 0.573792 0.023810 0.013130 0.040149
0 0.635767 0.218954 0.009979 0.042017
0 0.696691 0.101307 0.015231 0.032680
0 0.610032 0.090103 0.008929 0.043884
0 0.455620 0.065826 0.012080 0.038282
0 0.617384 0.163866 0.009979 0.043884
0 0.619485 0.131186 0.012080 0.047619
3 0.405200 0.123716 0.051996 0.040149
3 0.420693 0.076564 0.049370 0.037348
4 0.446954 0.046218 0.023109 0.055089
3 0.671744 0.198880 0.060924 0.048553
3 0.657300 0.173203 0.049895 0.043884
3 0.647321 0.113445 0.047794 0.036415
3 0.639181 0.101774 0.050420 0.033613
3 0.601891 0.014006 0.032563 0.022409
3 0.618697 0.053688 0.033613 0.025210
3 0.632353 0.066293 0.035714 0.031746
9 0.497111 0.043417 0.006828 0.025210
9 0.500263 0.034547 0.007878 0.022409