2 0.430060 0.289683 0.008185 0.027778
9 0.134115 0.245040 0.016741 0.020503
1 0.130766 0.237765 0.010045 0.027116
1 0.134487 0.241733 0.010045 0.024471
3 0.070499 0.221230 0.029390 0.032407
3 0.124442 0.250331 0.030878 0.039021
5 0.202567 0.277447 0.047247 0.048280
3 0.533482 0.197421 0.019345 0.025794
1 0.647879 0.342923 0.016741 0.028439
3 0.499442 0.160384 0.015253 0.025794
9 0.382999 0.326389 0.021949 0.023148
1 0.385231 0.323413 0.011533 0.041005
3 0.412388 0.109458 0.012277 0.020503
8 0.349144 0.324074 0.090402 0.068783
3 0.564732 0.540675 0.070685 0.062831
3 0.223028 0.881944 0.087426 0.147487
3 0.253534 0.274140 0.029390 0.032407
2 0.425781 0.297950 0.008557 0.025794
2 0.433594 0.294643 0.009301 0.028439
3 0.519345 0.928241 0.069196 0.138228
3 0.536272 0.770833 0.052455 0.135582
1 0.813430 0.953373 0.021205 0.049603
0 0.799293 0.936177 0.023438 0.077381
2 0.810826 0.948743 0.022693 0.078704
8 0.655134 0.831349 0.089286 0.330688
5 0.476376 0.274471 0.023438 0.042328
3 0.504278 0.277447 0.021205 0.033730
3 0.478609 0.254299 0.017485 0.028439
3 0.511347 0.263558 0.015997 0.028439
8 0.474516 0.221561 0.026414 0.068783
3 0.500744 0.245701 0.016369 0.029762
6 0.570499 0.201720 0.012277 0.022487
2 0.650112 0.354167 0.015997 0.028439
3 0.505022 0.235119 0.018229 0.027116
3 0.497210 0.221230 0.017485 0.025794
3 0.493490 0.211310 0.013021 0.027116
3 0.462426 0.191138 0.014137 0.025132
4 0.458147 0.172950 0.013765 0.019180
4 0.456473 0.163690 0.012649 0.019180
5 0.484933 0.182209 0.018229 0.031085
3 0.474516 0.172619 0.013021 0.022487
5 0.364769 0.175595 0.027902 0.042989