3 0.763393 0.513539 0.032038 0.052288
3 0.751838 0.486928 0.026786 0.038282
0 0.816964 0.521942 0.006828 0.033613
0 0.800683 0.526611 0.008929 0.029879
3 0.632090 0.353875 0.018382 0.033613
3 0.426733 0.565359 0.057248 0.055089
3 0.443803 0.465920 0.029412 0.042951
3 0.480305 0.399627 0.021534 0.033613
3 0.502889 0.358077 0.015231 0.028945
3 0.509191 0.348273 0.014181 0.024276
3 0.516282 0.344071 0.012605 0.023343
3 0.134716 0.515406 0.050945 0.048553
3 0.574842 0.475257 0.026786 0.052288
3 0.547269 0.443511 0.018908 0.033613
3 0.559349 0.385621 0.013655 0.028011
3 0.572742 0.522876 0.026786 0.050420
3 0.950105 0.666200 0.067227 0.056956
3 0.580620 0.426704 0.016282 0.028011
3 0.583508 0.405696 0.015756 0.028945
3 0.534139 0.503268 0.026261 0.054155
3 0.541754 0.403361 0.018382 0.033613
9 0.637342 0.341737 0.013130 0.029879
9 0.647847 0.342204 0.011029 0.025210
1 0.636029 0.341270 0.008403 0.027077
1 0.646008 0.342204 0.010504 0.025210
0 0.797532 0.480859 0.011029 0.037348
0 0.812763 0.525210 0.006828 0.028945
0 0.548319 0.554622 0.008403 0.041083
0 0.548582 0.563959 0.008929 0.041083
3 0.741597 0.462185 0.024160 0.033613
1 0.582983 0.566293 0.011555 0.043884
2 0.579569 0.579365 0.021534 0.025210
9 0.539916 0.579365 0.023109 0.030812
1 0.538603 0.568161 0.011029 0.038282
0 0.936450 0.558357 0.007353 0.041083
0 0.817489 0.505135 0.011029 0.044818
0 0.942489 0.553688 0.008929 0.029879
9 0.741071 0.525677 0.011555 0.028011
1 0.743172 0.511671 0.009454 0.029879
3 0.533351 0.308123 0.013130 0.024276
3 0.576418 0.446779 0.020483 0.038282
3 0.585609 0.384687 0.013655 0.024276
3 0.517332 0.484594 0.021008 0.042951
2 0.434349 0.741363 0.030462 0.039216
1 0.435399 0.727824 0.016807 0.053221
0 0.845326 0.522876 0.008929 0.037348
0 0.550158 0.559290 0.008929 0.041083
0 0.642595 0.502334 0.008929 0.037348