3 0.500744 0.511243 0.032738 0.062169
3 0.508185 0.290344 0.031250 0.030423
3 0.531622 0.386905 0.023065 0.041005
3 0.543527 0.621693 0.027530 0.084656
3 0.126488 0.976852 0.089286 0.041005
3 0.286086 0.886243 0.075149 0.145503
3 0.215402 0.804894 0.076637 0.136243
3 0.770089 0.781085 0.101190 0.080688
3 0.785714 0.664021 0.078869 0.082011
3 0.381696 0.634259 0.049107 0.099206
4 0.659970 0.513228 0.028274 0.063492
3 0.384301 0.394180 0.033482 0.055556
3 0.610119 0.384259 0.020833 0.043651
3 0.476562 0.295635 0.021577 0.038360
3 0.511905 0.219577 0.014881 0.031746
5 0.451637 0.260582 0.023810 0.058201
7 0.418899 0.296958 0.019345 0.038360
3 0.631696 0.333333 0.040179 0.029101
9 0.448661 0.352513 0.010417 0.033069
9 0.229911 0.857804 0.025298 0.072751
3 0.557664 0.261905 0.017113 0.029101
3 0.499628 0.688492 0.036458 0.104497