2 0.319010 0.352844 0.009301 0.031085
3 0.314918 0.105489 0.013765 0.025794
1 0.500930 0.250992 0.013765 0.028439
3 0.135045 0.289352 0.029762 0.032407
1 0.301525 0.364087 0.009301 0.021825
2 0.302269 0.371032 0.009301 0.026455
2 0.314546 0.366733 0.009301 0.028439
1 0.317150 0.364087 0.010045 0.033730
3 0.446801 0.928902 0.066220 0.139550
4 0.456101 0.737434 0.051339 0.124339
4 0.571615 0.805886 0.059896 0.135582
3 0.517299 0.556548 0.038318 0.072090
1 0.688988 0.720569 0.016369 0.031085
1 0.686570 0.705026 0.021949 0.047619
2 0.685640 0.721230 0.021577 0.057540
8 0.536830 0.419974 0.050595 0.138889
5 0.356027 0.430556 0.042411 0.076720
4 0.409784 0.400794 0.026414 0.058201
3 0.374628 0.335317 0.020833 0.048942
3 0.421317 0.297950 0.018229 0.040344
8 0.375186 0.266204 0.027158 0.076058
3 0.406436 0.275463 0.019717 0.032407
3 0.668713 0.476852 0.071801 0.052910
4 0.820499 0.555886 0.078497 0.076058
3 0.947173 0.625000 0.098958 0.079365
4 0.936198 0.568452 0.076265 0.076058
6 0.540737 0.321429 0.015997 0.037037
1 0.543155 0.321429 0.008929 0.026455
2 0.500930 0.257606 0.014509 0.020503
4 0.883185 0.216270 0.017857 0.037037
4 0.947731 0.315807 0.027158 0.039021
3 0.933036 0.293320 0.023810 0.031085
3 0.924479 0.283730 0.020833 0.034392
3 0.407180 0.246032 0.018229 0.033069
3 0.400112 0.230159 0.017485 0.026455
3 0.394531 0.215939 0.013765 0.027116
4 0.390067 0.202712 0.013021 0.021825
3 0.364211 0.193452 0.014881 0.025794
4 0.362165 0.182870 0.011533 0.023148
3 0.358631 0.174603 0.013393 0.019841
4 0.355283 0.164352 0.012649 0.019180
3 0.396391 0.196759 0.014509 0.020503
5 0.386719 0.182870 0.018229 0.031085
3 0.373884 0.176587 0.013393 0.018519
4 0.378162 0.161045 0.010045 0.020503
5 0.258743 0.179563 0.027158 0.042989