3 0.031513 0.276844 0.063025 0.064426
3 0.400998 0.781979 0.071954 0.208217
3 0.524685 0.024743 0.017857 0.030812
3 0.445641 0.465920 0.044643 0.108310
3 0.316964 0.728291 0.077206 0.186741
4 0.034139 0.578898 0.068277 0.115780
0 0.026786 0.843137 0.023109 0.061625
0 0.141019 0.627451 0.015231 0.050420
0 0.133929 0.567694 0.026261 0.069094
1 0.281775 0.387021 0.014181 0.042017
1 0.712973 0.291317 0.014181 0.035481
9 0.712973 0.305789 0.028887 0.032680
0 0.964023 0.234827 0.014181 0.043884
9 0.996586 0.264706 0.005777 0.043884
3 0.401786 0.061625 0.032563 0.024276
3 0.410189 0.039216 0.029412 0.024276
3 0.397059 0.375350 0.039916 0.095238
9 0.354254 0.447246 0.013130 0.042951
1 0.354517 0.432773 0.012605 0.045752
9 0.360032 0.352474 0.012080 0.040149
1 0.359244 0.334267 0.010504 0.031746
3 0.104517 0.504669 0.103992 0.092437
3 0.118697 0.369281 0.073529 0.068161
3 0.102416 0.218487 0.040966 0.059757
3 0.123424 0.326797 0.087185 0.072829
3 0.280987 0.209617 0.059874 0.045752
3 0.466649 0.242297 0.033088 0.073763
3 0.356618 0.187675 0.063025 0.052288
3 0.431985 0.141923 0.026786 0.056022
3 0.385242 0.126517 0.037290 0.038282
3 0.828782 0.333800 0.077731 0.068161
5 0.947742 0.329599 0.094013 0.084034
4 0.818540 0.292250 0.066702 0.063492
9 0.710872 0.318861 0.022584 0.030812
1 0.714023 0.307190 0.014181 0.029879
3 0.636555 0.181606 0.059874 0.055089
3 0.620273 0.154528 0.053571 0.043884
3 0.471901 0.155462 0.027836 0.062558
3 0.583508 0.255369 0.058824 0.058824
3 0.523372 0.267974 0.029937 0.056022
3 0.521008 0.198413 0.025210 0.053221
3 0.485557 0.017740 0.019433 0.035481
7 0.451155 0.045285 0.019958 0.036415
9 0.566439 0.176004 0.009979 0.040149
1 0.566964 0.164799 0.009979 0.032680
9 0.435662 0.098973 0.012080 0.031746
9 0.469800 0.026611 0.009979 0.027077
9 0.465599 0.084034 0.007878 0.029879
9 0.409664 0.177871 0.014706 0.032680
9 0.327731 0.363679 0.017857 0.045752
1 0.327468 0.355275 0.015231 0.049486
9 0.208771 0.379552 0.036239 0.034547
1 0.207983 0.368347 0.014706 0.045752
9 0.297006 0.382820 0.029937 0.031746
1 0.291492 0.372549 0.016807 0.046685
9 0.284139 0.403828 0.031513 0.038282
3 0.042805 0.204482 0.034139 0.054155
3 0.021796 0.366947 0.043592 0.069094
3 0.443015 0.026611 0.016282 0.038282