3 0.773346 0.557190 0.088603 0.071242
3 0.575184 0.743464 0.083456 0.140523
3 0.953493 0.536275 0.091544 0.076471
9 0.539154 0.370261 0.009926 0.028105
1 0.539154 0.354248 0.009926 0.035294
4 0.300184 0.670261 0.101103 0.090850
3 0.470772 0.656536 0.098162 0.079085
0 0.308272 0.510784 0.017279 0.054248
1 0.432169 0.454248 0.007721 0.039216
2 0.433640 0.470261 0.007721 0.039869
0 0.443199 0.451307 0.009926 0.047712
0 0.454963 0.453268 0.009926 0.046405
6 0.371324 0.457190 0.050735 0.052941
1 0.376471 0.436275 0.009559 0.042484
1 0.259375 0.270915 0.010662 0.030719
0 0.568934 0.390850 0.011397 0.045752
0 0.279228 0.228105 0.006250 0.035294
0 0.287132 0.225163 0.006618 0.047712
3 0.027574 0.432026 0.048529 0.101961
5 0.141544 0.442157 0.065441 0.123529
3 0.229779 0.392484 0.041912 0.083007
3 0.306985 0.102614 0.042647 0.039216
3 0.305882 0.029739 0.027941 0.032026
3 0.468750 0.107190 0.025000 0.039216
1 0.934007 0.338235 0.013603 0.032026
0 0.736949 0.487908 0.012132 0.042484
1 0.649265 0.164052 0.012500 0.022222
1 0.476654 0.132353 0.008456 0.035948
0 0.521507 0.270915 0.007721 0.037255
0 0.528125 0.271242 0.007721 0.039216
0 0.536949 0.250000 0.008456 0.042484