4 0.365104 0.715741 0.021875 0.046296
3 0.389062 0.656944 0.015625 0.025000
3 0.473958 0.800926 0.020833 0.042593
3 0.319010 0.971296 0.034896 0.055556
3 0.724479 0.848148 0.042708 0.053704
5 0.324740 0.840278 0.047396 0.097222
3 0.381510 0.682407 0.019271 0.031481
3 0.403646 0.687963 0.020833 0.033333
3 0.446615 0.693519 0.017188 0.035185
3 0.294792 0.796296 0.047917 0.035185
5 0.320312 0.743056 0.051042 0.041667
0 0.554167 0.840741 0.007292 0.037037
3 0.373698 0.610648 0.011979 0.025000
4 0.649740 0.849537 0.027604 0.071296
3 0.527865 0.673148 0.015104 0.027778
3 0.311458 0.766667 0.041667 0.033333
0 0.213802 0.871759 0.011979 0.043519
6 0.261458 0.770833 0.017708 0.043519
1 0.143750 0.931944 0.010417 0.026852
1 0.137500 0.940278 0.009375 0.026852
3 0.484896 0.612037 0.014583 0.029630
6 0.502083 0.556019 0.009375 0.025000
6 0.491667 0.528704 0.009375 0.022222
9 0.438021 0.607870 0.008333 0.025000
3 0.490885 0.486574 0.009896 0.017593
8 0.503385 0.484259 0.011979 0.033333
9 0.510156 0.650000 0.009896 0.031481
9 0.502344 0.812963 0.011979 0.038889
3 0.442969 0.499074 0.011979 0.022222
3 0.495052 0.475926 0.009896 0.016667
3 0.492969 0.455093 0.007812 0.013889
3 0.494792 0.465278 0.009375 0.013889
3 0.509375 0.452778 0.010417 0.014815
3 0.553385 0.556019 0.014063 0.021296
0 0.697656 0.822685 0.008854 0.034259
0 0.701042 0.823148 0.006250 0.033333
3 0.194271 0.963889 0.033333 0.068519
6 0.231250 0.966204 0.020833 0.056481
3 0.727083 0.807870 0.032292 0.047222
3 0.278646 0.845370 0.048958 0.048148
3 0.370573 0.651852 0.018229 0.029630
3 0.536458 0.639815 0.012500 0.024074
3 0.532552 0.617593 0.013021 0.024074
3 0.714583 0.756481 0.043750 0.031481
4 0.590885 0.581481 0.026562 0.022222
3 0.390104 0.592593 0.021875 0.020370
3 0.411979 0.597685 0.012500 0.021296
3 0.407292 0.613426 0.014583 0.025000
3 0.429427 0.593981 0.015104 0.023148
3 0.423177 0.558796 0.010937 0.019444
3 0.437500 0.557407 0.010417 0.022222
1 0.167448 0.893981 0.014063 0.026852
9 0.279427 0.731944 0.017188 0.026852
1 0.127604 0.955556 0.008333 0.029630
9 0.291146 0.948611 0.021875 0.047222
6 0.484115 0.570370 0.007812 0.025926
3 0.451823 0.472222 0.008854 0.016667
8 0.528385 0.547685 0.015104 0.039815
9 0.623698 0.657870 0.007812 0.023148
3 0.717708 0.902778 0.041667 0.070370
6 0.765625 0.963426 0.041667 0.047222