5 0.684611 0.414566 0.023634 0.052288
5 0.563813 0.237162 0.021534 0.046685
3 0.429884 0.189542 0.012080 0.020542
5 0.439338 0.171802 0.015231 0.031746
4 0.575893 0.299253 0.011029 0.021475
3 0.197216 0.876284 0.068803 0.101774
3 0.450105 0.641923 0.022059 0.062558
5 0.495011 0.509337 0.032038 0.116713
3 0.473477 0.268441 0.012080 0.021475
4 0.576681 0.466853 0.033613 0.082166
3 0.560137 0.193744 0.014181 0.030812
0 0.539128 0.263772 0.008929 0.021475
3 0.468487 0.233427 0.011555 0.026144
3 0.524160 0.188142 0.012605 0.019608
3 0.494485 0.199346 0.015231 0.019608