0 0.523958 0.486111 0.007292 0.024074
3 0.493750 0.414815 0.014583 0.025926
3 0.676823 0.922685 0.051562 0.082407
0 0.378646 0.516204 0.007292 0.023148
0 0.384635 0.515278 0.006771 0.026852
3 0.539062 0.783796 0.027083 0.065741
8 0.503906 0.474074 0.019271 0.051852
3 0.235417 0.937037 0.051042 0.100000
3 0.274740 0.810648 0.042188 0.104630
6 0.300521 0.772685 0.033333 0.036111
3 0.317969 0.736111 0.035937 0.064815
3 0.333854 0.682407 0.047917 0.055556
3 0.345313 0.641204 0.037500 0.056481
3 0.366667 0.596296 0.020833 0.044444
3 0.383333 0.554630 0.019792 0.037037
3 0.378125 0.760185 0.025000 0.061111
9 0.308854 0.859259 0.022917 0.051852
3 0.363281 0.700463 0.031771 0.062037
3 0.535677 0.720833 0.025521 0.065741
3 0.501563 0.746296 0.030208 0.059259
3 0.530990 0.664352 0.023438 0.054630
3 0.496354 0.668981 0.026042 0.052778
3 0.448177 0.708796 0.025521 0.060185
0 0.525781 0.631481 0.009896 0.031481
2 0.404687 0.567130 0.009375 0.032407
3 0.619271 0.686574 0.048958 0.047222
3 0.622135 0.645833 0.027604 0.047222
3 0.076563 0.923611 0.076042 0.100926
3 0.103906 0.933333 0.067187 0.101852
4 0.157031 0.937037 0.061979 0.114815
3 0.638021 0.586574 0.042708 0.039815
6 0.439844 0.506019 0.013021 0.025000
3 0.395313 0.485185 0.017708 0.031481
6 0.429427 0.468519 0.011979 0.022222
3 0.451562 0.466667 0.014583 0.025926
3 0.629427 0.556019 0.033854 0.034259
3 0.440365 0.437963 0.015104 0.025926
6 0.197396 0.568056 0.030208 0.034259
3 0.233854 0.534259 0.036458 0.037037
3 0.277865 0.444444 0.030729 0.024074
3 0.256771 0.468519 0.030208 0.025926
3 0.273438 0.477778 0.034375 0.025926
3 0.267448 0.488426 0.029687 0.028704
3 0.561458 0.572685 0.035417 0.034259
3 0.556250 0.546296 0.035417 0.033333
4 0.545573 0.521759 0.033854 0.032407
5 0.610156 0.477315 0.021354 0.045370
3 0.586979 0.437500 0.012500 0.030556
3 0.513542 0.447685 0.012500 0.023148
4 0.293229 0.424537 0.021875 0.026852
0 0.540625 0.582407 0.007292 0.022222
0 0.254948 0.571296 0.009896 0.031481
0 0.512240 0.514815 0.007812 0.027778
0 0.572656 0.485648 0.006771 0.021296
5 0.359115 0.430556 0.032813 0.033333
3 0.467187 0.538889 0.017708 0.035185