3 0.597098 0.767857 0.048363 0.107143
4 0.608259 0.644180 0.039435 0.095238
3 0.549851 0.397487 0.028274 0.048942
3 0.370536 0.675265 0.031250 0.091270
3 0.345238 0.486772 0.026786 0.063492
3 0.387277 0.333333 0.018601 0.042328
6 0.322545 0.385582 0.017113 0.043651
3 0.337054 0.306217 0.019345 0.038360
3 0.370536 0.265212 0.017857 0.033069
0 0.462054 0.295635 0.007440 0.025132
3 0.549107 0.885582 0.050595 0.138889
3 0.501860 0.511905 0.026042 0.052910
3 0.476935 0.349206 0.019345 0.039683
4 0.511533 0.357804 0.020089 0.038360
7 0.601935 0.545635 0.044643 0.078042