3 0.180060 0.841931 0.062500 0.152116
0 0.112723 0.866402 0.021577 0.055556
0 0.133929 0.710979 0.017857 0.051587
3 0.212426 0.665344 0.049851 0.121693
0 0.436012 0.736111 0.010417 0.046296
3 0.479911 0.149471 0.016369 0.031746
3 0.439360 0.062169 0.014137 0.026455
3 0.342262 0.429233 0.034226 0.085979
3 0.449033 0.017196 0.012649 0.018519
3 0.360863 0.250661 0.023810 0.051587
3 0.361607 0.171958 0.022321 0.044974
3 0.590030 0.475529 0.037202 0.075397
3 0.110863 0.210317 0.052083 0.039683
1 0.227679 0.768519 0.016369 0.042328
2 0.230283 0.783069 0.012649 0.055556
3 0.535342 0.935847 0.051339 0.125661
3 0.500372 0.554233 0.036458 0.082011
3 0.477679 0.375000 0.029762 0.064815
3 0.438616 0.218915 0.030506 0.038360
3 0.373140 0.077381 0.015625 0.033069
3 0.298735 0.218915 0.040923 0.043651
8 0.551711 0.303571 0.060268 0.183862
3 0.173735 0.199074 0.051339 0.030423
4 0.505580 0.291667 0.020089 0.056878
3 0.401414 0.183862 0.033482 0.037037
0 0.178571 0.271164 0.011905 0.029101
0 0.177083 0.262566 0.008929 0.027778
3 0.468378 0.253307 0.020089 0.046296
4 0.170387 0.140212 0.022321 0.042328
0 0.139137 0.207011 0.010417 0.030423
2 0.317708 0.186508 0.016369 0.050265
1 0.318080 0.171958 0.017113 0.037037