3 0.257552 0.962037 0.049479 0.072222
3 0.678906 0.957407 0.046354 0.081481
5 0.668490 0.736574 0.036979 0.060185
7 0.280990 0.908796 0.049479 0.060185
7 0.286719 0.868056 0.027604 0.052778
7 0.295573 0.834259 0.028646 0.055556
7 0.306250 0.806944 0.021875 0.052778
6 0.327865 0.800926 0.024479 0.048148
7 0.295833 0.787037 0.015625 0.038889
3 0.332031 0.737500 0.021354 0.054630
3 0.341667 0.716204 0.017708 0.043519
6 0.359115 0.721759 0.018229 0.043519
9 0.309896 0.973611 0.017708 0.049074
3 0.499479 0.659259 0.021875 0.042593
4 0.546875 0.714815 0.017708 0.053704
4 0.540885 0.658796 0.021354 0.054630
3 0.630208 0.601852 0.020833 0.037037
3 0.500521 0.554167 0.017708 0.034259
3 0.370312 0.651852 0.023958 0.042593
5 0.382031 0.618981 0.026562 0.045370
6 0.400521 0.637037 0.014583 0.035185
4 0.398958 0.562500 0.022917 0.039815
8 0.408333 0.539815 0.020833 0.051852
3 0.589063 0.584259 0.017708 0.035185
3 0.347396 0.526389 0.029167 0.023148
6 0.075781 0.884259 0.040104 0.042593
6 0.106510 0.886574 0.026562 0.052778
6 0.100000 0.844907 0.052083 0.050926
6 0.298958 0.605093 0.017708 0.028704
6 0.269792 0.666204 0.017708 0.037963
3 0.461198 0.547685 0.013021 0.023148
0 0.484375 0.517130 0.006250 0.023148
0 0.611979 0.592593 0.007292 0.024074
9 0.655729 0.664352 0.019792 0.026852
8 0.504948 0.479630 0.014063 0.038889
3 0.523177 0.506019 0.013021 0.023148
3 0.526302 0.534259 0.013021 0.024074
3 0.581250 0.453704 0.021875 0.022222
3 0.579167 0.444907 0.018750 0.019444
3 0.393750 0.593519 0.021875 0.038889
3 0.450000 0.586574 0.014583 0.037963