0 0.328782 0.410364 0.012605 0.056956
6 0.614496 0.506069 0.033613 0.078431
9 0.303834 0.403828 0.015231 0.040149
9 0.317752 0.341737 0.015756 0.042951
9 0.595851 0.883287 0.024685 0.098973
3 0.503676 0.859944 0.066176 0.179272
3 0.488183 0.560224 0.046744 0.112045
3 0.471901 0.267974 0.033088 0.065359
4 0.563550 0.306723 0.042017 0.077498
2 0.533088 0.327731 0.009454 0.031746
1 0.532300 0.305789 0.008929 0.027077
3 0.475315 0.165733 0.024160 0.043884
1 0.595588 0.864613 0.025210 0.063492
9 0.491859 0.087768 0.008929 0.022409
3 0.568277 0.128385 0.033613 0.043884
3 0.983456 0.944444 0.030987 0.109244
0 0.884716 0.902428 0.027836 0.075630
0 0.904674 0.905696 0.024685 0.084034
0 0.917017 0.900560 0.021008 0.068161
0 0.761292 0.683007 0.021534 0.071895
3 0.710609 0.604575 0.111345 0.099907
9 0.160452 0.788515 0.045693 0.043884
2 0.167542 0.734360 0.053571 0.045752
9 0.327468 0.500000 0.020483 0.053221
1 0.327468 0.480859 0.016282 0.056022
3 0.413603 0.491130 0.048845 0.140056
3 0.459296 0.012138 0.019433 0.024276
0 0.491071 0.075630 0.008403 0.016807