3 0.315290 0.807540 0.073289 0.166667
3 0.319196 0.400463 0.046875 0.046958
1 0.230841 0.315807 0.010789 0.028439
9 0.230841 0.324405 0.018229 0.016534
9 0.024740 0.243056 0.013021 0.020503
3 0.042225 0.266204 0.030134 0.035053
2 0.379650 0.309193 0.009301 0.025794
3 0.140811 0.302579 0.035342 0.039021
3 0.759487 0.573082 0.082961 0.070767
9 0.303757 0.340939 0.016741 0.024471
1 0.305618 0.334325 0.010045 0.027116
1 0.309152 0.335979 0.009673 0.023810
3 0.277344 0.351521 0.050223 0.044312
3 0.403646 0.395172 0.053571 0.039021
5 0.529204 0.429233 0.074777 0.070106
3 0.636719 0.438161 0.047247 0.045635
1 0.815290 0.502976 0.016741 0.048280
3 0.489769 0.264220 0.021205 0.031085
9 0.732701 0.479497 0.030878 0.030423
1 0.734933 0.468585 0.013021 0.041667
3 0.438988 0.172288 0.014881 0.020503
8 0.900112 0.554894 0.160342 0.140212
3 0.187314 0.360119 0.036830 0.041667
3 0.201451 0.297950 0.030878 0.032407
2 0.377418 0.321759 0.008557 0.025794
2 0.385231 0.317130 0.009301 0.032407
3 0.476935 0.944114 0.069940 0.109127
3 0.490513 0.797288 0.052455 0.135582
1 0.771763 0.967923 0.019717 0.049603
0 0.757999 0.950728 0.023438 0.077381
2 0.767299 0.959987 0.022693 0.076058
8 0.615699 0.854497 0.102679 0.288360
5 0.427269 0.295966 0.023438 0.042989
3 0.455171 0.296627 0.021205 0.033730
3 0.428757 0.272156 0.017485 0.027116
3 0.463356 0.285714 0.015253 0.029101
8 0.425037 0.246693 0.026414 0.071429
3 0.451823 0.268188 0.015997 0.029762
6 0.476562 0.179563 0.012649 0.020503
2 0.811942 0.514220 0.029390 0.035053
3 0.454055 0.253968 0.018229 0.027778
3 0.448475 0.244378 0.017485 0.025794
3 0.443266 0.235119 0.013021 0.027116
3 0.414621 0.212632 0.014509 0.027116
4 0.403460 0.190146 0.013765 0.020503
4 0.397693 0.174272 0.012649 0.016534
5 0.435826 0.200728 0.018229 0.031085
3 0.426525 0.196098 0.013021 0.023148
5 0.313802 0.202381 0.027902 0.042328