3 0.889181 0.677404 0.109244 0.084967
3 0.880777 0.454248 0.066176 0.062558
3 0.373687 0.196545 0.016282 0.025210
6 0.105567 0.722689 0.025210 0.067227
1 0.106092 0.697946 0.021008 0.049486
8 0.226103 0.351541 0.044643 0.084967
3 0.627363 0.410831 0.043592 0.044818
9 0.686712 0.608310 0.021534 0.043884
1 0.691964 0.594304 0.017332 0.043884
1 0.659926 0.541550 0.014181 0.041083
3 0.481355 0.298319 0.020483 0.030812
3 0.231092 0.313259 0.037815 0.036415
3 0.253939 0.283847 0.030987 0.033613
9 0.361345 0.442110 0.018908 0.032680
3 0.285714 0.274510 0.022059 0.031746
3 0.309086 0.239496 0.017332 0.023343
3 0.439601 0.414099 0.029412 0.045752
3 0.459821 0.246965 0.018382 0.025210
3 0.455095 0.232026 0.014181 0.023343
7 0.285977 0.315593 0.012080 0.031746
2 0.657826 0.553688 0.016282 0.044818
9 0.451418 0.269374 0.007878 0.023343
1 0.450368 0.261905 0.007878 0.015873
5 0.940126 0.849206 0.116597 0.114846
3 0.805935 0.746032 0.083508 0.102708
3 0.955357 0.774043 0.084034 0.074697
3 0.425945 0.232493 0.015756 0.026144
3 0.341124 0.302988 0.022584 0.034547
3 0.396534 0.199346 0.013655 0.021475
0 0.183036 0.490663 0.012080 0.051354
6 0.492384 0.516807 0.042542 0.042017
9 0.610032 0.505602 0.015231 0.036415
3 0.410189 0.238095 0.017857 0.026144
9 0.475578 0.348273 0.012080 0.026144