3 0.509673 0.812169 0.019345 0.039683
3 0.406622 0.775132 0.020089 0.042328
3 0.334821 0.881614 0.028274 0.062169
3 0.302455 0.884259 0.033482 0.062169
3 0.472470 0.714947 0.013393 0.025132
3 0.606399 0.953042 0.026786 0.056878
3 0.581101 0.888889 0.025298 0.052910
3 0.559896 0.837302 0.023065 0.047619
3 0.533482 0.769180 0.022321 0.033069
3 0.553943 0.745370 0.015625 0.033069
8 0.430432 0.656085 0.018601 0.050265
0 0.361235 0.832672 0.006696 0.033069
1 0.364955 0.778439 0.006696 0.019841
9 0.365699 0.791667 0.006696 0.019841
3 0.385417 0.687169 0.013393 0.033069
3 0.367932 0.651455 0.030506 0.019841
1 0.375744 0.791667 0.007440 0.022487
2 0.376860 0.802249 0.006696 0.019841
3 0.457589 0.628968 0.026786 0.019841
3 0.438988 0.615741 0.010417 0.019841
0 0.513021 0.616402 0.006696 0.015873
3 0.493676 0.898810 0.024554 0.054233
3 0.518229 0.671296 0.011161 0.025132
3 0.478423 0.668651 0.014881 0.019841
3 0.499256 0.737434 0.016369 0.027778
3 0.504836 0.701720 0.011161 0.025132
3 0.481771 0.649471 0.012649 0.023810
3 0.499256 0.656746 0.011905 0.027778
3 0.482515 0.632937 0.026042 0.019841
3 0.503348 0.634259 0.012649 0.019841