3 0.055935 0.246499 0.083508 0.063492
2 0.212447 0.210084 0.013130 0.033613
2 0.225053 0.223623 0.011029 0.042017
2 0.238183 0.220822 0.012080 0.038282
3 0.263918 0.206816 0.038340 0.077498
3 0.316439 0.169468 0.047794 0.088702
0 0.269695 0.651261 0.012080 0.047619
3 0.831145 0.403828 0.081408 0.077498
0 0.747374 0.289449 0.014706 0.041083
0 0.758666 0.290850 0.014181 0.043884
3 0.160977 0.283380 0.079307 0.064426
0 0.646271 0.199346 0.008929 0.047619
0 0.774422 0.244164 0.015231 0.043884
0 0.120011 0.227824 0.011029 0.048553
0 0.782826 0.232026 0.015231 0.042017
0 0.779674 0.983660 0.016282 0.030812
0 0.771271 0.974790 0.016282 0.039216
0 0.786239 0.940243 0.018908 0.041083
0 0.808824 0.935107 0.014706 0.043884
0 0.770746 0.866947 0.021534 0.047619
6 0.537815 0.585901 0.032563 0.062558
0 0.637342 0.198413 0.011029 0.036415
0 0.759191 0.980392 0.016282 0.029879
3 0.714548 0.338469 0.070903 0.073763
0 0.135767 0.761438 0.020483 0.049486
2 0.233981 0.550420 0.026786 0.040149
2 0.723214 0.412698 0.023109 0.037348
0 0.735294 0.112979 0.015756 0.042951
3 0.654412 0.033613 0.045168 0.067227
3 0.396534 0.719888 0.065126 0.151261
3 0.442227 0.476190 0.048319 0.123249
3 0.602153 0.235761 0.036239 0.096172
3 0.482143 0.287582 0.037815 0.112045
3 0.334559 0.326331 0.077731 0.094304
3 0.453782 0.170401 0.049370 0.088702
2 0.343225 0.614846 0.013130 0.047619
2 0.651786 0.316527 0.014706 0.044818
0 0.767595 0.344538 0.013130 0.044818
2 0.636029 0.095238 0.012605 0.041083
0 0.258403 0.251167 0.013655 0.044818
2 0.233718 0.686741 0.026261 0.051354
2 0.930935 0.772642 0.034139 0.043884
0 0.708771 0.055556 0.012080 0.038282
0 0.701418 0.041083 0.008929 0.026144
0 0.712710 0.034547 0.011555 0.026144
0 0.935924 0.401027 0.017857 0.043884
0 0.742910 0.160131 0.013130 0.038282
9 0.038078 0.845472 0.029937 0.040149
9 0.023372 0.905229 0.044643 0.028945
9 0.045168 0.950980 0.051471 0.042017
0 0.242384 0.109711 0.023634 0.049486
3 0.051733 0.430906 0.096113 0.079365