3 0.491334 0.180205 0.030987 0.050420
3 0.452994 0.609711 0.081408 0.126984
3 0.485294 0.485528 0.066176 0.126984
3 0.521796 0.131653 0.027836 0.048553
3 0.342962 0.207283 0.044118 0.061625
3 0.384454 0.180672 0.036765 0.056956
3 0.412815 0.158730 0.031513 0.054155
3 0.461397 0.111578 0.025735 0.038282
3 0.379727 0.248833 0.047269 0.075630
3 0.330095 0.401494 0.066702 0.095238
3 0.555410 0.276844 0.053046 0.075630
3 0.583508 0.222222 0.042017 0.070962
3 0.591649 0.185808 0.037290 0.052288
3 0.621849 0.281046 0.042017 0.061625
3 0.668330 0.334734 0.074055 0.066293
3 0.666229 0.370682 0.086660 0.072829
3 0.668067 0.429505 0.094538 0.084034
3 0.650735 0.563025 0.080882 0.130719
3 0.694853 0.685808 0.157563 0.169001
3 0.661765 0.867414 0.184874 0.173669
3 0.601103 0.967320 0.194853 0.063492
3 0.734244 0.374416 0.039916 0.089636
0 0.529149 0.740430 0.033088 0.112045
9 0.583246 0.518207 0.027836 0.059757
9 0.592174 0.480392 0.025735 0.043884
0 0.728204 0.482726 0.023634 0.059757
0 0.724527 0.483193 0.021534 0.075630
0 0.707721 0.444444 0.016282 0.059757
3 0.019433 0.335201 0.038866 0.065359
3 0.055410 0.321662 0.056197 0.066293
3 0.144958 0.278245 0.058824 0.065359
3 0.173057 0.204949 0.043592 0.055089
3 0.560137 0.083567 0.024685 0.038282
3 0.481880 0.094304 0.021534 0.037348
3 0.493435 0.081699 0.024685 0.038282
3 0.505515 0.071429 0.021534 0.032680
3 0.512080 0.059290 0.021008 0.027077
3 0.525998 0.050887 0.023634 0.025210
3 0.588498 0.014472 0.014181 0.023343
0 0.551733 0.042484 0.006828 0.023343
3 0.576681 0.068627 0.017857 0.049486
0 0.424632 0.598506 0.019433 0.050420
9 0.768645 0.619514 0.049895 0.066293
9 0.770746 0.501867 0.020483 0.066293