5 0.146691 0.671242 0.059559 0.100654
3 0.512868 0.371895 0.016912 0.027451
3 0.820956 0.941830 0.083088 0.111111
3 0.214706 0.860784 0.083824 0.116340
3 0.023897 0.947059 0.047794 0.087582
3 0.116176 0.739216 0.080882 0.069281
3 0.033824 0.879739 0.067647 0.073203
3 0.224632 0.777124 0.050735 0.079739
3 0.816544 0.818301 0.083088 0.075817
3 0.241544 0.575817 0.061029 0.050980
3 0.441544 0.457516 0.019853 0.039216
3 0.476838 0.462092 0.021324 0.035294
3 0.475368 0.394118 0.015441 0.027451
3 0.445588 0.412418 0.014706 0.032680
3 0.236397 0.512418 0.050735 0.039216
3 0.242647 0.466013 0.035294 0.032680
3 0.254779 0.543791 0.047794 0.036601
4 0.367647 0.452941 0.025000 0.037908
4 0.379044 0.429412 0.016912 0.035294
5 0.628309 0.470588 0.024265 0.052288
3 0.775735 0.600000 0.061765 0.052288
3 0.897426 0.809150 0.080147 0.065359
3 0.813603 0.683660 0.077206 0.054902
3 0.726838 0.543791 0.053676 0.041830
9 0.951103 0.964052 0.021324 0.064052
1 0.243382 0.892810 0.013235 0.041830
3 0.708824 0.527451 0.047059 0.037908
3 0.703676 0.507190 0.047059 0.031373
3 0.792647 0.656863 0.052941 0.040523
6 0.725000 0.605882 0.036765 0.037908
6 0.182721 0.554902 0.044853 0.048366
3 0.603676 0.405229 0.027941 0.031373
3 0.636397 0.415033 0.036029 0.030065
5 0.666176 0.460784 0.048529 0.050980
3 0.396691 0.387582 0.015441 0.027451
3 0.404044 0.369935 0.016912 0.028758
1 0.365809 0.518954 0.008088 0.028758
1 0.290809 0.799346 0.013971 0.050980
0 0.239706 0.530065 0.010294 0.032680
0 0.251471 0.526144 0.008824 0.030065
0 0.259191 0.526144 0.008088 0.032680
9 0.398529 0.489542 0.013235 0.035294
3 0.599632 0.358170 0.031618 0.031373