0 0.843487 0.896359 0.026261 0.072829
0 0.850053 0.874883 0.019433 0.070962
1 0.833508 0.795051 0.030462 0.068161
1 0.820378 0.769374 0.024160 0.056022
1 0.817489 0.746965 0.025735 0.052288
9 0.266544 0.680672 0.020483 0.059757
0 0.174107 0.896359 0.028887 0.091503
0 0.482931 0.703548 0.020483 0.083100
0 0.504464 0.700747 0.016282 0.077498
1 0.530200 0.691877 0.016282 0.078431
0 0.561712 0.706816 0.017332 0.074697
0 0.445641 0.948646 0.028887 0.098973
0 0.487920 0.886555 0.035714 0.084967
0 0.545168 0.933707 0.026261 0.093371
0 0.597164 0.920168 0.032563 0.105509
0 0.553309 0.822596 0.023634 0.100840
0 0.482931 0.831466 0.026786 0.090570
0 0.486345 0.810924 0.028361 0.084967
9 0.931460 0.958917 0.050945 0.057890
0 0.544905 0.946779 0.029937 0.098973