0 0.510938 0.513889 0.006250 0.020370
3 0.489583 0.659259 0.017708 0.042593
3 0.697917 0.861574 0.041667 0.082407
3 0.484896 0.503241 0.014583 0.028704
5 0.255469 0.931481 0.065104 0.116667
4 0.309896 0.775000 0.040625 0.083333
8 0.332813 0.717130 0.039583 0.093519
4 0.503385 0.747685 0.040104 0.056481
3 0.421875 0.705093 0.022917 0.047222
3 0.623437 0.812500 0.033333 0.076852
3 0.564583 0.708796 0.046875 0.039815
3 0.559635 0.689352 0.044271 0.034259
3 0.570312 0.676389 0.046875 0.032407
3 0.582552 0.641667 0.035937 0.037037
3 0.244010 0.681481 0.046354 0.037037
3 0.457552 0.495370 0.011979 0.024074
6 0.102865 0.909722 0.041146 0.069444
0 0.482812 0.686574 0.007292 0.032407
9 0.400000 0.651389 0.009375 0.030556
0 0.433073 0.583796 0.006771 0.026852
0 0.648438 0.724074 0.009375 0.037037
2 0.626563 0.677315 0.010417 0.025000
0 0.489323 0.523148 0.006771 0.022222
0 0.495833 0.520370 0.006250 0.018519
3 0.520833 0.604630 0.015625 0.029630
8 0.502604 0.489352 0.013542 0.036111
3 0.365104 0.644907 0.020833 0.037963
3 0.373698 0.607407 0.020313 0.040741
3 0.393490 0.582407 0.019271 0.035185
3 0.401302 0.564352 0.021354 0.028704
3 0.402344 0.548611 0.021354 0.026852
9 0.397396 0.621759 0.014583 0.026852
3 0.417708 0.574074 0.015625 0.027778
3 0.512240 0.629630 0.018229 0.031481
3 0.516667 0.693519 0.019792 0.040741
0 0.466406 0.544444 0.006771 0.022222
3 0.285417 0.637500 0.028125 0.039815
4 0.329167 0.640278 0.029167 0.050926
3 0.588021 0.532407 0.028125 0.027778
3 0.587240 0.513889 0.024479 0.025926
3 0.536719 0.507407 0.026562 0.022222
0 0.479427 0.537500 0.006771 0.023148
3 0.288281 0.841667 0.044271 0.077778