3 0.448713 0.684967 0.038603 0.070588
3 0.475368 0.946405 0.055147 0.103268
3 0.524816 0.727451 0.044485 0.086275
3 0.676838 0.864379 0.055147 0.102614
8 0.653125 0.910458 0.132721 0.177778
3 0.963419 0.718954 0.069485 0.086275
3 0.773897 0.673529 0.088235 0.068627
3 0.860110 0.672222 0.087868 0.060784
3 0.636397 0.636928 0.084559 0.063399
3 0.686765 0.628105 0.072794 0.061438
3 0.538235 0.578758 0.069853 0.063399
3 0.578860 0.481373 0.035662 0.039869
3 0.407169 0.267974 0.011397 0.016993
3 0.035110 0.379739 0.047426 0.033987
3 0.040441 0.529739 0.036765 0.050327
3 0.457537 0.334641 0.017279 0.023529
4 0.052206 0.896732 0.081618 0.151634
3 0.170956 0.744771 0.055147 0.105229
3 0.107169 0.716013 0.057721 0.096078
3 0.240074 0.549673 0.033824 0.054902
3 0.365441 0.386601 0.018382 0.030719
3 0.280515 0.472222 0.028676 0.045098
3 0.229228 0.454248 0.026103 0.044444
3 0.268015 0.424510 0.024265 0.035948
3 0.299449 0.429412 0.021691 0.036601
3 0.337684 0.385294 0.019485 0.032026
3 0.280515 0.380719 0.020588 0.030719
3 0.262316 0.372222 0.020221 0.034641
3 0.275551 0.342157 0.016544 0.026797
3 0.420956 0.286601 0.013235 0.021569
9 0.017279 0.629085 0.018382 0.041176
9 0.048346 0.681699 0.020221 0.044444
9 0.059926 0.596732 0.012500 0.039216
9 0.121140 0.562745 0.014338 0.039216
2 0.104963 0.548693 0.014338 0.035948
2 0.090809 0.547386 0.013235 0.035948
9 0.565441 0.648039 0.021324 0.038562
1 0.567096 0.631699 0.011397 0.030719
2 0.609191 0.661765 0.015441 0.029412
1 0.606985 0.641830 0.012500 0.033987
2 0.595221 0.670915 0.023529 0.033333
1 0.596507 0.648693 0.012868 0.034641
0 0.653676 0.567320 0.011029 0.043137
1 0.815625 0.944118 0.018015 0.066013
1 0.796875 0.906209 0.016544 0.060784
1 0.816728 0.873529 0.015809 0.051634
1 0.833640 0.961438 0.024632 0.057516
1 0.848713 0.926471 0.020221 0.056863
1 0.770404 0.848366 0.013603 0.043137
1 0.779044 0.801634 0.013971 0.042484
1 0.795037 0.778105 0.017279 0.042484
1 0.704596 0.787908 0.014338 0.047712
0 0.912684 0.966013 0.020221 0.058824
1 0.731434 0.801634 0.015809 0.049020
0 0.770037 0.893791 0.015809 0.062092
0 0.706801 0.916993 0.015809 0.075817
0 0.685478 0.866993 0.018750 0.066013
1 0.645404 0.727124 0.014338 0.049020
1 0.633640 0.689216 0.014338 0.046405
0 0.736949 0.881046 0.015809 0.061438
0 0.854596 0.904248 0.013603 0.064706
0 0.884743 0.938889 0.015809 0.080392
0 0.935846 0.911438 0.017279 0.068627
1 0.680699 0.757190 0.016544 0.049020
1 0.686581 0.728431 0.012132 0.039869
0 0.667463 0.725163 0.013603 0.043791
1 0.660110 0.705556 0.014338 0.043791
1 0.638051 0.661765 0.012132 0.046405
1 0.655331 0.669608 0.012132 0.039869
1 0.666728 0.686601 0.012132 0.043791
1 0.681434 0.681373 0.015074 0.047712
1 0.715257 0.689216 0.016544 0.046405
1 0.754596 0.775490 0.014338 0.058170
0 0.940257 0.962418 0.015074 0.073856
0 0.949816 0.850654 0.015074 0.062092
0 0.930699 0.828431 0.016544 0.062092
0 0.893015 0.813072 0.014706 0.062745
3 0.472243 0.810458 0.041544 0.092810
3 0.536949 0.839869 0.049632 0.111111
3 0.556066 0.494771 0.053309 0.043137
3 0.479228 0.340850 0.015074 0.021569
3 0.472243 0.325163 0.013603 0.020261
3 0.400735 0.800654 0.046324 0.107190
3 0.510110 0.627451 0.038603 0.060131
3 0.396507 0.662745 0.034191 0.065359
3 0.627206 0.537582 0.058824 0.047712
3 0.453125 0.588562 0.032721 0.055556
3 0.414522 0.552614 0.029779 0.055556
3 0.451654 0.297712 0.012132 0.017647
3 0.442831 0.278758 0.013603 0.016340
3 0.426287 0.252614 0.011397 0.015033