3 0.059086 0.906162 0.118172 0.187675
3 0.315389 0.967787 0.168592 0.058824
3 0.411502 0.610177 0.064601 0.073763
3 0.500788 0.597106 0.059349 0.073763
3 0.634191 0.495331 0.042542 0.047619
3 0.596376 0.487862 0.039391 0.043884
3 0.599265 0.450980 0.031513 0.037348
0 0.455882 0.494865 0.012605 0.048553
3 0.653361 0.444911 0.030462 0.036415
3 0.699842 0.442110 0.032038 0.043884
3 0.737658 0.404762 0.025735 0.036415
8 0.711397 0.387955 0.047794 0.056956
3 0.752626 0.375817 0.019958 0.025210
3 0.798319 0.345472 0.016807 0.020542