5 0.614496 0.563492 0.016807 0.038282
3 0.537815 0.571429 0.031513 0.082166
3 0.945641 0.546218 0.055147 0.052288
3 0.568277 0.459384 0.026261 0.024276
9 0.571691 0.800654 0.011029 0.038282
1 0.570641 0.801120 0.007878 0.028011
3 0.544380 0.268908 0.014181 0.022409
4 0.544905 0.375350 0.009979 0.018674
3 0.442752 0.427638 0.009454 0.018674
3 0.456408 0.369748 0.009454 0.016807
5 0.434874 0.218487 0.013655 0.028011
3 0.479517 0.336601 0.013655 0.015873
3 0.432773 0.373483 0.009454 0.020542
3 0.437500 0.333333 0.009454 0.020542
5 0.499212 0.344071 0.012080 0.027077
3 0.445116 0.307656 0.009979 0.017740
3 0.458508 0.337068 0.009454 0.016807
4 0.476103 0.249767 0.009979 0.023343
5 0.544905 0.254435 0.013130 0.030812