3 0.561712 0.104108 0.025735 0.045752
1 0.614496 0.598039 0.017857 0.047619
9 0.231092 0.330999 0.030462 0.045752
0 0.266544 0.335201 0.014181 0.044818
9 0.337973 0.211485 0.020483 0.032680
0 0.616859 0.174603 0.015231 0.044818
0 0.626313 0.173203 0.015231 0.045752
0 0.336397 0.167600 0.011029 0.042017
0 0.334296 0.158263 0.006828 0.030812
3 0.156513 0.880486 0.110294 0.203548
3 0.478466 0.457049 0.035714 0.101774
5 0.927258 0.844071 0.143382 0.181139
3 0.573004 0.882820 0.067227 0.187675
3 0.680935 0.797386 0.061450 0.169935
3 0.809086 0.480859 0.094013 0.074697
3 0.851366 0.429505 0.088235 0.069094
3 0.904937 0.354342 0.080882 0.064426
3 0.570116 0.214286 0.029937 0.055089
3 0.472689 0.274510 0.033613 0.082166
3 0.299370 0.410364 0.086134 0.083100
3 0.949842 0.408497 0.088761 0.060691
3 0.420956 0.077498 0.022584 0.042951
3 0.038603 0.550420 0.077206 0.084967
3 0.561187 0.145658 0.030987 0.054155
3 0.629727 0.157796 0.057773 0.044818
3 0.563025 0.027544 0.046218 0.045752
3 0.429884 0.032680 0.022584 0.044818
0 0.748950 0.542484 0.017857 0.059757
6 0.617122 0.626050 0.025210 0.075630
0 0.745536 0.406162 0.013130 0.050420
1 0.462973 0.960317 0.017332 0.055089
9 0.462973 0.972923 0.020483 0.048553
0 0.720851 0.873483 0.020483 0.064426
0 0.724265 0.882353 0.019958 0.059757
0 0.730567 0.914566 0.023109 0.064426
1 0.549632 0.462185 0.013130 0.044818
9 0.547794 0.469655 0.014706 0.044818
2 0.665966 0.304855 0.010504 0.036415
9 0.703256 0.319795 0.012605 0.043884
9 0.734244 0.314659 0.016807 0.035481
9 0.772059 0.304855 0.012605 0.043884
9 0.789128 0.300187 0.014181 0.040149
9 0.844800 0.319795 0.018382 0.040149
9 0.877363 0.291783 0.018382 0.040149
2 0.889443 0.325397 0.014181 0.043884
9 0.936187 0.317927 0.022584 0.047619
1 0.422532 0.663399 0.017332 0.049486
9 0.424632 0.697946 0.017332 0.058824
1 0.595326 0.420168 0.015231 0.041083
9 0.595063 0.436975 0.023109 0.041083
9 0.741071 0.838002 0.025210 0.064426
1 0.741071 0.807656 0.017857 0.050420
0 0.294905 0.429972 0.015231 0.055089
0 0.304622 0.428105 0.017857 0.058824
1 0.475578 0.592904 0.021534 0.046685
6 0.477153 0.599440 0.028887 0.085901
1 0.378676 0.340336 0.015756 0.038282
9 0.379202 0.356676 0.018908 0.042951
0 0.284139 0.455182 0.019958 0.053221
9 0.285714 0.462185 0.023109 0.050420
0 0.315389 0.450514 0.013130 0.051354
0 0.320116 0.450980 0.015231 0.050420
9 0.317227 0.272176 0.026261 0.030812
9 0.370798 0.200747 0.022059 0.031746
9 0.369748 0.179272 0.023109 0.028011
1 0.560137 0.317927 0.013130 0.040149
9 0.560399 0.332866 0.012605 0.043884
0 0.223214 0.302988 0.014706 0.049486
0 0.299895 0.207283 0.012605 0.042951
0 0.308824 0.208683 0.012605 0.042017
1 0.113445 0.589636 0.023109 0.049486
9 0.120273 0.603175 0.046218 0.041083
1 0.465861 0.166200 0.010504 0.031746
9 0.465861 0.183940 0.012605 0.031746
0 0.027311 0.340336 0.016807 0.047619
1 0.511817 0.121849 0.009979 0.032680
9 0.511817 0.131186 0.015231 0.030812
1 0.274422 0.297852 0.017332 0.037348
9 0.275473 0.317927 0.028887 0.036415
0 0.685399 0.285247 0.010504 0.040149
0 0.682511 0.292717 0.012080 0.043884
0 0.132878 0.314192 0.014706 0.042017
0 0.049632 0.332400 0.015231 0.046685
0 0.249737 0.359010 0.017332 0.045752
0 0.259454 0.349206 0.016807 0.050420
0 0.306197 0.260037 0.012605 0.040149
0 0.298582 0.250233 0.013130 0.041083
0 0.343225 0.160131 0.009979 0.040149
0 0.337973 0.177404 0.013130 0.041083
0 0.648897 0.114379 0.012080 0.036415
0 0.685137 0.217087 0.009979 0.038282
0 0.858193 0.273109 0.014706 0.045752
0 0.838498 0.279178 0.014181 0.041083
9 0.235557 0.339869 0.024685 0.041083
9 0.067752 0.364613 0.017857 0.045752
1 0.580620 0.042484 0.009979 0.030812
9 0.577994 0.046685 0.015231 0.022409
0 0.962710 0.289449 0.016807 0.044818
6 0.644170 0.213352 0.038340 0.036415
6 0.948267 0.276377 0.015231 0.044818
0 0.621324 0.098506 0.009454 0.036415
9 0.599265 0.183007 0.021008 0.031746