0 0.523958 0.487037 0.007292 0.024074
3 0.494792 0.411574 0.014583 0.025000
3 0.681510 0.938889 0.051562 0.077778
0 0.376042 0.516204 0.007292 0.023148
0 0.382031 0.515741 0.006771 0.027778
3 0.540104 0.793056 0.027083 0.065741
8 0.503646 0.473148 0.019792 0.051852
3 0.232552 0.948611 0.052604 0.097222
3 0.271875 0.822685 0.042708 0.104630
6 0.298958 0.780093 0.033333 0.036111
3 0.315625 0.742593 0.036458 0.064815
3 0.332031 0.689815 0.048438 0.055556
3 0.344010 0.646296 0.038021 0.057407
3 0.365365 0.599074 0.021354 0.046296
3 0.382812 0.558333 0.019792 0.037037
3 0.372917 0.787500 0.026042 0.065741
9 0.306250 0.872222 0.022917 0.051852
3 0.363021 0.708333 0.032292 0.064815
3 0.537760 0.727778 0.026562 0.064815
3 0.501563 0.743981 0.028125 0.060185
3 0.531771 0.670370 0.023958 0.057407
3 0.498698 0.666204 0.024479 0.050926
3 0.450521 0.687500 0.025000 0.060185
0 0.527865 0.637037 0.009896 0.031481
2 0.403646 0.576389 0.009375 0.032407
3 0.621354 0.693519 0.048958 0.050000
3 0.624479 0.651389 0.028125 0.047222
3 0.068229 0.935648 0.077083 0.100926
3 0.097135 0.949537 0.067187 0.100926
4 0.150781 0.946296 0.061979 0.103704
3 0.640104 0.591204 0.042708 0.039815
6 0.437760 0.519907 0.013021 0.025000
3 0.394792 0.487963 0.017708 0.031481
6 0.428385 0.475000 0.011979 0.022222
3 0.450521 0.476389 0.015625 0.026852
3 0.631250 0.560648 0.034375 0.036111
3 0.438542 0.444444 0.015625 0.025926
6 0.194531 0.572222 0.030729 0.035185
3 0.231510 0.537037 0.036979 0.037037
3 0.277083 0.445833 0.030208 0.023148
3 0.255729 0.470370 0.031250 0.025926
3 0.272396 0.479630 0.034375 0.025926
3 0.266406 0.490278 0.029687 0.028704
3 0.562500 0.576852 0.036458 0.035185
3 0.556771 0.547685 0.035417 0.034259
4 0.546354 0.525000 0.034375 0.031481
5 0.610938 0.479167 0.021875 0.045370
3 0.587760 0.439352 0.013021 0.030556
3 0.461198 0.413426 0.010937 0.021296
3 0.513542 0.448611 0.012500 0.023148
4 0.293229 0.426389 0.021875 0.026852
0 0.542188 0.584259 0.007292 0.022222
0 0.253906 0.573148 0.009896 0.031481
0 0.511198 0.518519 0.007812 0.027778
0 0.574740 0.488426 0.006771 0.021296
5 0.358594 0.432407 0.032813 0.033333
3 0.470313 0.523611 0.015625 0.036111