1 0.240809 0.062558 0.014181 0.031746
9 0.202468 0.108777 0.019433 0.047619
1 0.201943 0.091503 0.015231 0.041083
1 0.197742 0.101774 0.014181 0.039216
0 0.222952 0.763772 0.023634 0.084034
0 0.255777 0.727358 0.022059 0.082166
0 0.418067 0.368814 0.015756 0.063492
0 0.411239 0.304388 0.012605 0.042951
0 0.393908 0.291783 0.017857 0.062558
1 0.642332 0.298786 0.027311 0.059757
6 0.655725 0.316527 0.088761 0.063492
3 0.837973 0.402894 0.122374 0.090570
3 0.050420 0.204949 0.086134 0.101774
9 0.429359 0.030812 0.020483 0.039216
1 0.429884 0.020075 0.014181 0.040149
9 0.519958 0.624650 0.049370 0.056022
1 0.519695 0.601307 0.021534 0.057890
1 0.506828 0.597572 0.014706 0.044818
5 0.878939 0.128852 0.241071 0.138189
6 0.806460 0.205415 0.060399 0.042951
1 0.801208 0.196078 0.022584 0.039216
0 0.498424 0.158263 0.009454 0.036415
0 0.490021 0.147993 0.011555 0.051354
0 0.519958 0.116713 0.012605 0.054155
0 0.512868 0.118114 0.011029 0.042017
0 0.317489 0.936975 0.018382 0.083100
4 0.620798 0.361345 0.098739 0.104575
3 0.290179 0.908497 0.171744 0.141923
9 0.383141 0.146592 0.026786 0.033613
1 0.383141 0.132586 0.016282 0.044818
0 0.554359 0.133520 0.014181 0.059757
0 0.189076 0.852941 0.018908 0.075630
0 0.207458 0.858543 0.024160 0.073763
0 0.243172 0.801587 0.027311 0.071895
0 0.209821 0.814192 0.022584 0.065359
3 0.407300 0.104575 0.071954 0.072829
3 0.234769 0.594771 0.144958 0.141923
9 0.246586 0.064426 0.019433 0.042951
1 0.244485 0.051354 0.013130 0.039216