5 0.648109 0.524276 0.036765 0.070028
5 0.536239 0.583100 0.042017 0.081232
5 0.568540 0.302988 0.015231 0.038282
3 0.421481 0.279645 0.012080 0.021475
5 0.440389 0.260504 0.018382 0.031746
6 0.586397 0.597106 0.021534 0.045752
5 0.493960 0.426704 0.137080 0.059757
3 0.303309 0.431373 0.042542 0.033613
4 0.512605 0.326797 0.017857 0.035481
3 0.563813 0.272176 0.015231 0.032680
3 0.504464 0.259104 0.008929 0.015873
0 0.546481 0.265640 0.008929 0.021475
3 0.505252 0.276844 0.008403 0.015873
3 0.514443 0.428105 0.015231 0.038282
1 0.581670 0.585901 0.016282 0.025210
3 0.365546 0.540616 0.023109 0.037348
3 0.465599 0.278711 0.008929 0.015873
3 0.606355 0.300187 0.034139 0.027077
3 0.322742 0.296452 0.015231 0.021475
3 0.465336 0.265640 0.011555 0.015873
3 0.472426 0.254902 0.011029 0.014939