0 0.385504 0.752568 0.018908 0.084034
0 0.398897 0.795051 0.021534 0.058824
0 0.382878 0.813725 0.014706 0.045752
0 0.395483 0.704482 0.012605 0.045752
1 0.428571 0.689542 0.018908 0.045752
3 0.422532 0.684407 0.048845 0.054155
0 0.247637 0.648459 0.027836 0.077498
0 0.221639 0.648459 0.023109 0.075630
0 0.359769 0.688142 0.024160 0.082166
9 0.303571 0.688142 0.058824 0.050420
0 0.399947 0.051354 0.013130 0.054155
0 0.380252 0.055089 0.012605 0.039216
0 0.374475 0.049486 0.012605 0.054155
9 0.854254 0.087768 0.033088 0.031746
1 0.854779 0.075163 0.017332 0.036415
5 0.804097 0.042951 0.289916 0.085901
0 0.644958 0.707283 0.018908 0.077498
0 0.976628 0.908030 0.021534 0.066293
0 0.938813 0.898693 0.015231 0.060691
0 0.909926 0.914566 0.021534 0.055089
0 0.841124 0.845472 0.034139 0.060691
0 0.360032 0.731559 0.018382 0.094304
0 0.289128 0.747899 0.018382 0.067227
0 0.234769 0.830532 0.017857 0.079365
0 0.298582 0.853408 0.021534 0.076564
0 0.316439 0.847339 0.018382 0.073763
0 0.329569 0.828198 0.021534 0.070962
0 0.343225 0.799720 0.021534 0.062558
0 0.263130 0.844071 0.021008 0.087768
0 0.278887 0.799720 0.017857 0.060691
0 0.292017 0.795985 0.015756 0.032680
0 0.313813 0.779645 0.012080 0.039216
0 0.242122 0.777311 0.021008 0.068161
0 0.250000 0.743697 0.025210 0.049486
0 0.269170 0.731092 0.013130 0.056022
0 0.263918 0.787115 0.021534 0.070962
3 0.104254 0.548086 0.146534 0.158730
4 0.592700 0.199346 0.085609 0.084967
3 0.641807 0.127451 0.086134 0.079365
0 0.758666 0.746032 0.026786 0.076564
6 0.712973 0.670868 0.112920 0.127918
4 0.945116 0.694211 0.106618 0.127918
0 0.770483 0.939309 0.024160 0.091503
0 0.806985 0.968721 0.030987 0.049486
0 0.622111 0.943978 0.025735 0.087768
0 0.651261 0.863212 0.024160 0.081232
9 0.709034 0.844071 0.067227 0.093371
0 0.626838 0.849206 0.023634 0.075630
0 0.636555 0.790383 0.021008 0.084967
1 0.518908 0.787582 0.030462 0.062558
1 0.532563 0.746965 0.025210 0.067227
0 0.438288 0.718487 0.020483 0.090570
3 0.318540 0.601307 0.144433 0.115780
0 0.398634 0.853875 0.024160 0.086835
0 0.589286 0.753035 0.014706 0.051354
0 0.611345 0.751167 0.015756 0.047619
0 0.507878 0.659664 0.014706 0.068161
0 0.542805 0.670868 0.014181 0.070028
0 0.530987 0.649860 0.017857 0.070962
6 0.810137 0.711018 0.060399 0.070028
9 0.482405 0.054155 0.033088 0.031746
1 0.484244 0.037348 0.014706 0.041083
1 0.492647 0.042951 0.012605 0.039216
9 0.547006 0.065826 0.026786 0.034547
1 0.551208 0.055089 0.017332 0.042951
0 0.444065 0.214753 0.018382 0.072829
0 0.418855 0.393091 0.017332 0.074697
0 0.355830 0.350140 0.020483 0.067227
0 0.363183 0.343137 0.016282 0.064426
0 0.356092 0.323063 0.019958 0.072829
0 0.335347 0.331933 0.016282 0.068161
9 0.497111 0.473856 0.044643 0.053221
1 0.495536 0.461718 0.020483 0.062558
1 0.480567 0.456583 0.015756 0.048553
2 0.172794 0.831933 0.025210 0.084034
9 0.139443 0.870682 0.042542 0.107376
9 0.095851 0.917367 0.054097 0.105509
0 0.376313 0.950047 0.023634 0.092437
0 0.349265 0.942577 0.028361 0.084967
0 0.227416 0.907563 0.027311 0.082166
3 0.935924 0.156396 0.084034 0.064426