9 0.973214 0.441176 0.026261 0.032680
1 0.977416 0.426237 0.010504 0.038282
3 0.846376 0.305322 0.038340 0.056022
3 0.826681 0.265640 0.029412 0.042017
0 0.946166 0.399627 0.011029 0.048553
0 0.931460 0.390289 0.011029 0.052288
3 0.684349 0.960784 0.073529 0.078431
3 0.802784 0.204015 0.023634 0.038282
3 0.764443 0.121849 0.015231 0.027077
3 0.451681 0.229225 0.033613 0.049486
3 0.502101 0.143324 0.021008 0.032680
3 0.526786 0.083567 0.018908 0.034547
3 0.541229 0.071429 0.012080 0.021475
3 0.547532 0.059290 0.015231 0.021475
3 0.610294 0.246965 0.031513 0.068161
3 0.569590 0.244631 0.023634 0.052288
3 0.566439 0.214753 0.026786 0.044818
3 0.608456 0.320728 0.030987 0.062558
3 0.619485 0.181139 0.019433 0.029879
3 0.623162 0.160131 0.018382 0.028945
3 0.556723 0.302988 0.033613 0.077498
3 0.576155 0.145191 0.021008 0.034547
3 0.779412 0.403361 0.081933 0.070962
0 0.980830 0.390289 0.008929 0.052288
3 0.814076 0.233427 0.027311 0.037348
1 0.966387 0.423436 0.010504 0.030812
3 0.566964 0.015406 0.012080 0.021475
3 0.614758 0.206349 0.021534 0.033613
3 0.577731 0.183473 0.027311 0.043884
3 0.592962 0.162465 0.021008 0.033613
3 0.594013 0.381419 0.053571 0.064426
3 0.624475 0.135387 0.016807 0.029879
3 0.660189 0.081699 0.021008 0.042017
3 0.629989 0.045752 0.018382 0.033613
3 0.689601 0.211951 0.029412 0.059757
8 0.510504 0.405229 0.220588 0.160598
3 0.716124 0.276377 0.033088 0.059757
3 0.691702 0.140990 0.023109 0.037348
2 0.679622 0.293184 0.017857 0.037348
1 0.678046 0.284781 0.016807 0.031746
3 0.530462 0.784781 0.101891 0.193277
2 0.627889 0.420168 0.058298 0.070962
1 0.618960 0.410364 0.019433 0.066293
3 0.671744 0.630719 0.101891 0.098039
3 0.800420 0.485528 0.092437 0.076564
3 0.656250 0.340336 0.042542 0.064426
9 0.929359 0.436041 0.023634 0.033613
1 0.930935 0.417367 0.008929 0.037348
3 0.739758 0.056489 0.012080 0.021475
0 0.146271 0.339402 0.008929 0.049486
0 0.451681 0.352007 0.012605 0.048553