3 0.561712 0.104108 0.025735 0.045752
1 0.618960 0.619048 0.019433 0.050420
9 0.231092 0.329132 0.030462 0.045752
0 0.266544 0.336134 0.014181 0.044818
9 0.339023 0.211485 0.020483 0.032680
0 0.624737 0.175537 0.015231 0.044818
0 0.634191 0.175070 0.015231 0.045752
0 0.339023 0.166667 0.011029 0.042017
0 0.338498 0.155462 0.006828 0.030812
3 0.156513 0.879552 0.110294 0.203548
3 0.477941 0.431373 0.034664 0.097106
5 0.928046 0.844538 0.142857 0.180205
3 0.576155 0.911765 0.066176 0.167134
3 0.681197 0.830065 0.066176 0.181139
3 0.809086 0.480859 0.094013 0.074697
3 0.849790 0.429505 0.088235 0.069094
3 0.904937 0.355275 0.080882 0.064426
3 0.570116 0.214286 0.029937 0.055089
3 0.472689 0.259104 0.033613 0.079365
3 0.029674 0.438842 0.058298 0.072829
3 0.319328 0.402894 0.086134 0.083100
3 0.964548 0.408964 0.069853 0.061625
3 0.420956 0.077498 0.022584 0.042951
3 0.038603 0.551354 0.077206 0.084967
3 0.561187 0.147526 0.030987 0.054155
3 0.629202 0.157796 0.057773 0.044818
3 0.563025 0.027544 0.046218 0.045752
3 0.429884 0.032680 0.022584 0.044818
0 0.750525 0.550887 0.017857 0.059757
6 0.619485 0.645658 0.025735 0.077498
0 0.747111 0.413632 0.013130 0.050420
1 0.466649 0.902894 0.017332 0.052288
9 0.467437 0.925303 0.019958 0.056022
0 0.727679 0.866947 0.020483 0.064426
0 0.733718 0.877218 0.019958 0.060691
0 0.733193 0.912698 0.023109 0.064426
1 0.554097 0.495331 0.013655 0.045752
9 0.552521 0.503735 0.015756 0.045752
2 0.665966 0.304855 0.010504 0.036415
9 0.703782 0.319795 0.012605 0.043884
9 0.734244 0.315126 0.016807 0.036415
9 0.772059 0.304855 0.012605 0.043884
9 0.789128 0.300187 0.014181 0.040149
9 0.844800 0.319795 0.018382 0.040149
9 0.877363 0.291783 0.018382 0.040149
2 0.889443 0.325397 0.014181 0.043884
9 0.936187 0.317927 0.022584 0.047619
1 0.419905 0.626517 0.017332 0.050420
9 0.420693 0.652194 0.015756 0.058824
1 0.574580 0.396359 0.014706 0.042017
9 0.574317 0.412698 0.021534 0.041083
9 0.739233 0.822596 0.025735 0.061625
1 0.740021 0.795518 0.017857 0.050420
0 0.293855 0.434641 0.015231 0.055089
0 0.303571 0.433707 0.017857 0.058824
1 0.475315 0.561158 0.021008 0.046685
6 0.476891 0.571895 0.027311 0.079365
1 0.379202 0.333333 0.015756 0.037348
9 0.378414 0.348273 0.020483 0.041083
0 0.280725 0.460317 0.020483 0.054155
9 0.281513 0.466853 0.023109 0.050420
0 0.311712 0.457983 0.013130 0.051354
0 0.316964 0.457516 0.015231 0.050420
9 0.317227 0.272176 0.026261 0.030812
9 0.370798 0.200747 0.022059 0.031746
9 0.369748 0.179272 0.023109 0.028011
1 0.567489 0.344538 0.013130 0.041083
9 0.567752 0.360878 0.012605 0.045752
0 0.221113 0.303922 0.014706 0.049486
0 0.296744 0.213352 0.012605 0.043884
0 0.304884 0.213352 0.012080 0.042017
1 0.095326 0.589636 0.023634 0.049486
9 0.103204 0.604108 0.045693 0.041083
1 0.460872 0.153595 0.009979 0.030812
9 0.461397 0.170868 0.012080 0.029879
0 0.036765 0.341270 0.016807 0.049486
1 0.513393 0.133053 0.009979 0.032680
9 0.513393 0.142390 0.015231 0.030812
1 0.267069 0.295051 0.017332 0.037348
9 0.268645 0.316060 0.028887 0.036415
0 0.687500 0.279645 0.010504 0.040149
0 0.686712 0.287582 0.012080 0.042951
0 0.137080 0.313259 0.014706 0.042017
0 0.049107 0.332400 0.015231 0.046685
0 0.252889 0.356209 0.017332 0.045752
0 0.262080 0.348273 0.016807 0.050420
0 0.306723 0.260504 0.012605 0.039216
0 0.301208 0.248833 0.013130 0.042017
0 0.344013 0.157330 0.010504 0.040149
0 0.339548 0.176004 0.013130 0.042017
0 0.647059 0.111578 0.011555 0.036415
0 0.685137 0.213352 0.009979 0.038282
0 0.850315 0.271242 0.014706 0.045752
0 0.831670 0.280112 0.014181 0.041083
9 0.235557 0.339869 0.024685 0.041083
9 0.067752 0.364613 0.017857 0.045752
1 0.584821 0.043417 0.009979 0.030812
9 0.581670 0.047619 0.015231 0.022409
0 0.962710 0.289449 0.016807 0.044818
6 0.644170 0.213352 0.038340 0.036415
6 0.946166 0.276377 0.015231 0.044818
9 0.599265 0.183007 0.021008 0.031746