3 0.497374 0.887955 0.088235 0.220355
3 0.205095 0.674136 0.160189 0.164332
3 0.505777 0.402894 0.043067 0.094304
3 0.423845 0.480859 0.050420 0.108310
4 0.497637 0.317927 0.036239 0.090570
3 0.573792 0.304388 0.032038 0.061625
3 0.660189 0.343604 0.042017 0.067227
4 0.706933 0.299720 0.044118 0.069094
4 0.715599 0.258170 0.069853 0.051354
3 0.728204 0.236695 0.063550 0.047619
3 0.690914 0.209617 0.060399 0.043884
3 0.555672 0.028945 0.017857 0.029879
1 0.907038 0.701214 0.022059 0.087768
2 0.897584 0.712418 0.050420 0.052288
1 0.934874 0.640523 0.021008 0.084034
2 0.930410 0.652661 0.049895 0.052288
1 0.642069 0.403361 0.016282 0.056022
1 0.646271 0.408030 0.013130 0.048553
9 0.640494 0.418768 0.019433 0.049486
1 0.441964 0.336601 0.011029 0.045752
1 0.441176 0.321195 0.010504 0.031746
2 0.442752 0.352474 0.010504 0.049486
1 0.453519 0.177871 0.007878 0.027077
6 0.457458 0.179739 0.016807 0.049486
1 0.471376 0.278711 0.012080 0.036415
9 0.470588 0.300187 0.011555 0.036415
1 0.613708 0.211018 0.011029 0.041083
2 0.613708 0.225023 0.008929 0.029879
2 0.926733 0.676937 0.050945 0.052288
1 0.933561 0.659664 0.021534 0.077498
3 0.512342 0.107843 0.019433 0.036415
3 0.889968 0.483660 0.113971 0.113912
3 0.519433 0.043884 0.016807 0.028011
3 0.514968 0.018674 0.016282 0.022409
3 0.477416 0.050887 0.017857 0.027077
9 0.572216 0.037348 0.015231 0.035481
0 0.613708 0.147993 0.011029 0.043884
2 0.581670 0.049020 0.013130 0.040149
0 0.622637 0.177871 0.009979 0.042017
0 0.699842 0.099440 0.015231 0.032680
0 0.597426 0.105042 0.008929 0.043884
0 0.603204 0.110644 0.007878 0.045752
0 0.458771 0.063959 0.012080 0.038282
0 0.613183 0.147059 0.009979 0.043884
0 0.620011 0.144258 0.012080 0.053221
3 0.405200 0.122782 0.051996 0.040149
3 0.422794 0.075630 0.049370 0.037348
4 0.448792 0.045285 0.022584 0.053221
3 0.672794 0.197012 0.060924 0.048553
3 0.658351 0.170401 0.049895 0.043884
3 0.648897 0.111578 0.047794 0.036415
3 0.639706 0.099907 0.050420 0.033613
3 0.602416 0.014006 0.032563 0.022409
3 0.618697 0.051354 0.033613 0.026144
3 0.632878 0.064426 0.035714 0.031746