3 0.480305 0.227824 0.018382 0.028011
2 0.709821 0.634454 0.015231 0.060691
1 0.707721 0.620915 0.015231 0.054155
9 0.650473 0.519608 0.012080 0.038282
1 0.650473 0.503735 0.012080 0.032680
1 0.623424 0.436508 0.009454 0.043884
4 0.795956 0.746032 0.074055 0.126984
4 0.743697 0.595238 0.038866 0.086835
3 0.702731 0.548553 0.047269 0.066293
9 0.584821 0.345005 0.011029 0.021475
3 0.171481 0.507470 0.057248 0.077498
3 0.562500 0.572362 0.045168 0.080299
3 0.545431 0.468721 0.038340 0.065359
4 0.670693 0.471522 0.036765 0.069094
3 0.532563 0.365546 0.031513 0.043884
3 0.178309 0.469188 0.082458 0.056956
3 0.216124 0.438375 0.042542 0.060691
3 0.648897 0.382353 0.059349 0.042017
6 0.512605 0.682073 0.030462 0.070028
3 0.492384 0.526611 0.037290 0.065359
1 0.511292 0.655462 0.020483 0.042951
9 0.226628 0.373950 0.021534 0.023343
7 0.337185 0.527544 0.038866 0.080299
0 0.619485 0.391223 0.013130 0.044818
1 0.761817 0.431373 0.015231 0.028011
1 0.767595 0.451447 0.016282 0.030812
3 0.234769 0.358077 0.050420 0.034547
3 0.391019 0.298319 0.021534 0.034547
3 0.407300 0.250233 0.018382 0.033613
3 0.519695 0.274043 0.018382 0.036415
3 0.616859 0.354342 0.027836 0.042017
3 0.605042 0.326331 0.023109 0.036415
3 0.600578 0.303455 0.030987 0.031746
3 0.572742 0.262838 0.018382 0.028945