3 0.489758 0.194678 0.083508 0.075630
9 0.248162 0.450047 0.034139 0.097106
9 0.769170 0.024743 0.015231 0.025210
0 0.009191 0.435574 0.014181 0.062558
1 0.793855 0.016340 0.011029 0.030812
0 0.283351 0.496265 0.016282 0.073763
0 0.021796 0.423436 0.011029 0.043884
9 0.224527 0.332866 0.027836 0.023343
0 0.227679 0.316993 0.014181 0.047619
0 0.132616 0.347806 0.012080 0.045752
9 0.136292 0.319795 0.011029 0.040149
1 0.210872 0.308590 0.008929 0.036415
0 0.321691 0.457049 0.012080 0.045752
4 0.491859 0.563492 0.094013 0.183940
3 0.567489 0.682073 0.109769 0.210084
3 0.828519 0.834267 0.076155 0.238095
0 0.194065 0.332866 0.015231 0.049486
0 0.211134 0.278245 0.018908 0.056022
0 0.217962 0.270308 0.017857 0.056956
2 0.226891 0.337068 0.035714 0.074697
9 0.308036 0.350140 0.024685 0.069094
9 0.752101 0.019608 0.016807 0.022409
1 0.751838 0.012605 0.008929 0.025210
0 0.498950 0.382353 0.016807 0.062558
9 0.357405 0.392624 0.034139 0.066293
0 0.212447 0.428571 0.016282 0.074697
0 0.190126 0.438375 0.019958 0.068161
3 0.638918 0.130252 0.062500 0.077498
0 0.288078 0.464519 0.016282 0.070028
0 0.193540 0.411298 0.016282 0.070028
3 0.674107 0.082633 0.047794 0.064426
0 0.220326 0.409430 0.015231 0.079365
3 0.690389 0.384220 0.077206 0.133520
0 0.043330 0.436508 0.022584 0.077498
3 0.600578 0.381886 0.080357 0.119514
3 0.666492 0.262838 0.061975 0.088702
3 0.747111 0.285247 0.056197 0.094304
3 0.356880 0.497199 0.097164 0.159664
0 0.479517 0.279645 0.022059 0.073763
9 0.147847 0.325397 0.016282 0.051354
6 0.797006 0.016340 0.025735 0.028945
9 0.498950 0.404295 0.028361 0.046685
3 0.469275 0.356209 0.086660 0.111111
9 0.376838 0.347806 0.046744 0.055089
3 0.723739 0.166200 0.064076 0.108310
9 0.357143 0.298319 0.034664 0.060691
9 0.465336 0.260037 0.038866 0.055089
3 0.597426 0.190943 0.060399 0.077498
3 0.863971 0.028478 0.033613 0.049486
1 0.770483 0.016807 0.008403 0.029879
3 0.767595 0.099440 0.044643 0.068161
3 0.795431 0.057890 0.041492 0.054155
2 0.195641 0.518207 0.037290 0.069094