0 0.674895 0.458450 0.010504 0.050420
9 0.356092 0.401494 0.012605 0.037348
0 0.327994 0.679272 0.019433 0.077498
0 0.498687 0.409430 0.011029 0.047619
0 0.507878 0.405696 0.012605 0.045752
1 0.524160 0.400560 0.012605 0.054155
0 0.543067 0.410831 0.010504 0.050420
0 0.618172 0.475724 0.018908 0.056956
0 0.575893 0.453315 0.018382 0.055089
0 0.493697 0.450047 0.013655 0.061625
0 0.518908 0.431839 0.011555 0.049486
0 0.530987 0.436975 0.014706 0.052288
0 0.550420 0.499066 0.012605 0.058824
0 0.510242 0.475724 0.011029 0.056956
0 0.122637 0.870682 0.029937 0.090570
0 0.194328 0.594771 0.024160 0.082166
0 0.068277 0.500000 0.022059 0.062558
0 0.209034 0.437442 0.018908 0.062558
0 0.195116 0.440243 0.019433 0.064426
0 0.980830 0.672269 0.018382 0.056022
9 0.803571 0.644258 0.028361 0.054155
9 0.749475 0.506069 0.028361 0.044818
2 0.784926 0.516807 0.038340 0.042017
9 0.818803 0.559757 0.025210 0.051354
1 0.939338 0.884687 0.030987 0.064426
1 0.925683 0.860411 0.035189 0.070028
1 0.902311 0.825397 0.028361 0.056022
1 0.795956 0.555089 0.023634 0.053221
0 0.807773 0.561158 0.023109 0.067227
0 0.323267 0.557423 0.018382 0.067227
0 0.270483 0.960784 0.027311 0.074697
0 0.693803 0.943978 0.021008 0.097106
0 0.680410 0.965453 0.021534 0.067227
0 0.662290 0.916433 0.023109 0.094304
0 0.508403 0.752101 0.027311 0.083100
0 0.773372 0.923903 0.029937 0.099907
0 0.553834 0.948646 0.024685 0.089636
0 0.545431 0.873950 0.029937 0.089636
0 0.399422 0.538282 0.017332 0.058824
0 0.488183 0.447246 0.011029 0.056022