4 0.520483 0.341270 0.061975 0.043884
3 0.445378 0.382353 0.038866 0.060691
3 0.465336 0.349206 0.028361 0.044818
3 0.518120 0.320728 0.049895 0.038282
3 0.281775 0.526144 0.110819 0.071895
3 0.171744 0.355275 0.049370 0.049486
4 0.530200 0.304388 0.043592 0.039216
3 0.552258 0.303922 0.043592 0.032680
3 0.299632 0.449113 0.094013 0.059757
3 0.307511 0.416900 0.081408 0.053221
3 0.310662 0.398226 0.078256 0.049486
3 0.333246 0.382353 0.069853 0.049486
3 0.351103 0.368347 0.053046 0.043884
3 0.364758 0.354342 0.050945 0.047619
3 0.387605 0.346405 0.046218 0.044818
3 0.389968 0.331933 0.050945 0.043884
3 0.399685 0.327731 0.043067 0.033613
3 0.431985 0.310924 0.053046 0.033613
0 0.812237 0.400093 0.012080 0.055089
0 0.784664 0.557423 0.024160 0.076564
0 0.424632 0.474790 0.014181 0.053221
3 0.297532 0.245565 0.022584 0.031746
3 0.144695 0.333800 0.043592 0.049486
3 0.191964 0.294585 0.037290 0.043884
3 0.161502 0.271709 0.024685 0.042951
3 0.135504 0.244164 0.021008 0.028945
3 0.267595 0.263305 0.028887 0.037348
9 0.245011 0.300187 0.015231 0.038282
3 0.090074 0.369748 0.059349 0.050420
3 0.069065 0.427171 0.068803 0.066293
0 0.206670 0.436508 0.015231 0.055089
0 0.189601 0.434641 0.014706 0.060691
0 0.171481 0.429038 0.015231 0.055089
4 0.019433 0.254902 0.034664 0.031746
3 0.217437 0.568161 0.128151 0.105509
0 0.663340 0.293651 0.007353 0.038282
0 0.648109 0.315593 0.011555 0.044818
0 0.726103 0.319795 0.013130 0.038282
9 0.634979 0.591503 0.050420 0.051354
1 0.634191 0.573296 0.020483 0.052288
0 0.096901 0.438375 0.018382 0.060691
0 0.408088 0.351541 0.010504 0.043884
3 0.325368 0.199346 0.013130 0.021475
9 0.309086 0.208217 0.009979 0.018674
3 0.831408 0.751167 0.119748 0.169001
3 0.919380 0.732026 0.142332 0.188609
3 0.732668 0.746965 0.108193 0.183007
3 0.613445 0.676004 0.077731 0.175537
3 0.508666 0.666200 0.101366 0.157796
0 0.558298 0.661531 0.021008 0.088702
3 0.426733 0.640523 0.065651 0.121382
3 0.326943 0.650794 0.099265 0.134454
6 0.963235 0.591503 0.071429 0.083100
5 0.897847 0.553688 0.103466 0.110177
0 0.832983 0.548086 0.014706 0.070962
0 0.547269 0.652661 0.015756 0.059757
0 0.541229 0.647059 0.017332 0.087768
0 0.480305 0.633520 0.018382 0.094304
3 0.235819 0.617180 0.114496 0.115780
3 0.696691 0.560691 0.116071 0.083100
3 0.567752 0.538749 0.107143 0.072829
9 0.358456 0.535481 0.018382 0.049486
3 0.547794 0.509804 0.109244 0.065359
3 0.816439 0.471055 0.089811 0.060691
3 0.643382 0.473856 0.090336 0.060691
3 0.509454 0.481793 0.085084 0.076564
3 0.486345 0.467787 0.087185 0.059757
3 0.488183 0.434641 0.086660 0.062558
3 0.201418 0.461718 0.096113 0.075630
0 0.677258 0.471055 0.018382 0.060691
3 0.583246 0.458917 0.081408 0.062558
3 0.789916 0.447246 0.095588 0.054155
3 0.568015 0.439309 0.078256 0.055089
3 0.764443 0.430439 0.088761 0.052288
3 0.743172 0.411765 0.065126 0.044818
3 0.729254 0.399160 0.066702 0.040149
3 0.556985 0.410364 0.075105 0.055089
3 0.535452 0.393557 0.070903 0.047619
3 0.524947 0.367414 0.062500 0.038282
3 0.517595 0.353408 0.059349 0.032680