3 0.353204 0.471989 0.041492 0.090570
3 0.481618 0.601307 0.086134 0.078431
3 0.268120 0.037348 0.015231 0.026144
9 0.495273 0.316527 0.017857 0.039216
1 0.496849 0.311391 0.012605 0.034547
4 0.248950 0.009804 0.014706 0.017740
3 0.309086 0.210551 0.024685 0.040149
3 0.259191 0.119048 0.019433 0.032680
4 0.713761 0.720355 0.075630 0.109244
0 0.016544 0.873016 0.023634 0.069094
2 0.172006 0.876751 0.033088 0.070962
3 0.888655 0.190943 0.042017 0.036415
3 0.710347 0.069561 0.026786 0.025210
4 0.717700 0.106909 0.026786 0.027077
3 0.951418 0.239029 0.043592 0.037348
3 0.945641 0.221289 0.036239 0.035481
3 0.978992 0.180672 0.034664 0.040149
4 0.383666 0.158730 0.021534 0.039216
3 0.307773 0.078898 0.030462 0.027077
3 0.143382 0.636321 0.101891 0.083100
3 0.277574 0.565359 0.088761 0.079365
3 0.414391 0.363212 0.030462 0.054155
0 0.034401 0.864146 0.023634 0.075630
0 0.050420 0.849673 0.022059 0.078431
9 0.063288 0.798319 0.032038 0.054155
1 0.060399 0.779178 0.018908 0.056956
0 0.017069 0.850140 0.025735 0.068161
3 0.925158 0.236695 0.040441 0.034547
3 0.923582 0.208683 0.036239 0.032680
4 0.856355 0.195612 0.037290 0.032680
4 0.839548 0.190009 0.032038 0.036415
4 0.855305 0.173669 0.036239 0.033613
4 0.839548 0.165266 0.035189 0.031746
3 0.827468 0.187675 0.036239 0.028011
3 0.809086 0.175537 0.033088 0.029879
3 0.788603 0.171802 0.027836 0.026144
3 0.775998 0.160131 0.027836 0.025210
3 0.862132 0.133520 0.027836 0.024276
3 0.842700 0.129785 0.026786 0.028011
3 0.834821 0.113445 0.032038 0.030812
3 0.815914 0.110644 0.025735 0.027077
3 0.798057 0.101774 0.030987 0.031746
3 0.770746 0.093371 0.029937 0.026144
3 0.729779 0.074230 0.026786 0.028945