4 0.436975 0.738095 0.038866 0.070028
8 0.625263 0.630719 0.030987 0.055089
5 0.916229 0.717087 0.155987 0.134454
3 0.587973 0.599907 0.015231 0.021475
3 0.794118 0.713352 0.042017 0.039216
3 0.528624 0.702148 0.026786 0.041083
5 0.330095 0.661064 0.074055 0.121382
5 0.377889 0.628385 0.054097 0.076564
4 0.527048 0.781979 0.039391 0.073763
5 0.664653 0.595238 0.044643 0.045752
3 0.470063 0.659664 0.015756 0.032680
3 0.539653 0.628852 0.015231 0.027077
3 0.524947 0.664332 0.015231 0.032680
3 0.826155 0.939776 0.088235 0.116713
3 0.680935 0.725957 0.037290 0.055089
3 0.527574 0.631653 0.015231 0.027077
5 0.482405 0.611111 0.037290 0.066293
3 0.458246 0.697012 0.025735 0.045752
3 0.467174 0.668067 0.015231 0.032680
5 0.393120 0.669468 0.050945 0.102708
5 0.437237 0.612979 0.040441 0.073763
3 0.531775 0.680672 0.021534 0.037348
5 0.483981 0.626984 0.035189 0.075630
3 0.529412 0.677404 0.021008 0.032680
3 0.882090 0.767507 0.058298 0.056022
3 0.982668 0.852941 0.032563 0.056956
3 0.830357 0.729692 0.050420 0.043884
3 0.602679 0.611111 0.015231 0.021475