3 0.420573 0.586111 0.016146 0.033333
7 0.416146 0.604630 0.014583 0.025926
3 0.564323 0.627315 0.035937 0.030556
0 0.542708 0.674074 0.006250 0.025926
3 0.617969 0.553704 0.022396 0.027778
3 0.580469 0.554630 0.015104 0.029630
3 0.448177 0.922685 0.030729 0.075000
6 0.470313 0.586574 0.012500 0.026852
6 0.494010 0.606481 0.010937 0.033333
3 0.491406 0.518056 0.014063 0.023148
8 0.503906 0.481944 0.014063 0.036111
3 0.509115 0.677778 0.017188 0.031481
3 0.316927 0.825463 0.030729 0.067593
3 0.239063 0.886574 0.055208 0.050926
3 0.144531 0.697222 0.044271 0.029630
3 0.097396 0.736574 0.051042 0.028704
3 0.082812 0.758796 0.050000 0.036111
3 0.097135 0.795370 0.058854 0.044444
4 0.071615 0.827778 0.049479 0.042593
6 0.015365 0.897685 0.030729 0.036111
4 0.615365 0.947222 0.074479 0.066667
3 0.619531 0.848611 0.048438 0.056481
3 0.603906 0.801852 0.044271 0.040741
4 0.600781 0.764815 0.046354 0.042593
5 0.724740 0.807407 0.040104 0.087037
5 0.578646 0.747222 0.045833 0.040741
5 0.575000 0.720370 0.043750 0.037037
3 0.657031 0.680556 0.022396 0.040741
3 0.573958 0.698148 0.041667 0.029630
5 0.573177 0.670370 0.045312 0.037037
5 0.587500 0.648611 0.043750 0.032407
3 0.609896 0.906019 0.056250 0.047222
3 0.239063 0.770370 0.057292 0.040741
6 0.216146 0.854630 0.029167 0.037037
1 0.221615 0.853704 0.008854 0.027778
3 0.362760 0.580093 0.020313 0.032407
3 0.532552 0.689815 0.018229 0.033333
4 0.182812 0.651852 0.032292 0.031481
3 0.225521 0.673148 0.026042 0.033333
0 0.485156 0.936574 0.009896 0.043519
5 0.284375 0.660185 0.052083 0.048148
3 0.273177 0.701852 0.044271 0.033333
8 0.298177 0.729167 0.043229 0.078704
3 0.355990 0.707870 0.021354 0.043519
4 0.374219 0.651389 0.023438 0.047222
6 0.329948 0.777778 0.016146 0.038889
6 0.395313 0.648611 0.012500 0.032407
6 0.474479 0.609722 0.010417 0.025000
0 0.165365 0.743519 0.009896 0.037037
0 0.174219 0.739352 0.009896 0.036111
0 0.172656 0.755556 0.009896 0.029630
0 0.175521 0.765741 0.009375 0.033333
3 0.402083 0.861574 0.031250 0.076852
3 0.473698 0.484259 0.010937 0.022222
9 0.374479 0.692593 0.012500 0.031481
0 0.547135 0.717593 0.007812 0.029630
3 0.607812 0.568056 0.017708 0.026852