3 0.924370 0.628385 0.105042 0.076564
3 0.392069 0.192810 0.016282 0.025210
6 0.194065 0.730626 0.024685 0.073763
1 0.196429 0.699813 0.021008 0.047619
8 0.269433 0.331466 0.039916 0.093371
3 0.659139 0.393557 0.043067 0.045752
9 0.758403 0.632586 0.021008 0.055089
1 0.756565 0.617647 0.021534 0.049486
1 0.732405 0.559290 0.014181 0.039216
3 0.509716 0.293651 0.020483 0.027077
9 0.383929 0.443511 0.018908 0.033613
3 0.335872 0.237628 0.017332 0.023343
3 0.516019 0.561625 0.040441 0.070028
3 0.481355 0.245098 0.018382 0.025210
3 0.478729 0.228291 0.014181 0.023343
0 0.150998 0.934174 0.021534 0.083100
3 0.083771 0.650327 0.073004 0.084967
7 0.316964 0.327731 0.012080 0.031746
2 0.729779 0.576097 0.015231 0.044818
9 0.484244 0.284314 0.008403 0.025210
1 0.485032 0.277778 0.007878 0.017740
5 0.954307 0.770308 0.089286 0.102708
3 0.844275 0.688142 0.076155 0.087768
3 0.969538 0.717554 0.057773 0.088702
3 0.454307 0.254902 0.015756 0.026144
3 0.376313 0.297852 0.018382 0.033613
3 0.416754 0.184874 0.013130 0.018674
0 0.249212 0.459851 0.012080 0.049486
6 0.566176 0.493931 0.040966 0.039216
9 0.664128 0.516807 0.015231 0.038282
3 0.441176 0.265173 0.016807 0.026144
9 0.526523 0.388889 0.012080 0.032680