3 0.398897 0.042951 0.049895 0.082166
3 0.554359 0.082166 0.030987 0.082166
3 0.314076 0.112979 0.030462 0.087768
3 0.407300 0.121849 0.027836 0.088702
3 0.407826 0.225023 0.027836 0.089636
3 0.580620 0.159664 0.044643 0.087768
3 0.617122 0.167134 0.055672 0.070962
3 0.625788 0.244164 0.054097 0.083100
3 0.567489 0.248833 0.027836 0.083100
3 0.584034 0.317460 0.049370 0.087768
3 0.582983 0.447712 0.031513 0.103641
3 0.348477 0.313259 0.055147 0.083100
4 0.352153 0.394958 0.058298 0.054155
3 0.345588 0.480859 0.059874 0.087768
3 0.300945 0.501867 0.046218 0.109244
3 0.227941 0.558357 0.068277 0.056022
3 0.115809 0.555556 0.070903 0.059757
3 0.645221 0.591036 0.066702 0.074697
3 0.422794 0.655929 0.043067 0.114846
3 0.273109 0.706816 0.074580 0.070962
3 0.179622 0.772176 0.063025 0.112045
3 0.145483 0.770775 0.056723 0.116713
3 0.075893 0.483660 0.074055 0.070962
4 0.600840 0.789449 0.034664 0.120448
4 0.311712 0.798319 0.043592 0.110177
3 0.415179 0.842204 0.035189 0.117647
4 0.709296 0.933240 0.043592 0.129785
9 0.489758 0.262838 0.015231 0.043884
9 0.533613 0.372549 0.015756 0.044818
9 0.475315 0.747432 0.015756 0.053221
9 0.553046 0.833800 0.015756 0.054155
0 0.342700 0.148926 0.017332 0.036415
0 0.354779 0.070495 0.015231 0.036415
0 0.371586 0.545752 0.018382 0.027077
2 0.568015 0.510271 0.015231 0.047619
9 0.545956 0.325864 0.014181 0.048553
0 0.683036 0.388889 0.009979 0.032680
0 0.694065 0.395892 0.007878 0.024276
0 0.701155 0.257236 0.011555 0.028945
0 0.692752 0.257703 0.012605 0.033613
0 0.678834 0.792250 0.012080 0.021475
0 0.683036 0.796919 0.009979 0.021475
0 0.252363 0.473856 0.016282 0.025210