3 0.616443 0.919974 0.057292 0.141534
3 0.610863 0.641534 0.043155 0.089947
6 0.272693 0.611111 0.029018 0.066138
3 0.306920 0.441799 0.031994 0.060847
3 0.293155 0.771164 0.052083 0.126984
6 0.170759 0.593915 0.023065 0.052910
7 0.273810 0.549603 0.026786 0.059524
0 0.273438 0.429894 0.011161 0.034392
0 0.261533 0.425265 0.011161 0.035714
3 0.311756 0.387566 0.025298 0.050265
0 0.450149 0.410053 0.007440 0.026455
3 0.483259 0.228836 0.014137 0.029101
3 0.452009 0.188492 0.012649 0.025132
3 0.393229 0.210317 0.014137 0.031746
3 0.459077 0.154101 0.013393 0.022487
3 0.447545 0.134921 0.012649 0.021164
3 0.461310 0.115079 0.010417 0.021164
3 0.302827 0.200397 0.031250 0.019841
3 0.539062 0.921958 0.051339 0.148148
3 0.500372 0.527778 0.029018 0.060847
3 0.482515 0.374339 0.021577 0.044974
3 0.458333 0.238757 0.017857 0.025132
3 0.301711 0.214947 0.030506 0.025132
8 0.518973 0.250000 0.031994 0.092593
4 0.511533 0.359788 0.021577 0.042328
3 0.433780 0.213624 0.025298 0.022487
3 0.465030 0.263228 0.014881 0.029101
6 0.659970 0.589286 0.041667 0.033069