3 0.518973 0.938492 0.020089 0.046296
3 0.535342 0.982143 0.021577 0.030423
4 0.853423 0.709656 0.022321 0.027778
3 0.837798 0.676587 0.026786 0.030423
4 0.870536 0.592593 0.019345 0.047619
3 0.888021 0.658069 0.020089 0.046296
3 0.803571 0.496693 0.026786 0.041005
3 0.773810 0.544312 0.025298 0.043651
3 0.123884 0.605820 0.030506 0.034392
3 0.196801 0.496032 0.026042 0.034392
3 0.009673 0.622354 0.019345 0.048942
3 0.853051 0.175265 0.027530 0.033069
5 0.959077 0.115079 0.031250 0.039683
3 0.713170 0.150794 0.024554 0.042328
3 0.738467 0.231481 0.030506 0.029101
3 0.297247 0.232143 0.018601 0.054233
3 0.256324 0.208995 0.017113 0.047619
3 0.248512 0.157407 0.017857 0.050265
3 0.280134 0.152778 0.018601 0.046296
3 0.328869 0.183862 0.020833 0.050265
3 0.314732 0.130291 0.019345 0.046296
3 0.302083 0.063492 0.020833 0.047619
4 0.384673 0.267196 0.016369 0.052910
3 0.355655 0.130291 0.020833 0.051587
3 0.353795 0.219577 0.012649 0.034392
8 0.743304 0.296958 0.063988 0.033069
6 0.957961 0.245370 0.023065 0.027778
3 0.593378 0.171958 0.026042 0.039683
9 0.348214 0.289021 0.010417 0.027778
0 0.369792 0.448413 0.008929 0.018519
9 0.012649 0.779101 0.016369 0.021164
0 0.311384 0.580026 0.008185 0.019841
9 0.386905 0.736111 0.010417 0.022487
9 0.536086 0.799603 0.009673 0.019841
3 0.612351 0.666667 0.013393 0.018519
3 0.518973 0.255291 0.014137 0.015873
0 0.955729 0.570106 0.012649 0.013228
0 0.948661 0.226190 0.013393 0.013228
7 0.742188 0.160714 0.014137 0.033069
3 0.035714 0.222884 0.026786 0.033069