0 0.217279 0.696732 0.013971 0.052288
0 0.083456 0.569935 0.015441 0.044444
9 0.218382 0.971895 0.027941 0.053595
7 0.075735 0.681699 0.069118 0.066667
5 0.327206 0.405882 0.023529 0.043137
9 0.454044 0.381699 0.011029 0.028758
9 0.436029 0.411111 0.008824 0.030065
6 0.135294 0.616340 0.073529 0.053595
0 0.240809 0.575817 0.013971 0.037908
6 0.350368 0.500000 0.018382 0.037908
0 0.816544 0.897386 0.021324 0.071895
3 0.534559 0.633333 0.029412 0.064052
3 0.193750 0.690850 0.049265 0.066667
3 0.872059 0.756209 0.088235 0.064052
3 0.831618 0.679739 0.077941 0.062745
7 0.255882 0.696078 0.042647 0.069281
5 0.793750 0.615686 0.081618 0.054902
3 0.779412 0.568627 0.064706 0.047059
3 0.656985 0.489542 0.022794 0.037908
3 0.731985 0.535294 0.050735 0.040523
3 0.413235 0.451634 0.019118 0.035294
4 0.291544 0.530065 0.047794 0.048366
3 0.380882 0.461438 0.035294 0.044444
7 0.328676 0.580392 0.033824 0.054902
0 0.221691 0.749673 0.015441 0.053595
3 0.289706 0.475163 0.055882 0.040523
9 0.333088 0.612418 0.013235 0.030065
0 0.699632 0.575163 0.012500 0.041830
1 0.137132 0.618954 0.013971 0.035294
9 0.140809 0.637908 0.031618 0.033987
9 0.294853 0.596078 0.035294 0.047059
3 0.319118 0.432026 0.042647 0.032680
7 0.184559 0.586928 0.039706 0.047059
7 0.199632 0.605229 0.063971 0.054902
3 0.373529 0.443791 0.019118 0.035294
7 0.162132 0.732680 0.056618 0.069281
3 0.664338 0.460784 0.037500 0.035294
3 0.363971 0.385621 0.035294 0.033987
7 0.152206 0.585621 0.035294 0.054902
3 0.565809 0.418301 0.018382 0.031373
6 0.337868 0.519608 0.021324 0.037908
3 0.351103 0.365359 0.033088 0.027451
3 0.348162 0.345098 0.025735 0.026144
9 0.254412 0.626144 0.023529 0.031373
0 0.222794 0.698693 0.017647 0.058824
6 0.390074 0.494118 0.016912 0.033987
3 0.677574 0.399346 0.041912 0.035294
0 0.218750 0.441830 0.012500 0.031373
3 0.656250 0.382353 0.036029 0.032680
6 0.323897 0.379739 0.021324 0.024837
1 0.603309 0.390850 0.009559 0.023529
0 0.763235 0.747059 0.016176 0.058824
3 0.547426 0.356209 0.013971 0.019608
3 0.341912 0.683660 0.063235 0.083660
6 0.041544 0.596078 0.061029 0.054902
6 0.025735 0.693464 0.051471 0.069281