0 0.248162 0.639869 0.012500 0.045752
0 0.109191 0.530065 0.015441 0.040523
9 0.204779 0.962092 0.021324 0.062745
9 0.285294 0.885621 0.023529 0.053595
9 0.325735 0.716340 0.017647 0.041830
7 0.119485 0.624183 0.061029 0.056209
5 0.338971 0.391503 0.023529 0.043137
9 0.448897 0.381046 0.008088 0.027451
6 0.174265 0.567974 0.073529 0.053595
6 0.362868 0.472549 0.018382 0.037908
0 0.765809 0.772549 0.013971 0.057516
3 0.535662 0.697386 0.036029 0.074510
3 0.227574 0.638562 0.047794 0.064052
3 0.839706 0.695425 0.079412 0.057516
3 0.806985 0.633333 0.069853 0.058824
7 0.281250 0.638562 0.040441 0.069281
5 0.773529 0.577778 0.073529 0.047059
3 0.652574 0.469935 0.022794 0.037908
3 0.723162 0.509150 0.047794 0.035294
3 0.422794 0.424183 0.019118 0.032680
4 0.308824 0.501307 0.045588 0.045752
3 0.393015 0.441176 0.033088 0.040523
7 0.345221 0.543137 0.033088 0.053595
0 0.250735 0.689542 0.016176 0.053595
3 0.306618 0.450327 0.054412 0.037908
9 0.377206 0.537908 0.011765 0.030065
0 0.684191 0.538562 0.012500 0.041830
1 0.114338 0.567974 0.013971 0.035294
9 0.113971 0.586275 0.032353 0.027451
9 0.316912 0.556209 0.035294 0.037908
3 0.333088 0.412418 0.041176 0.030065
7 0.211397 0.551634 0.033088 0.047059
7 0.226838 0.566013 0.055147 0.054902
3 0.387500 0.425490 0.017647 0.035294
7 0.194118 0.669935 0.052941 0.064052
3 0.662132 0.445098 0.037500 0.035294
3 0.375735 0.373203 0.033824 0.030065
7 0.184926 0.549020 0.034559 0.052288
3 0.578676 0.458824 0.023529 0.036601
6 0.349632 0.489542 0.021324 0.037908
3 0.361765 0.354902 0.030882 0.027451
3 0.357721 0.337255 0.025735 0.026144
9 0.336765 0.565359 0.017647 0.030065
0 0.252206 0.643137 0.014706 0.060131
6 0.404412 0.463399 0.013235 0.032680
3 0.673162 0.387582 0.036029 0.032680
0 0.237500 0.420915 0.010294 0.026144
3 0.653676 0.371242 0.033824 0.028758
6 0.337132 0.366667 0.021324 0.024837
1 0.608088 0.391503 0.010294 0.024837
0 0.736029 0.676471 0.014706 0.056209
3 0.557353 0.382353 0.017647 0.027451
3 0.327206 0.601961 0.066176 0.058824
6 0.083456 0.558824 0.056618 0.058824
6 0.073529 0.635948 0.055882 0.056209