2 0.827195 0.979828 0.021949 0.037698
0 0.882254 0.926587 0.015253 0.068783
0 0.900856 0.934854 0.014509 0.070767
0 0.837054 0.813492 0.010417 0.051587
0 0.841518 0.690146 0.013393 0.049603
9 0.894903 0.678902 0.015253 0.037698
0 0.836124 0.835648 0.013021 0.062831
2 0.816406 0.737765 0.019717 0.045635
2 0.813058 0.872024 0.015997 0.044312
1 0.813430 0.854167 0.013021 0.058862
2 0.831287 0.634921 0.013021 0.029101
1 0.833147 0.621362 0.011533 0.037698
9 0.378534 0.611111 0.020461 0.031746
3 0.981399 0.659061 0.034970 0.053571
3 0.981771 0.625331 0.034226 0.040344
3 0.449963 0.940807 0.046503 0.114418
3 0.534970 0.798611 0.042411 0.099868
3 0.459263 0.671627 0.032366 0.060185
3 0.499256 0.587632 0.030506 0.052249
3 0.536830 0.519841 0.024554 0.043651
3 0.503534 0.517526 0.023438 0.041667
3 0.454985 0.535714 0.024554 0.044974
3 0.505394 0.445767 0.018229 0.034392
3 0.456101 0.448743 0.019345 0.036376
3 0.483259 0.461971 0.021577 0.035053
3 0.296689 0.933862 0.062128 0.116402
3 0.377046 0.948082 0.047247 0.099868
3 0.390439 0.837963 0.047991 0.100529
3 0.327381 0.804894 0.052083 0.095238
3 0.034784 0.965278 0.063616 0.066799
3 0.137277 0.880622 0.075149 0.139550
3 0.140997 0.699074 0.057292 0.088624
3 0.223958 0.678902 0.052083 0.085317
3 0.235305 0.761574 0.054688 0.097222
3 0.292597 0.622354 0.042783 0.078042
3 0.208705 0.626653 0.042411 0.068122
3 0.278274 0.555556 0.036458 0.058201
3 0.328683 0.535714 0.035342 0.055556
3 0.266927 0.504299 0.034598 0.054894
3 0.256324 0.476521 0.033482 0.046958
3 0.341332 0.483466 0.030878 0.055556
3 0.317522 0.471561 0.029390 0.042328
3 0.362909 0.454696 0.027158 0.041667
3 0.348958 0.420304 0.025298 0.036376
3 0.461868 0.385582 0.017485 0.029101
3 0.470238 0.416005 0.018601 0.027778
3 0.513021 0.405423 0.016369 0.029101
3 0.488095 0.395503 0.015625 0.027778
3 0.469122 0.350529 0.015625 0.027778
3 0.504092 0.379630 0.016369 0.026455
3 0.542039 0.430225 0.029762 0.035053
3 0.687314 0.531085 0.050223 0.041005
3 0.805246 0.577050 0.066592 0.044312
3 0.619606 0.445437 0.021205 0.036376
3 0.885603 0.522487 0.031622 0.038360
3 0.919457 0.521495 0.029390 0.041667
3 0.952009 0.529762 0.036458 0.044974
3 0.891927 0.463624 0.029390 0.044974
3 0.864025 0.463294 0.025670 0.040344