9 0.450105 0.665733 0.022059 0.061625
9 0.211660 0.662465 0.032563 0.056956
3 0.833246 0.775444 0.087710 0.116713
3 0.913078 0.753035 0.090861 0.111111
1 0.973214 0.978058 0.037815 0.038282
3 0.897847 0.638655 0.086660 0.070962
4 0.643120 0.459384 0.063550 0.070962
3 0.741334 0.450047 0.071954 0.059757
3 0.643120 0.431839 0.068803 0.058824
3 0.731618 0.412698 0.066176 0.050420
3 0.815651 0.420168 0.068277 0.056022
3 0.895746 0.409430 0.068803 0.055089
4 0.962973 0.392157 0.071954 0.061625
3 0.796218 0.393557 0.052521 0.049486
3 0.786239 0.350607 0.061975 0.043884
3 0.682248 0.324930 0.040966 0.050420
3 0.736345 0.329599 0.053571 0.044818
4 0.814076 0.310458 0.053571 0.049486
4 0.919380 0.293651 0.049895 0.049486
3 0.232668 0.208217 0.022059 0.039216
9 0.152048 0.833800 0.029937 0.070962
6 0.236345 0.584967 0.027311 0.073763
9 0.251838 0.782446 0.020483 0.065359
3 0.250000 0.507003 0.040966 0.076564
3 0.187237 0.455182 0.037290 0.081232
4 0.089811 0.348273 0.043067 0.070962
4 0.120273 0.310458 0.030462 0.066293
3 0.168067 0.355742 0.027311 0.054155
3 0.160977 0.290383 0.027836 0.050420
4 0.088235 0.300187 0.031513 0.066293
3 0.093487 0.243697 0.027311 0.042951
3 0.122111 0.218487 0.021534 0.037348
3 0.098477 0.217087 0.024685 0.038282
4 0.377363 0.314192 0.053046 0.055089
3 0.352941 0.302521 0.037815 0.042951
4 0.330357 0.286181 0.036765 0.045752
3 0.213498 0.138655 0.019433 0.032680
3 0.324842 0.211485 0.043592 0.032680
4 0.336134 0.195145 0.036765 0.033613
3 0.272847 0.172269 0.030987 0.032680
8 0.303309 0.161064 0.041492 0.077498
4 0.176733 0.046685 0.012080 0.024276
5 0.276523 0.103175 0.065651 0.060691
3 0.104254 0.166667 0.021534 0.038282
4 0.131040 0.161998 0.018382 0.040149
4 0.132616 0.138655 0.018382 0.032680
4 0.127101 0.111578 0.018908 0.036415
3 0.212710 0.317460 0.030462 0.054155
9 0.365809 0.525210 0.019433 0.047619
3 0.152836 0.251634 0.024160 0.045752
5 0.108456 0.109244 0.030987 0.070962
3 0.172532 0.004669 0.011029 0.009337
3 0.188813 0.161531 0.021534 0.042951
4 0.115546 0.095705 0.024160 0.030812
3 0.179359 0.117647 0.016282 0.029879
3 0.186712 0.023810 0.020483 0.021475
6 0.602679 0.390756 0.030987 0.047619
6 0.655987 0.380019 0.033613 0.039216
6 0.690389 0.370215 0.037290 0.049486
6 0.710872 0.361345 0.030987 0.042951
0 0.263393 0.219888 0.011029 0.038282
0 0.333508 0.336134 0.009454 0.037348
0 0.335347 0.329132 0.008929 0.038282
0 0.195641 0.771242 0.017332 0.070962
0 0.181460 0.769374 0.015231 0.070962
0 0.110819 0.286648 0.011555 0.042951
9 0.608981 0.425770 0.026786 0.033613
3 0.857405 0.384687 0.059349 0.044818
1 0.596639 0.499533 0.012605 0.042951
2 0.595851 0.513539 0.018382 0.042951
9 0.707983 0.792250 0.027311 0.075630
1 0.705882 0.786181 0.021008 0.061625
9 0.231092 0.160131 0.011555 0.027077
0 0.141807 0.296919 0.009454 0.033613
0 0.145746 0.115313 0.008929 0.027077
0 0.059349 0.694211 0.021008 0.071895
0 0.130252 0.375350 0.012605 0.044818
9 0.234769 0.173203 0.009454 0.032680
9 0.290441 0.770775 0.029412 0.058824
1 0.293855 0.760037 0.018382 0.059757
9 0.231355 0.121382 0.008929 0.028011
0 0.156775 0.117647 0.008929 0.028011
0 0.408613 0.419234 0.009454 0.042951
1 0.449842 0.657796 0.023634 0.058824
9 0.294905 0.707283 0.034139 0.077498
1 0.295956 0.701681 0.025735 0.064426