0 0.112658 0.876284 0.032038 0.088702
9 0.029149 0.589636 0.026786 0.036415
3 0.113708 0.584034 0.039391 0.068161
9 0.271796 0.654528 0.024685 0.063492
9 0.284926 0.676471 0.027836 0.068161
9 0.306460 0.674136 0.024685 0.078431
3 0.358718 0.676937 0.059874 0.141923
3 0.459034 0.636321 0.070378 0.148459
2 0.684874 0.607843 0.023109 0.044818
1 0.685137 0.579365 0.018382 0.058824
3 0.930672 0.742764 0.067227 0.169001
9 0.860557 0.669468 0.020483 0.048553
4 0.850578 0.492997 0.048845 0.126984
9 0.758403 0.319795 0.025210 0.030812
3 0.816964 0.252101 0.034139 0.078431
3 0.888393 0.208683 0.025735 0.051354
3 0.889181 0.152661 0.025210 0.042017
0 0.851103 0.084500 0.005777 0.025210
0 0.842962 0.048553 0.006303 0.026144
0 0.857143 0.044351 0.006303 0.021475
2 0.877363 0.066293 0.008929 0.018674
3 0.947742 0.226424 0.029937 0.049486
3 0.901261 0.029879 0.017857 0.029879
3 0.907300 0.009337 0.016282 0.018674
0 0.881565 0.017740 0.004727 0.014939
9 0.859506 0.023810 0.014181 0.014006
9 0.961134 0.014472 0.005252 0.014006
1 0.962447 0.008870 0.004727 0.012138
0 0.970588 0.010738 0.004202 0.017740
0 0.981618 0.013539 0.005252 0.017740
0 0.985819 0.013072 0.004202 0.014939
1 0.860557 0.019141 0.007878 0.023343
3 0.854517 0.394958 0.038866 0.078431
3 0.869485 0.323063 0.030987 0.063492
9 0.990546 0.218487 0.012605 0.020542
9 0.623162 0.514939 0.032038 0.040149
9 0.772059 0.301120 0.023109 0.027077
2 0.862920 0.124183 0.007353 0.024276
0 0.863183 0.115780 0.007878 0.026144
3 0.866597 0.052754 0.024160 0.030812
0 0.878151 0.056489 0.006303 0.019608
3 0.898897 0.113445 0.019433 0.036415
3 0.908876 0.064893 0.019433 0.030812
3 0.940914 0.006069 0.016282 0.012138
3 0.938288 0.018207 0.016282 0.028945
5 0.954307 0.531279 0.050420 0.121382
9 0.881303 0.024743 0.007353 0.012138
9 0.864496 0.643324 0.019958 0.063492
1 0.992647 0.209150 0.008403 0.026144
3 0.863183 0.250700 0.028887 0.047619
0 0.840599 0.088235 0.007878 0.025210
3 0.804097 0.328198 0.039916 0.099907