5 0.613971 0.562558 0.016807 0.038282
3 0.538603 0.581232 0.032038 0.086835
3 0.920431 0.536881 0.055147 0.052288
3 0.603204 0.455649 0.025735 0.024276
9 0.574842 0.825864 0.011029 0.038282
1 0.573792 0.827264 0.007878 0.028011
3 0.549632 0.271242 0.014181 0.023343
4 0.544905 0.377218 0.009979 0.018674
3 0.444590 0.436508 0.011029 0.032680
3 0.457458 0.362278 0.009454 0.016807
5 0.435399 0.219421 0.013655 0.028011
3 0.478729 0.333333 0.013130 0.014939
3 0.434874 0.364146 0.009454 0.020542
3 0.492910 0.197946 0.009979 0.011204
3 0.439601 0.324930 0.009454 0.020542
5 0.500263 0.347806 0.012080 0.027077
3 0.446954 0.300187 0.009454 0.017740
3 0.459559 0.331466 0.009454 0.016807
4 0.476628 0.245098 0.009979 0.023343
5 0.544905 0.253501 0.013130 0.030812