3 0.498140 0.521164 0.036458 0.082011
3 0.511533 0.344577 0.030506 0.048942
3 0.545387 0.279762 0.023810 0.046296
3 0.543155 0.941799 0.047619 0.111111
3 0.104911 0.949735 0.093750 0.095238
3 0.713914 0.522487 0.073661 0.063492
3 0.039062 0.516534 0.042411 0.080688
3 0.089658 0.508598 0.045387 0.088624
3 0.138393 0.513889 0.044643 0.080688
3 0.200521 0.478836 0.073661 0.068783
3 0.224702 0.439815 0.065476 0.054233
3 0.242188 0.410053 0.060268 0.052910
3 0.259673 0.384259 0.062500 0.051587
3 0.456845 0.444444 0.034226 0.071429
5 0.362723 0.404762 0.057292 0.113757
7 0.294271 0.503968 0.046875 0.082011
3 0.367188 0.339286 0.031994 0.048942
3 0.351935 0.315476 0.028274 0.048942
3 0.702381 0.354497 0.034226 0.050265
9 0.436756 0.402778 0.014881 0.043651
6 0.443452 0.318783 0.019345 0.042328
3 0.991071 0.636905 0.016369 0.062169
3 0.027530 0.764550 0.055060 0.156085
3 0.317336 0.228836 0.023065 0.031746
3 0.335938 0.246693 0.023065 0.041005
0 0.856027 0.529101 0.012649 0.050265
3 0.727307 0.261905 0.024554 0.044974
3 0.710565 0.230820 0.031250 0.035714
3 0.572545 0.181217 0.017113 0.037037
3 0.502976 0.669974 0.049107 0.120370
3 0.579985 0.255291 0.023065 0.039683