9 0.943452 0.696429 0.065476 0.157407
1 0.944568 0.656085 0.061756 0.153439
1 0.937128 0.646825 0.034970 0.119048
1 0.489583 0.633598 0.041667 0.142857
9 0.505208 0.574074 0.043155 0.095238
0 0.681920 0.468915 0.033482 0.160053
0 0.406994 0.410714 0.023810 0.099206
1 0.393973 0.343915 0.020089 0.050265
0 0.495164 0.340608 0.014137 0.101852
0 0.518601 0.326720 0.022321 0.105820
0 0.558780 0.328704 0.017857 0.101852
0 0.542783 0.346561 0.014137 0.076720
0 0.568080 0.319444 0.020089 0.083333
9 0.594866 0.267857 0.020089 0.070106