3 0.562763 0.494865 0.035189 0.059757
3 0.555935 0.381886 0.025735 0.044818
4 0.519433 0.278711 0.015756 0.038282
3 0.510242 0.196545 0.013130 0.023343
3 0.713498 0.862745 0.049895 0.123249
3 0.524160 0.174136 0.015756 0.027077
3 0.412553 0.438842 0.030987 0.059757
3 0.476366 0.709150 0.044118 0.116713
4 0.590336 0.715686 0.039916 0.107376
3 0.456670 0.378151 0.023634 0.044818
3 0.452206 0.539216 0.033613 0.073763
4 0.411239 0.699813 0.042017 0.124183
4 0.421744 0.375817 0.024160 0.058824
4 0.831670 0.699813 0.088761 0.086835
3 0.051471 0.751167 0.102941 0.107376
3 0.168855 0.586368 0.085609 0.072829
4 0.277311 0.350140 0.054622 0.044818
3 0.321691 0.471522 0.035189 0.056022
0 0.880515 0.739963 0.017332 0.040149
9 0.520746 0.691410 0.016282 0.056956
9 0.549895 0.244631 0.013655 0.035481
6 0.301733 0.885621 0.065651 0.081232
9 0.298057 0.803455 0.044643 0.053221
0 0.150473 0.466387 0.016282 0.028945
0 0.184874 0.671335 0.013655 0.056022
0 0.206145 0.668534 0.014181 0.059757
4 0.651261 0.536415 0.042017 0.073763
0 0.654149 0.795985 0.015231 0.045752
0 0.845851 0.634454 0.017332 0.042017
0 0.787553 0.735294 0.017332 0.047619
5 0.736607 0.602241 0.032038 0.097106
9 0.945641 0.701681 0.030987 0.051354
6 0.319590 0.605509 0.062500 0.053221
0 0.538603 0.640056 0.015231 0.049486
0 0.552784 0.623249 0.014181 0.056956
0 0.957195 0.770775 0.020483 0.068161
0 0.926208 0.655929 0.014181 0.042017
0 0.948792 0.645658 0.014181 0.047619
3 0.278099 0.296452 0.016282 0.036415
0 0.727153 0.282446 0.007878 0.038282
0 0.650998 0.319795 0.006828 0.053221
0 0.657826 0.318861 0.007878 0.040149
0 0.665704 0.321662 0.011029 0.045752
0 0.302784 0.269374 0.011029 0.038282
0 0.313288 0.264706 0.013130 0.032680
5 0.843225 0.891690 0.127626 0.212885
3 0.231092 0.430439 0.055672 0.054155
9 0.422006 0.282913 0.007878 0.031746
9 0.450893 0.256769 0.007878 0.024276
0 0.769433 0.628852 0.011555 0.051354
0 0.759979 0.634454 0.013655 0.047619
6 0.306723 0.554155 0.025210 0.051354
4 0.357668 0.163399 0.032563 0.035481