9 0.934874 0.463585 0.031513 0.034547
1 0.938813 0.451447 0.011029 0.043884
9 0.892595 0.435107 0.029937 0.037348
1 0.896796 0.417367 0.009979 0.037348
0 0.885767 0.312792 0.017332 0.046685
3 0.761292 0.302988 0.037290 0.056956
3 0.747374 0.263305 0.029412 0.042951
0 0.863708 0.394958 0.011029 0.048553
0 0.850053 0.390289 0.011029 0.052288
3 0.616334 0.950514 0.073004 0.095238
3 0.726103 0.204015 0.024685 0.038282
3 0.695116 0.123716 0.015231 0.027077
3 0.383403 0.233894 0.034664 0.047619
3 0.431460 0.149393 0.021534 0.033613
3 0.461134 0.089169 0.018908 0.034547
3 0.464811 0.077498 0.013655 0.024276
3 0.474265 0.067227 0.013655 0.020542
3 0.530200 0.035014 0.016282 0.028945
3 0.541492 0.256303 0.032563 0.068161
3 0.498687 0.258637 0.028887 0.052288
3 0.495536 0.223156 0.026786 0.042951
3 0.534139 0.327731 0.031513 0.061625
3 0.554097 0.186275 0.018908 0.028945
3 0.555147 0.170401 0.018908 0.028945
3 0.487132 0.310458 0.035189 0.075630
3 0.503151 0.147526 0.021008 0.033613
3 0.636817 0.228291 0.029937 0.056956
3 0.762605 0.444444 0.095588 0.080299
0 0.906250 0.396359 0.015231 0.051354
3 0.736082 0.237628 0.026786 0.038282
1 0.883666 0.422035 0.011029 0.033613
3 0.496061 0.018207 0.012080 0.021475
3 0.549370 0.211018 0.021008 0.033613
3 0.507878 0.194678 0.026261 0.043884
3 0.521271 0.169935 0.021534 0.033613
3 0.593225 0.216153 0.025735 0.047619
3 0.550945 0.140990 0.016807 0.029879
3 0.535714 0.132586 0.018908 0.033613
3 0.609244 0.064426 0.018908 0.037348
3 0.614496 0.107376 0.021008 0.039216
3 0.605830 0.023810 0.013130 0.025210
2 0.646008 0.165733 0.014706 0.036415
1 0.645221 0.166200 0.015231 0.039216
2 0.069590 0.375350 0.058298 0.070962
1 0.066964 0.373950 0.018382 0.066293
3 0.190914 0.437908 0.079307 0.074697
3 0.589548 0.128852 0.020483 0.037348
3 0.366597 0.440710 0.092437 0.080299
9 0.884191 0.463119 0.028887 0.033613
1 0.888918 0.456116 0.008929 0.038282
0 0.231880 0.307190 0.011029 0.052288
1 0.240284 0.309057 0.011029 0.048553
3 0.667805 0.054622 0.012080 0.021475
2 0.652836 0.445378 0.037815 0.041083
1 0.656513 0.430439 0.012605 0.059757
0 0.298845 0.365079 0.012605 0.048553
9 0.546481 0.488329 0.034139 0.041083
1 0.544643 0.481793 0.015756 0.056022