2 0.322359 0.323082 0.009301 0.031085
3 0.351004 0.111442 0.013765 0.025794
1 0.507626 0.265542 0.013765 0.028439
3 0.329055 0.109127 0.015253 0.023810
9 0.035900 0.270833 0.023438 0.019180
1 0.037760 0.259590 0.013021 0.025794
3 0.247954 0.079034 0.012277 0.020503
3 0.141183 0.283399 0.029390 0.032407
2 0.309338 0.338294 0.008557 0.025794
2 0.326079 0.335648 0.009301 0.028439
3 0.444382 0.938161 0.067336 0.121032
4 0.453683 0.805225 0.051711 0.146164
3 0.555246 0.749008 0.048735 0.114418
1 0.695126 0.787037 0.020461 0.037037
1 0.693266 0.768188 0.023438 0.046958
2 0.693638 0.782407 0.022693 0.066138
8 0.550037 0.501984 0.057664 0.178571
5 0.374814 0.347884 0.029390 0.059524
3 0.415365 0.323743 0.021205 0.049603
3 0.381138 0.288360 0.017485 0.038360
3 0.419085 0.270172 0.018229 0.033730
8 0.378162 0.238095 0.026414 0.070106
3 0.405692 0.258267 0.019717 0.029762
3 0.807850 0.519511 0.077009 0.057540
4 0.808780 0.535053 0.077381 0.080688
3 0.936198 0.604167 0.097098 0.080026
6 0.525856 0.277116 0.015997 0.035714
2 0.507999 0.274140 0.015997 0.019180
3 0.408482 0.236111 0.017857 0.033069
3 0.399182 0.219246 0.017113 0.025794
3 0.395647 0.209325 0.013021 0.027116
3 0.364397 0.184854 0.014509 0.027116
4 0.358817 0.168981 0.013765 0.019180
4 0.356957 0.161045 0.013021 0.019180
5 0.387835 0.176257 0.018229 0.031085
3 0.374814 0.170966 0.013021 0.019180
5 0.261161 0.176918 0.027530 0.042989