4 0.420956 0.798319 0.044643 0.091503
8 0.640494 0.666667 0.048845 0.084034
5 0.899160 0.717087 0.123950 0.143791
3 0.591912 0.615313 0.017857 0.026144
3 0.808561 0.725957 0.045693 0.043884
3 0.527574 0.718021 0.026786 0.042951
5 0.317752 0.673203 0.074580 0.128852
5 0.368960 0.637255 0.057248 0.077498
4 0.550683 0.942110 0.063550 0.113912
5 0.637080 0.588702 0.052521 0.058824
3 0.462447 0.673203 0.018382 0.031746
3 0.534926 0.634921 0.015231 0.028011
3 0.523109 0.676004 0.017857 0.031746
3 0.746586 0.836601 0.059349 0.093371
3 0.522847 0.638189 0.015231 0.027077
5 0.476628 0.614846 0.037290 0.068161
3 0.452994 0.714286 0.024685 0.044818
3 0.461922 0.690943 0.015231 0.031746
5 0.386817 0.680205 0.057248 0.111111
5 0.429884 0.620915 0.041492 0.072829
3 0.527048 0.694211 0.021534 0.038282
5 0.475053 0.616246 0.035189 0.076564
3 0.527311 0.690476 0.021008 0.034547
3 0.899160 0.784781 0.065126 0.056956
3 0.975053 0.847806 0.046744 0.065359
3 0.847426 0.748366 0.049895 0.055089
3 0.610032 0.628852 0.015231 0.021475