3 0.594800 0.822596 0.045693 0.095238
4 0.569590 0.617647 0.028887 0.068161
3 0.559611 0.541083 0.024685 0.043884
5 0.538340 0.445378 0.022059 0.037348
3 0.628939 0.591970 0.037290 0.046685
3 0.264181 0.521942 0.053571 0.044818
3 0.413866 0.519141 0.049370 0.046685
3 0.553571 0.425303 0.016807 0.027077
3 0.477153 0.486461 0.022584 0.041083
3 0.525210 0.381886 0.016807 0.026144
3 0.445903 0.426704 0.022059 0.035481
3 0.501050 0.446779 0.021008 0.040149
3 0.476891 0.422502 0.018908 0.032680
3 0.493697 0.398693 0.016807 0.029879
3 0.485819 0.339402 0.013655 0.023343
3 0.474002 0.355742 0.013130 0.024276
4 0.471113 0.368347 0.013655 0.032680
4 0.473477 0.315126 0.011029 0.027077
3 0.898634 0.843604 0.077731 0.099907
0 0.639706 0.593838 0.011555 0.039216
3 0.236082 0.545285 0.053046 0.050420
3 0.302521 0.490663 0.050420 0.045752
4 0.351628 0.381886 0.030987 0.031746
3 0.390494 0.443978 0.026786 0.036415
0 0.212447 0.916433 0.009979 0.058824
9 0.401523 0.670868 0.019433 0.042017
0 0.766544 0.666200 0.017332 0.040149
9 0.516544 0.528011 0.016282 0.034547
0 0.414128 0.641457 0.016282 0.042951
0 0.411502 0.591503 0.012080 0.045752
6 0.798057 0.630719 0.038340 0.034547
9 0.456145 0.678338 0.011029 0.042017
9 0.583771 0.508403 0.013130 0.047619
3 0.127363 0.728758 0.096113 0.081232
3 0.085872 0.882820 0.109769 0.066293
6 0.133141 0.813725 0.025735 0.055089
9 0.451943 0.487862 0.012080 0.043884
0 0.240284 0.485994 0.016282 0.028945
4 0.603204 0.479458 0.023634 0.055089
0 0.774422 0.614846 0.011029 0.042017
0 0.711922 0.516807 0.017332 0.042017
5 0.656775 0.503735 0.020483 0.073763
3 0.918855 0.748366 0.067752 0.049486
3 0.883141 0.683940 0.069853 0.064426
3 0.343750 0.349673 0.016282 0.036415
3 0.528099 0.298319 0.014181 0.027077
3 0.509716 0.265640 0.011029 0.017740
9 0.558824 0.369281 0.008403 0.028945
9 0.529412 0.316060 0.008403 0.021475
3 0.315389 0.422502 0.056197 0.032680
3 0.022847 0.496265 0.045693 0.043884
4 0.016807 0.534547 0.033613 0.051354