9 0.497396 0.177910 0.011161 0.030423
3 0.491815 0.380291 0.022321 0.051587
3 0.492560 0.277778 0.017857 0.042328
3 0.470982 0.928571 0.041667 0.134921
3 0.498512 0.498016 0.026786 0.062169
3 0.459449 0.336640 0.020089 0.051587
3 0.520461 0.777116 0.042411 0.125661
3 0.453869 0.638889 0.029762 0.097884
3 0.729167 0.210979 0.031250 0.048942
0 0.219494 0.833995 0.019345 0.046296
1 0.561012 0.413360 0.007440 0.022487
9 0.562128 0.421958 0.008185 0.023810
4 0.780134 0.314153 0.024554 0.033069
3 0.675595 0.275132 0.031250 0.029101
3 0.745164 0.259921 0.034970 0.033069
3 0.806176 0.247354 0.023065 0.034392
3 0.393973 0.493386 0.023065 0.068783
3 0.391369 0.333995 0.016369 0.046296
3 0.380952 0.254630 0.014881 0.038360
3 0.365327 0.191138 0.016369 0.030423
4 0.309896 0.298280 0.036458 0.051587
5 0.317336 0.520503 0.029018 0.072751
5 0.316220 0.763228 0.041667 0.126984
4 0.390997 0.076058 0.012649 0.030423
7 0.379092 0.095238 0.008185 0.021164