9 0.798582 0.447246 0.032038 0.039216
1 0.801996 0.428571 0.013655 0.044818
9 0.806197 0.427638 0.026261 0.039216
1 0.810137 0.415966 0.009979 0.040149
0 0.748424 0.281046 0.017857 0.050420
3 0.964811 0.454248 0.061975 0.068161
3 0.668855 0.296452 0.037290 0.056956
3 0.656775 0.255836 0.028887 0.042951
0 0.760504 0.396825 0.010504 0.048553
0 0.745273 0.395425 0.010504 0.053221
3 0.540966 0.819795 0.073529 0.177404
3 0.628151 0.196545 0.024160 0.038282
3 0.596376 0.118114 0.015231 0.027077
3 0.287290 0.248366 0.034664 0.048553
3 0.331670 0.150794 0.021534 0.032680
3 0.361607 0.094304 0.019433 0.033613
3 0.369223 0.081232 0.014706 0.026144
3 0.378151 0.070962 0.014706 0.022409
3 0.404149 0.028478 0.016282 0.027077
3 0.452468 0.269374 0.032038 0.070028
3 0.406775 0.264239 0.028887 0.054155
3 0.398897 0.228758 0.026786 0.042951
3 0.450368 0.345472 0.030987 0.061625
3 0.455357 0.187675 0.018908 0.029879
3 0.454832 0.163866 0.018908 0.028945
3 0.399160 0.320261 0.034664 0.076564
3 0.407300 0.153128 0.021534 0.033613
3 0.528361 0.170868 0.026261 0.042951
3 0.572479 0.377684 0.060924 0.071895
0 0.811712 0.395892 0.015231 0.052288
3 0.641807 0.229225 0.027311 0.038282
1 0.799632 0.409430 0.009979 0.032680
3 0.396271 0.017274 0.012080 0.021475
3 0.450368 0.220355 0.023634 0.046685
3 0.417017 0.198880 0.026261 0.042951
3 0.425158 0.172736 0.021534 0.033613
3 0.494485 0.157796 0.022584 0.042951
3 0.458246 0.141457 0.016282 0.028945
3 0.432248 0.149393 0.018908 0.033613
3 0.511029 0.069094 0.015756 0.033613
3 0.506565 0.031746 0.014181 0.028011
2 0.536502 0.126517 0.018382 0.038282
1 0.535714 0.126517 0.015756 0.034547
3 0.487132 0.079832 0.018382 0.038282
3 0.084034 0.459384 0.092437 0.080299
9 0.879989 0.520075 0.035189 0.041083
1 0.882090 0.500934 0.014181 0.045752
0 0.105830 0.347339 0.011029 0.052288
1 0.109506 0.342670 0.011029 0.048553
3 0.571166 0.056489 0.012080 0.021475
2 0.464286 0.426237 0.037815 0.038282
1 0.461922 0.413632 0.011029 0.048553
0 0.167279 0.393091 0.013130 0.048553
9 0.621586 0.716153 0.019433 0.080299
9 0.533876 0.462652 0.029937 0.040149
1 0.626050 0.707750 0.014706 0.069094
1 0.530725 0.450047 0.015231 0.056022