3 0.758666 0.499533 0.032038 0.052288
3 0.753939 0.475724 0.026786 0.038282
0 0.843225 0.535014 0.006828 0.033613
0 0.812763 0.540616 0.008929 0.029879
3 0.434349 0.450980 0.029412 0.042951
3 0.482931 0.391223 0.021534 0.033613
3 0.488708 0.347806 0.016282 0.028945
3 0.498424 0.338936 0.013655 0.024276
3 0.506040 0.331933 0.013130 0.023343
3 0.113708 0.503268 0.050945 0.048553
3 0.571166 0.463119 0.026786 0.052288
3 0.527311 0.461718 0.021008 0.042017
3 0.545956 0.422502 0.020483 0.032680
3 0.575368 0.507937 0.026786 0.052288
3 0.616859 0.700280 0.063550 0.070962
3 0.574842 0.416900 0.016282 0.028945
3 0.586134 0.400093 0.015756 0.028945
3 0.530725 0.493931 0.025735 0.061625
3 0.544643 0.391223 0.018908 0.033613
0 0.845851 0.542951 0.006828 0.028945
0 0.446954 0.543417 0.008403 0.041083
0 0.443015 0.547152 0.008929 0.041083
3 0.740546 0.451914 0.024160 0.033613
1 0.379727 0.545752 0.011555 0.043884
2 0.378939 0.556956 0.021534 0.025210
9 0.707195 0.574230 0.023634 0.031746
1 0.706670 0.564426 0.011029 0.038282
0 0.914916 0.540616 0.007353 0.041083
0 0.796481 0.480859 0.011029 0.044818
0 0.920956 0.541550 0.008929 0.029879
3 0.523109 0.295051 0.013655 0.024276
3 0.571691 0.441176 0.020483 0.038282
3 0.564863 0.386555 0.016282 0.024276
3 0.578519 0.344538 0.014181 0.024276
3 0.580620 0.379552 0.014181 0.023343
3 0.435137 0.605976 0.069853 0.056022
3 0.493697 0.527544 0.030462 0.050420
3 0.646534 0.586835 0.071429 0.066293
2 0.678309 0.755369 0.029937 0.041083
1 0.676471 0.741363 0.016807 0.052288
2 0.535714 0.568161 0.024160 0.023343
1 0.539391 0.558357 0.011555 0.052288
0 0.320116 0.528945 0.007878 0.036415
0 0.335084 0.525677 0.009454 0.039216
0 0.805410 0.494865 0.008929 0.037348
0 0.445116 0.539683 0.008929 0.041083
0 0.617384 0.513539 0.008929 0.037348