9 0.356027 0.485119 0.027530 0.040344
9 0.248140 0.550265 0.019345 0.048942
9 0.521391 0.375661 0.017485 0.048942
6 0.589286 0.302249 0.012649 0.029101
6 0.587054 0.401786 0.028274 0.045635
6 0.567708 0.389881 0.028274 0.049603
9 0.569382 0.374008 0.011533 0.029762
0 0.579055 0.276786 0.007812 0.029762
9 0.055618 0.665344 0.034598 0.034392
3 0.053943 0.647817 0.031250 0.036376
3 0.055432 0.626323 0.036458 0.034392
9 0.701079 0.257606 0.012277 0.027116
6 0.720796 0.263558 0.018973 0.029762
9 0.590588 0.361442 0.012277 0.028439
9 0.719308 0.243056 0.012277 0.020503
9 0.747954 0.228505 0.013021 0.027116
7 0.785156 0.180886 0.021205 0.036376
3 0.008185 0.958995 0.016369 0.079365
3 0.970238 0.059193 0.019345 0.032407
9 0.462426 0.564815 0.025298 0.038360
9 0.443824 0.498016 0.024554 0.043651
2 0.269903 0.683201 0.024926 0.048942
6 0.735491 0.906085 0.090774 0.101852
9 0.541667 0.830688 0.027530 0.050265
9 0.302641 0.716601 0.024926 0.053571
2 0.438616 0.959325 0.027530 0.061508
9 0.595424 0.461310 0.013765 0.037698
1 0.521577 0.542989 0.011905 0.048942
1 0.474516 0.505952 0.015253 0.044974
1 0.476749 0.330026 0.032366 0.039683
0 0.589472 0.301257 0.005580 0.027116
9 0.510789 0.365410 0.006696 0.037698
9 0.577939 0.473545 0.016741 0.042328
9 0.145647 0.504630 0.016741 0.037037
4 0.652716 0.779101 0.087426 0.115079
3 0.539062 0.729828 0.076637 0.091931
3 0.458147 0.619709 0.065848 0.075397
3 0.389509 0.556217 0.062500 0.062169
3 0.295573 0.593585 0.054688 0.091931
3 0.133743 0.813492 0.047247 0.093915
0 0.093936 0.652447 0.011533 0.045635
0 0.104725 0.662698 0.015253 0.044974
0 0.097656 0.598214 0.012277 0.040344
0 0.717448 0.758929 0.017485 0.048280
0 0.782924 0.736111 0.012277 0.038360
0 0.788132 0.756614 0.013765 0.050265
0 0.864583 0.543651 0.010417 0.044974
0 0.857515 0.540013 0.015625 0.049603
0 0.260045 0.771164 0.013393 0.048942
0 0.256324 0.749339 0.012649 0.055556
0 0.284970 0.667989 0.012649 0.039683
0 0.283854 0.652447 0.009673 0.041667
5 0.634115 0.385251 0.047991 0.083995
3 0.666109 0.356481 0.032366 0.054233
3 0.693638 0.321429 0.035342 0.050265
3 0.722284 0.290344 0.031622 0.044974
3 0.747582 0.266534 0.035342 0.043651
3 0.768229 0.236111 0.031250 0.038360
3 0.791853 0.209325 0.029390 0.042989
3 0.811942 0.180225 0.029390 0.041667
5 0.837798 0.145503 0.033482 0.059524
3 0.713914 0.347884 0.039435 0.058201
3 0.757626 0.299603 0.031622 0.050265
3 0.873140 0.104828 0.021577 0.029762
3 0.907366 0.086310 0.021577 0.027116
3 0.947545 0.041005 0.018601 0.023810
3 0.584449 0.321429 0.039435 0.043651
9 0.804129 0.235119 0.011533 0.029762
9 0.824963 0.215278 0.010789 0.028439
3 0.102679 0.312169 0.046131 0.043651
7 0.198289 0.356481 0.033482 0.043651
7 0.291667 0.387897 0.036458 0.052249
6 0.355283 0.589947 0.033482 0.048942
7 0.293341 0.513558 0.039062 0.057540
6 0.453869 0.525132 0.036458 0.060847
0 0.199033 0.586971 0.013393 0.048280
9 0.193266 0.616733 0.016741 0.041667
9 0.318080 0.750000 0.019345 0.054233
1 0.316220 0.742063 0.016369 0.044974
9 0.314174 0.677910 0.030878 0.048942
9 0.301897 0.715608 0.021949 0.048942
9 0.472842 0.515873 0.019345 0.044974
9 0.519345 0.547619 0.018601 0.044974
9 0.521577 0.486442 0.012649 0.041667
9 0.776042 0.718254 0.030506 0.044974
7 0.542411 0.439484 0.031250 0.068122
7 0.557478 0.444444 0.021205 0.050265
2 0.713542 0.503968 0.022321 0.033069
9 0.795201 0.563492 0.014509 0.044974
9 0.427827 0.754960 0.022321 0.037698
9 0.426525 0.825728 0.018973 0.062831
9 0.485863 0.976852 0.034226 0.043651
7 0.551153 0.950728 0.056176 0.097222
9 0.547433 0.898810 0.023438 0.059524
9 0.606399 0.871362 0.019345 0.057540
0 0.599330 0.848545 0.015625 0.050265
9 0.295759 0.436177 0.022321 0.031085
9 0.219122 0.407738 0.021577 0.036376
0 0.445499 0.435516 0.008557 0.035053
9 0.699219 0.387235 0.012277 0.036376
9 0.206845 0.434193 0.021577 0.031085
6 0.023438 0.756944 0.046875 0.089286
0 0.465402 0.373016 0.010417 0.039683
9 0.242746 0.694775 0.030134 0.050926
6 0.143601 0.455026 0.030506 0.042328
9 0.229353 0.366733 0.015253 0.033730