3 0.026523 0.316060 0.034139 0.066293
3 0.028099 0.253035 0.040441 0.059757
3 0.719800 0.133987 0.026786 0.055089
3 0.712973 0.812792 0.042542 0.043884
3 0.622899 0.389356 0.033613 0.067227
3 0.631828 0.768441 0.039916 0.042951
3 0.531513 0.620448 0.027311 0.060691
3 0.518382 0.560224 0.030462 0.065359
8 0.550945 0.391223 0.074580 0.177404
5 0.574580 0.584500 0.033613 0.072829
3 0.781250 0.532680 0.034139 0.043884
3 0.478992 0.783380 0.030462 0.070962
4 0.608193 0.239496 0.028361 0.060691
3 0.429622 0.920168 0.031513 0.068161
2 0.319853 0.267974 0.014706 0.016807
0 0.434349 0.500467 0.008403 0.018674
9 0.051733 0.146125 0.016282 0.017740
0 0.615284 0.739963 0.012080 0.025210
0 0.676733 0.405696 0.007878 0.014006
0 0.349790 0.744164 0.007353 0.013072
3 0.308298 0.589169 0.039916 0.039216
3 0.326681 0.555089 0.037815 0.045752
3 0.335347 0.515873 0.038340 0.043884
3 0.253676 0.557890 0.038866 0.045752
3 0.281513 0.529412 0.037815 0.041083
3 0.287815 0.482260 0.038866 0.045752
3 0.213235 0.526144 0.034664 0.038282
4 0.232143 0.497666 0.039916 0.044818
3 0.240284 0.452381 0.034139 0.038282
3 0.165966 0.507470 0.040966 0.043884
3 0.183298 0.468254 0.039916 0.047619
3 0.200105 0.430906 0.037815 0.043884
3 0.717174 0.673669 0.040441 0.043884
3 0.718487 0.632586 0.035714 0.045752
3 0.723214 0.582633 0.035714 0.039216
3 0.742910 0.556956 0.040441 0.043884
3 0.751838 0.700747 0.034139 0.036415
3 0.771534 0.661998 0.039916 0.046685
3 0.777048 0.618114 0.041492 0.046685
3 0.799895 0.587768 0.040966 0.047619
3 0.789916 0.722222 0.038866 0.043884
3 0.944853 0.712885 0.039916 0.043884
3 0.838235 0.753035 0.039916 0.043884
3 0.881040 0.778245 0.042542 0.045752
3 0.926471 0.801120 0.039916 0.046685
5 0.628151 0.273576 0.046218 0.098973
3 0.151786 0.407563 0.039916 0.043884
3 0.134716 0.440243 0.040441 0.043884
3 0.108193 0.476657 0.040966 0.047619
3 0.073529 0.364146 0.040966 0.037348
3 0.065651 0.442577 0.040966 0.048553
3 0.102416 0.281979 0.037815 0.042951
3 0.164653 0.314192 0.043592 0.049486
4 0.061975 0.285247 0.037815 0.045752
3 0.674895 0.120448 0.029412 0.061625
0 0.591649 0.177404 0.012080 0.022409
9 0.629202 0.045285 0.010504 0.025210
8 0.337447 0.363212 0.084559 0.100840
5 0.749737 0.015406 0.028887 0.030812
3 0.993435 0.934641 0.009979 0.048553
3 0.892332 0.882353 0.035714 0.048553
8 0.173845 0.234827 0.086134 0.088702
3 0.450630 0.759570 0.031513 0.064426
3 0.429884 0.738095 0.029937 0.060691
4 0.972689 0.828198 0.048319 0.048553
3 0.039128 0.402894 0.024685 0.066293
3 0.013393 0.409897 0.026786 0.042951