9 0.971639 0.454715 0.029412 0.037348
1 0.975840 0.444444 0.010504 0.037348
0 0.991859 0.341270 0.013130 0.049486
3 0.833508 0.312325 0.037815 0.056956
3 0.819853 0.276844 0.029412 0.042017
0 0.941964 0.408964 0.011029 0.048553
0 0.927258 0.405229 0.011029 0.052288
3 0.677521 0.976657 0.073529 0.044818
3 0.797532 0.210551 0.025735 0.038282
3 0.768120 0.130252 0.015231 0.027077
3 0.453782 0.234360 0.035714 0.048553
3 0.503676 0.149393 0.023109 0.033613
3 0.527048 0.096639 0.019433 0.034547
3 0.533876 0.075163 0.013130 0.023343
3 0.544380 0.068161 0.013130 0.022409
3 0.607143 0.034080 0.015756 0.028945
3 0.613445 0.263772 0.031513 0.068161
3 0.569590 0.257236 0.024685 0.051354
3 0.561450 0.226424 0.027311 0.043884
3 0.606880 0.324463 0.030987 0.060691
3 0.618697 0.190009 0.018908 0.028945
3 0.620536 0.167134 0.018382 0.029879
3 0.556723 0.306723 0.035714 0.075630
3 0.571954 0.147993 0.022059 0.032680
3 0.710872 0.271709 0.030987 0.057890
3 0.912815 0.484127 0.105042 0.079365
0 0.980830 0.415966 0.015231 0.051354
3 0.807248 0.242764 0.027311 0.037348
1 0.963235 0.442110 0.010504 0.034547
3 0.561187 0.020075 0.012080 0.021475
3 0.611870 0.217087 0.021008 0.034547
3 0.575368 0.197479 0.025735 0.043884
3 0.589286 0.171802 0.021008 0.033613
3 0.662027 0.256303 0.028887 0.051354
3 0.620011 0.146125 0.016282 0.028945
3 0.657300 0.015406 0.016282 0.028945
3 0.613971 0.123249 0.018908 0.033613
3 0.681985 0.090570 0.018382 0.037348
8 0.111870 0.353408 0.195378 0.159664
3 0.689338 0.135854 0.021534 0.036415
3 0.679884 0.035481 0.013130 0.026144
2 0.716649 0.195145 0.017332 0.037348
1 0.717437 0.184407 0.015756 0.047619
2 0.249737 0.378151 0.058298 0.070962
1 0.248687 0.363679 0.018382 0.066293
3 0.366859 0.436041 0.079307 0.074697
3 0.660189 0.167600 0.026261 0.047619
3 0.542017 0.448179 0.092437 0.080299
9 0.939601 0.459384 0.027311 0.033613
1 0.943015 0.442577 0.008929 0.037348
0 0.315389 0.294585 0.009979 0.053221
1 0.321429 0.298786 0.010504 0.048553
3 0.743697 0.058357 0.012605 0.021475
2 0.796218 0.461251 0.037815 0.041083
1 0.801733 0.451914 0.013130 0.059757
0 0.384454 0.361345 0.012605 0.048553
9 0.531775 0.499533 0.034139 0.041083
1 0.532038 0.487395 0.015756 0.056022