2 0.151261 0.619048 0.052521 0.063492
0 0.142595 0.627451 0.024685 0.076564
3 0.033876 0.208683 0.067752 0.086835
3 0.238445 0.287115 0.110294 0.086835
3 0.403624 0.482260 0.122374 0.180205
0 0.451943 0.631186 0.023634 0.067227
1 0.470588 0.624650 0.015756 0.028011
0 0.450630 0.607376 0.022059 0.071895
9 0.795693 0.511671 0.052521 0.054155
7 0.944590 0.516807 0.106618 0.109244
6 0.817752 0.465920 0.070378 0.065359
1 0.832195 0.463585 0.021534 0.060691
1 0.803834 0.458450 0.021534 0.048553
9 0.987658 0.404762 0.022584 0.055089
1 0.993435 0.395425 0.011029 0.055089
0 0.093225 0.137255 0.021534 0.059757
0 0.140756 0.083567 0.021008 0.066293
0 0.112132 0.051821 0.019433 0.060691
0 0.071691 0.088235 0.021534 0.070028
1 0.805672 0.504669 0.025210 0.066293
6 0.103204 0.039216 0.043592 0.039216
9 0.054622 0.092904 0.015756 0.060691
3 0.158088 0.198880 0.106092 0.100840
6 0.818540 0.688142 0.076155 0.160598
2 0.278624 0.056022 0.021534 0.063492
1 0.275210 0.050887 0.018908 0.056956
0 0.508666 0.057423 0.014181 0.053221
0 0.587973 0.127451 0.015231 0.058824
0 0.595851 0.117647 0.012080 0.054155
0 0.592700 0.112512 0.013130 0.058824
1 0.704832 0.134921 0.018908 0.034547
0 0.725578 0.138655 0.019433 0.056956
9 0.876050 0.875817 0.060924 0.076564
2 0.884716 0.891690 0.061450 0.056022
3 0.670693 0.344538 0.115546 0.119514
6 0.086922 0.733427 0.108718 0.126050
0 0.509191 0.051354 0.015231 0.059757
1 0.106355 0.711485 0.043592 0.070962