3 0.548363 0.722884 0.025298 0.067460
3 0.446057 0.714286 0.026042 0.074074
3 0.667783 0.882937 0.046875 0.112434
3 0.259301 0.778439 0.033482 0.072751
3 0.234003 0.648148 0.058780 0.050265
3 0.660342 0.570106 0.043899 0.052910
3 0.638021 0.482143 0.024554 0.041005
3 0.604167 0.483466 0.023810 0.046296
3 0.523065 0.464286 0.016369 0.029101
3 0.330357 0.563492 0.047619 0.037037
3 0.658854 0.636905 0.054315 0.038360
3 0.670759 0.671296 0.057292 0.030423
3 0.694568 0.568122 0.043899 0.056878
3 0.680432 0.711640 0.064732 0.044974
3 0.676339 0.476852 0.028274 0.038360
4 0.323661 0.408730 0.013393 0.039683
3 0.494420 0.344577 0.014137 0.025132
0 0.304315 0.439153 0.007440 0.029101
0 0.319568 0.467593 0.006696 0.027778
1 0.311756 0.644180 0.008929 0.029101
2 0.311384 0.664683 0.008185 0.030423
9 0.724330 0.692460 0.023065 0.033069
0 0.368304 0.321429 0.007440 0.026455
1 0.471354 0.355159 0.009673 0.019841
1 0.469866 0.320767 0.008185 0.022487
3 0.492560 0.884921 0.031250 0.103175
3 0.587798 0.521825 0.043155 0.038360
3 0.521577 0.553571 0.020833 0.043651
3 0.496280 0.428571 0.016369 0.031746
3 0.449405 0.628968 0.023810 0.054233
3 0.498884 0.714286 0.026042 0.063492
3 0.502232 0.631614 0.023810 0.051587
3 0.457217 0.572751 0.021577 0.044974
3 0.479911 0.528439 0.023810 0.051587
3 0.484003 0.464286 0.015625 0.031746
3 0.441220 0.371032 0.016369 0.027778
1 0.426339 0.466270 0.008929 0.022487