9 0.283088 0.457983 0.021008 0.038282
3 0.791229 0.754902 0.087710 0.118581
3 0.873424 0.729692 0.090336 0.111111
1 0.924632 0.948646 0.036239 0.050420
3 0.978466 0.605042 0.040966 0.070962
4 0.608193 0.451914 0.063025 0.070962
3 0.704044 0.432773 0.071954 0.060691
3 0.618960 0.427171 0.068803 0.060691
3 0.696429 0.400560 0.066176 0.050420
3 0.780725 0.408497 0.067752 0.055089
3 0.856880 0.396359 0.063550 0.055089
4 0.915966 0.375817 0.070378 0.060691
3 0.758929 0.387021 0.052521 0.049486
3 0.761029 0.342204 0.058824 0.043884
3 0.664391 0.320261 0.040966 0.050420
3 0.704044 0.323063 0.053046 0.044818
4 0.766019 0.301120 0.053046 0.049486
4 0.883403 0.283847 0.048319 0.048553
3 0.154149 0.125584 0.019433 0.030812
6 0.215599 0.674136 0.032038 0.085901
3 0.228992 0.569094 0.051471 0.088702
3 0.159926 0.598039 0.048845 0.111111
4 0.044380 0.351541 0.043592 0.070028
4 0.073792 0.314192 0.029937 0.066293
3 0.133403 0.457049 0.031513 0.071895
3 0.125525 0.367414 0.032563 0.062558
4 0.042279 0.305789 0.030987 0.066293
3 0.049107 0.250233 0.027836 0.042951
3 0.076418 0.220822 0.021534 0.038282
3 0.049632 0.217087 0.024685 0.038282
4 0.346376 0.311391 0.053046 0.055089
3 0.319853 0.300187 0.037815 0.043884
4 0.298319 0.285714 0.036765 0.044818
3 0.154674 0.087302 0.017332 0.027077
3 0.298057 0.211485 0.043592 0.032680
4 0.291754 0.197479 0.036239 0.038282
3 0.234506 0.174136 0.030987 0.032680
8 0.255777 0.159197 0.040966 0.077498
4 0.125788 0.005602 0.012080 0.011204
5 0.237920 0.101307 0.066176 0.060691
3 0.058824 0.173203 0.022059 0.038282
4 0.082983 0.164799 0.017857 0.040149
4 0.095851 0.137722 0.018382 0.032680
4 0.091912 0.111578 0.018908 0.036415
3 0.206145 0.472456 0.043592 0.078431
3 0.289391 0.514472 0.047269 0.070962
2 0.533876 0.804388 0.046744 0.092437
1 0.524160 0.772176 0.021008 0.065359
3 0.706670 0.716153 0.068803 0.119514
9 0.217962 0.317927 0.013655 0.030812
3 0.115284 0.302988 0.027836 0.055089
5 0.052258 0.113445 0.030987 0.071895
3 0.172532 0.315126 0.028887 0.062558
4 0.080620 0.097572 0.026786 0.030812
3 0.121849 0.169468 0.018908 0.036415
3 0.111870 0.040149 0.014706 0.024276
3 0.137868 0.021475 0.022584 0.020542
6 0.579044 0.386088 0.030987 0.047619
6 0.620798 0.374416 0.033613 0.039216
6 0.647321 0.367414 0.037290 0.049486
6 0.674107 0.354809 0.030987 0.042951
0 0.191702 0.164799 0.009454 0.027077
0 0.286502 0.355275 0.008929 0.038282
0 0.306985 0.353875 0.009979 0.037348
0 0.202468 0.946312 0.021534 0.070028
0 0.183561 0.953315 0.018382 0.078431
0 0.074842 0.261905 0.011029 0.038282
9 0.515494 0.461718 0.024685 0.042017
3 0.805935 0.376284 0.059349 0.044818
4 0.882616 0.349673 0.054097 0.055089
3 0.943803 0.281046 0.058824 0.042951
3 0.963235 0.361811 0.049370 0.056956
4 0.964811 0.268908 0.044118 0.050420
1 0.580620 0.725023 0.018382 0.060691
2 0.580882 0.746965 0.015756 0.061625
9 0.632353 0.483193 0.025210 0.038282
9 0.891807 0.429505 0.024160 0.033613
9 0.932511 0.572829 0.026786 0.055089
1 0.936187 0.563492 0.021534 0.043884
9 0.173057 0.121849 0.008929 0.025210
0 0.098477 0.342204 0.012080 0.038282
0 0.111607 0.102241 0.008929 0.027077
0 0.084034 0.335201 0.011555 0.039216
9 0.166229 0.101307 0.008929 0.023343
9 0.185662 0.119048 0.007878 0.027077
9 0.137080 0.195612 0.011555 0.030812
0 0.120011 0.104108 0.008929 0.027077
0 0.406250 0.399160 0.011029 0.043884
1 0.380515 0.399627 0.015231 0.033613
0 0.323792 0.459384 0.015231 0.054155
1 0.285452 0.454248 0.023634 0.040149
9 0.953519 0.318394 0.022584 0.028011