9 0.587447 0.105042 0.017332 0.047619
3 0.575368 0.071429 0.029937 0.073763
5 0.527048 0.053688 0.044643 0.107376
9 0.434086 0.053688 0.027836 0.043884
3 0.396796 0.339869 0.044643 0.110177
3 0.588235 0.218954 0.037815 0.096172
3 0.413078 0.159197 0.039391 0.103641
6 0.427521 0.097572 0.058824 0.042017
3 0.532038 0.311858 0.044118 0.113912
5 0.700368 0.654995 0.180147 0.155929
0 0.184086 0.807656 0.026786 0.082166
0 0.163078 0.787582 0.022584 0.073763
0 0.199317 0.753501 0.023634 0.061625
0 0.221113 0.725957 0.022059 0.068161
3 0.172006 0.660131 0.132878 0.128852
0 0.195378 0.713352 0.025210 0.070962
0 0.304359 0.574697 0.019433 0.077498
3 0.841912 0.923436 0.144958 0.149393
5 0.667017 0.484594 0.141807 0.130719
5 0.474527 0.168534 0.046744 0.174603
5 0.853729 0.476657 0.173845 0.127918
0 0.930672 0.438375 0.025210 0.058824
1 0.862920 0.295518 0.027311 0.056956
0 0.408351 0.078898 0.015231 0.049486
0 0.394170 0.080299 0.012080 0.046685