3 0.073529 0.447712 0.106092 0.077498
3 0.284664 0.407563 0.081933 0.071895
3 0.820641 0.566293 0.104517 0.083100
3 0.639443 0.569094 0.100315 0.083100
3 0.248162 0.466853 0.097164 0.078431
3 0.576418 0.100373 0.025735 0.047619
1 0.660714 0.793651 0.024160 0.059757
0 0.042017 0.761438 0.023109 0.064426
0 0.108193 0.771242 0.023109 0.078431
0 0.081145 0.740896 0.020483 0.064426
9 0.246849 0.315593 0.030462 0.044818
0 0.146008 0.249300 0.012605 0.050420
0 0.353466 0.251634 0.009454 0.036415
9 0.030725 0.385154 0.029937 0.036415
1 0.027311 0.373016 0.017857 0.045752
9 0.355305 0.200747 0.020483 0.033613
2 0.014181 0.351074 0.021008 0.052288
0 0.697216 0.199813 0.015231 0.042951
0 0.705620 0.200280 0.015231 0.043884
0 0.983456 0.288049 0.015231 0.045752
0 0.954044 0.271709 0.014181 0.044818
0 0.364758 0.133987 0.011029 0.042017
0 0.366859 0.111578 0.006828 0.030812
1 0.465599 0.035014 0.013130 0.034547
1 0.471376 0.033147 0.011029 0.038282
3 0.175158 0.854809 0.110819 0.202614
3 0.050683 0.593371 0.092962 0.083100
3 0.484506 0.217087 0.028887 0.064426
5 0.936187 0.835201 0.126576 0.176471
3 0.829307 0.477591 0.091387 0.071895
3 0.871061 0.425303 0.087710 0.064426
3 0.952468 0.360878 0.082458 0.062558
3 0.589548 0.210551 0.030987 0.055089
3 0.488445 0.155929 0.025210 0.056022
3 0.462447 0.412232 0.085609 0.077498
3 0.435924 0.312325 0.035714 0.073763
3 0.439863 0.075163 0.022584 0.040149
3 0.551733 0.193744 0.037290 0.064426
3 0.647847 0.151261 0.059349 0.041083
3 0.582195 0.023810 0.045693 0.034547
3 0.447479 0.028011 0.023109 0.041083
0 0.816964 0.694211 0.020483 0.064426
6 0.664653 0.815126 0.039391 0.098973
0 0.832721 0.517740 0.020483 0.068161
1 0.683036 0.423436 0.015231 0.043884
9 0.681723 0.437442 0.026261 0.036415
0 0.841649 0.760971 0.025735 0.059757
0 0.855305 0.771242 0.025735 0.065359
0 0.834821 0.784314 0.020483 0.069094
9 0.682248 0.303455 0.012605 0.039216
9 0.718750 0.316527 0.015231 0.041083
9 0.750000 0.309524 0.014706 0.040149
9 0.787553 0.303455 0.009979 0.041083
9 0.803571 0.299720 0.012605 0.039216
9 0.861870 0.320728 0.012605 0.040149
9 0.893120 0.290850 0.014181 0.036415
2 0.905725 0.325864 0.015231 0.041083
9 0.956670 0.324930 0.022584 0.050420
1 0.443540 0.362278 0.013130 0.035481
9 0.440914 0.372549 0.021534 0.039216
1 0.506303 0.135854 0.007353 0.028945
9 0.506040 0.144725 0.009979 0.029879
9 0.790441 0.684407 0.044118 0.050420
1 0.800683 0.672269 0.020483 0.050420
0 0.293592 0.513072 0.019958 0.066293
0 0.308298 0.511671 0.018908 0.065359
1 0.485032 0.322129 0.017332 0.044818
6 0.486607 0.335668 0.024685 0.056956
1 0.402574 0.309057 0.015231 0.041083
9 0.402311 0.321662 0.025210 0.040149
1 0.241071 0.547619 0.019958 0.060691
9 0.242910 0.557890 0.032038 0.049486
0 0.271271 0.579832 0.018382 0.061625
0 0.279937 0.584034 0.019958 0.064426
9 0.336922 0.260504 0.026786 0.029879
9 0.387605 0.196545 0.025210 0.030812
9 0.387080 0.173203 0.025210 0.032680
1 0.636029 0.859010 0.027311 0.072829
9 0.630777 0.860878 0.028361 0.074697
0 0.219275 0.308590 0.019433 0.055089
0 0.224790 0.271709 0.013655 0.046685
0 0.228729 0.278245 0.014181 0.054155
1 0.426996 0.087768 0.011555 0.039216
0 0.186712 0.274510 0.015231 0.044818
1 0.631303 0.344071 0.017857 0.045752
9 0.627101 0.355275 0.022059 0.045752
1 0.189601 0.271709 0.014706 0.039216
9 0.193540 0.289449 0.025735 0.035481
0 0.769958 0.231092 0.014706 0.036415
0 0.771008 0.237628 0.015756 0.040149
0 0.193015 0.299253 0.015231 0.045752
0 0.068015 0.321662 0.017332 0.047619
0 0.355042 0.260504 0.012605 0.041083
0 0.414391 0.250233 0.012605 0.041083
0 0.413340 0.240430 0.012605 0.040149
0 0.373687 0.106909 0.009979 0.036415
0 0.372637 0.137722 0.011029 0.040149
0 0.690651 0.168534 0.010504 0.036415
0 0.752363 0.272176 0.015231 0.045752
0 0.735557 0.271242 0.015231 0.045752
9 0.251576 0.328665 0.028361 0.046685
9 0.086660 0.354342 0.019958 0.045752
6 0.663866 0.208217 0.036765 0.050420
9 0.617122 0.178805 0.022059 0.025210