1 0.059611 0.906162 0.027836 0.060691
1 0.098477 0.886555 0.021534 0.051354
1 0.117122 0.877684 0.023109 0.063492
1 0.073529 0.942110 0.024160 0.057890
1 0.089811 0.923436 0.027311 0.050420
1 0.050945 0.945845 0.029412 0.065359
5 0.345063 0.864613 0.060924 0.197946
0 0.850315 0.348273 0.016807 0.057890
1 0.801208 0.593371 0.027836 0.062558
0 0.575105 0.286181 0.012605 0.040149
9 0.325893 0.283380 0.013130 0.038282
0 0.358193 0.676937 0.018908 0.067227
0 0.443803 0.283847 0.012605 0.044818
0 0.453256 0.283380 0.012605 0.045752
1 0.466649 0.273576 0.012080 0.044818
0 0.485819 0.280579 0.012605 0.045752
0 0.482405 0.309057 0.007878 0.039216
0 0.488971 0.308123 0.009454 0.037348
0 0.469013 0.305789 0.011555 0.047619
0 0.494223 0.345938 0.014706 0.049486
0 0.483456 0.329132 0.016282 0.043884
0 0.434611 0.341737 0.012080 0.048553
0 0.506565 0.366013 0.017332 0.052288
0 0.550945 0.949580 0.022059 0.093371
0 0.222164 0.541083 0.017857 0.068161
0 0.066439 0.612512 0.026786 0.084034
0 0.044905 0.526144 0.028887 0.070028
0 0.158088 0.465453 0.023109 0.068161
0 0.099002 0.414566 0.018382 0.061625
0 0.041492 0.405229 0.018908 0.063492
0 0.132353 0.373950 0.018908 0.062558
0 0.174632 0.366947 0.023634 0.065359
6 0.325105 0.781046 0.091387 0.079365
1 0.304622 0.779645 0.028361 0.070962
0 0.959559 0.600840 0.021008 0.060691
0 0.835609 0.491130 0.018908 0.054155
2 0.579044 0.726891 0.023634 0.077498
9 0.686187 0.410364 0.023634 0.036415
9 0.789391 0.631186 0.027311 0.056022
9 0.650473 0.330065 0.026786 0.042017
2 0.676208 0.338469 0.029937 0.036415
9 0.698792 0.360878 0.016282 0.040149
1 0.761292 0.519141 0.018382 0.046685
1 0.752626 0.508403 0.023109 0.051354
1 0.738971 0.494398 0.018908 0.042017
1 0.675158 0.356209 0.018382 0.042017
0 0.582195 0.406162 0.017332 0.056022
0 0.325105 0.377218 0.016807 0.054155
0 0.318277 0.589636 0.014706 0.068161
0 0.638918 0.532213 0.021534 0.070962
0 0.593487 0.570962 0.014706 0.066293
0 0.580620 0.536415 0.014181 0.064426
0 0.559349 0.531746 0.014706 0.071895
0 0.561712 0.655929 0.021534 0.081232
0 0.527311 0.550887 0.013655 0.063492
0 0.553571 0.559757 0.019958 0.060691
0 0.318540 0.325864 0.009979 0.048553
0 0.475578 0.301587 0.008929 0.048553
1 0.021534 0.905696 0.035714 0.082166