2 0.141019 0.256303 0.013130 0.032680
2 0.154674 0.263772 0.011029 0.042017
2 0.165179 0.258637 0.015231 0.056022
3 0.205357 0.246499 0.042017 0.085901
3 0.247637 0.201214 0.049895 0.088702
0 0.238183 0.615313 0.015231 0.048553
3 0.768645 0.378618 0.078256 0.073763
0 0.676733 0.224090 0.007878 0.031746
0 0.684086 0.225490 0.007878 0.040149
3 0.091387 0.330999 0.078782 0.064426
0 0.580620 0.189076 0.008929 0.043884
0 0.707721 0.224556 0.015231 0.043884
0 0.709821 0.140990 0.013130 0.037348
0 0.742384 0.959384 0.015231 0.043884
0 0.730567 0.945378 0.015756 0.043884
0 0.741859 0.849673 0.009979 0.041083
0 0.762342 0.874883 0.012080 0.044818
0 0.728466 0.838002 0.016807 0.043884
6 0.531250 0.651261 0.037290 0.062558
0 0.570641 0.193744 0.008929 0.038282
0 0.719800 0.964052 0.016282 0.056956
3 0.653361 0.324463 0.070378 0.079365
2 0.088498 0.590103 0.029937 0.044818
2 0.662815 0.390756 0.023109 0.036415
0 0.658613 0.101774 0.013655 0.042951
3 0.238971 0.932773 0.087185 0.125117
3 0.553046 0.062558 0.048319 0.080299
3 0.377363 0.615780 0.051996 0.146592
3 0.400735 0.411298 0.039916 0.116713
3 0.555935 0.352941 0.062500 0.095238
3 0.424370 0.278711 0.036765 0.105509
3 0.368960 0.206816 0.046744 0.101774
3 0.445641 0.033613 0.039391 0.067227
2 0.336660 0.408497 0.014706 0.055089
2 0.594538 0.326797 0.014706 0.044818
0 0.701418 0.380019 0.013130 0.044818
0 0.602153 0.325864 0.008929 0.041083
2 0.908351 0.647059 0.032038 0.037348
2 0.551733 0.177871 0.013130 0.042017
0 0.256828 0.270775 0.014706 0.044818
2 0.339811 0.890756 0.027311 0.057890
2 0.632090 0.814192 0.032038 0.044818
0 0.635242 0.066760 0.012080 0.038282
0 0.634191 0.053688 0.008929 0.027077
0 0.638918 0.044351 0.008929 0.027077
0 0.813550 0.301587 0.017857 0.042951
0 0.667279 0.150794 0.008929 0.040149
0 0.230830 0.112512 0.023634 0.049486