4 0.540179 0.280579 0.075105 0.053221
3 0.414128 0.398693 0.057248 0.097106
3 0.462710 0.345938 0.039916 0.070028
3 0.534926 0.253035 0.056197 0.037348
3 0.188813 0.640523 0.173845 0.121382
3 0.338498 0.084967 0.015231 0.024276
4 0.551733 0.237628 0.048845 0.045752
3 0.565914 0.227358 0.046744 0.032680
3 0.237132 0.471989 0.122374 0.083100
3 0.259716 0.411298 0.106618 0.070028
3 0.272059 0.376284 0.101891 0.054155
3 0.302521 0.350607 0.089286 0.062558
3 0.321429 0.330999 0.070378 0.047619
3 0.340861 0.305322 0.066176 0.056022
3 0.355830 0.297386 0.065651 0.055089
3 0.372111 0.274510 0.065651 0.057890
3 0.393120 0.266106 0.042542 0.039216
3 0.429097 0.239963 0.057773 0.039216
0 0.812237 0.329132 0.012080 0.055089
0 0.785452 0.460784 0.021534 0.077498
0 0.797269 0.498599 0.018908 0.076564
0 0.767069 0.474323 0.019433 0.084034
0 0.539128 0.779645 0.034139 0.119514
0 0.470063 0.878618 0.029412 0.115780
3 0.367384 0.068161 0.014181 0.020542
3 0.019433 0.316060 0.038866 0.073763
3 0.074842 0.263305 0.061450 0.070962
3 0.105042 0.184407 0.027311 0.043884
3 0.105042 0.210551 0.052521 0.049486
3 0.116597 0.108310 0.018908 0.022409
3 0.357405 0.072362 0.015231 0.021475
9 0.346639 0.089169 0.008403 0.027077
3 0.294118 0.129785 0.024160 0.031746
3 0.086922 0.752568 0.173845 0.218487
0 0.666754 0.230159 0.013130 0.040149
0 0.685662 0.316060 0.014181 0.045752
0 0.676208 0.217087 0.008929 0.036415
0 0.688025 0.226891 0.006303 0.035481
0 0.685662 0.231092 0.007878 0.042017
0 0.712185 0.240896 0.007353 0.041083
0 0.723214 0.241830 0.011555 0.039216
0 0.643908 0.238095 0.011555 0.033613
0 0.678834 0.235294 0.009979 0.033613
0 0.481618 0.305789 0.013655 0.043884
3 0.143908 0.216153 0.042017 0.055089
0 0.911502 0.403828 0.015231 0.045752
0 0.931460 0.405229 0.012080 0.054155
9 0.086397 0.242764 0.020483 0.054155
3 0.402836 0.897759 0.109244 0.183940
3 0.228729 0.910364 0.169643 0.175537
0 0.493435 0.942110 0.024685 0.074697
3 0.088761 0.878151 0.177521 0.241830
3 0.830357 0.725957 0.185924 0.131653
3 0.624212 0.674603 0.161239 0.126050
9 0.305410 0.650327 0.021534 0.086835
3 0.602679 0.595705 0.158088 0.100840
3 0.948267 0.527077 0.101366 0.088702
3 0.710084 0.537815 0.125000 0.104575
3 0.537290 0.549953 0.120798 0.110177
3 0.501313 0.509337 0.123424 0.090570
3 0.493960 0.457983 0.117122 0.084967
3 0.257353 0.153595 0.028361 0.036415
0 0.754727 0.433707 0.017857 0.071895
3 0.643120 0.494398 0.119223 0.109244
3 0.912027 0.477124 0.126576 0.084034
3 0.617647 0.453782 0.107143 0.069094
3 0.867122 0.442110 0.122899 0.079365
3 0.829044 0.405229 0.086660 0.063492
3 0.811187 0.386555 0.088761 0.057890
3 0.592174 0.413632 0.095063 0.078431
3 0.556460 0.368814 0.089811 0.054155
3 0.576418 0.385154 0.082458 0.047619
3 0.550420 0.333333 0.075630 0.059757
3 0.534401 0.306723 0.071954 0.038282