3 0.504464 0.404295 0.043592 0.091503
3 0.381828 0.577965 0.091387 0.134454
4 0.497111 0.321662 0.037290 0.090570
3 0.563288 0.214286 0.027836 0.049486
3 0.658351 0.345005 0.041492 0.068161
4 0.704832 0.302988 0.044118 0.066293
4 0.712973 0.260037 0.069853 0.051354
3 0.727679 0.238095 0.063550 0.046685
3 0.688550 0.211018 0.058824 0.042951
3 0.558824 0.014006 0.013655 0.026144
1 0.904412 0.705882 0.022059 0.087768
2 0.894433 0.713352 0.050420 0.052288
1 0.914653 0.640990 0.022584 0.079365
2 0.908876 0.655929 0.047794 0.049486
1 0.622111 0.336601 0.016282 0.053221
1 0.626838 0.337535 0.013130 0.049486
9 0.622899 0.344071 0.018908 0.049486
1 0.447216 0.380019 0.011029 0.044818
1 0.448004 0.361811 0.010504 0.032680
2 0.447742 0.399160 0.015231 0.049486
1 0.448004 0.194678 0.008403 0.027077
6 0.451155 0.195145 0.017857 0.054155
1 0.461660 0.322129 0.011555 0.035481
9 0.461397 0.345472 0.011029 0.037348
1 0.601891 0.175070 0.011555 0.034547
2 0.602416 0.188142 0.009454 0.030812
2 0.778361 0.596639 0.039916 0.052288
1 0.780462 0.572362 0.023109 0.069094
3 0.508666 0.144258 0.021534 0.043884
3 0.878151 0.481326 0.114496 0.112979
3 0.517332 0.069561 0.019958 0.030812
3 0.511292 0.041550 0.017332 0.027077
3 0.477153 0.050887 0.017332 0.027077
9 0.569065 0.017274 0.015231 0.032680
0 0.612132 0.141457 0.011029 0.043884
2 0.579569 0.041550 0.013130 0.040149
0 0.624737 0.190009 0.009979 0.042017
0 0.698792 0.100373 0.015231 0.032680
0 0.599002 0.100373 0.008929 0.043884
0 0.605830 0.103175 0.007878 0.045752
0 0.454569 0.064893 0.012080 0.038282
0 0.614758 0.152661 0.009979 0.043884
0 0.621324 0.141457 0.012605 0.047619
3 0.405200 0.123716 0.051996 0.040149
3 0.421744 0.075630 0.049370 0.037348
4 0.448004 0.045752 0.023109 0.054155
3 0.671744 0.197946 0.060924 0.048553
3 0.657300 0.172269 0.049895 0.043884
3 0.647321 0.112512 0.047794 0.036415
3 0.639181 0.100840 0.050420 0.033613
3 0.601891 0.014006 0.032563 0.022409
3 0.618697 0.052754 0.033613 0.025210
3 0.632353 0.065359 0.035714 0.031746