0 0.030878 0.542989 0.042411 0.138889
0 0.710938 0.227513 0.020089 0.082011
1 0.700521 0.238757 0.015625 0.043651
0 0.932664 0.287037 0.026042 0.103175
0 0.668899 0.146825 0.011905 0.050265
0 0.270833 0.144841 0.016369 0.054233
0 0.268601 0.128968 0.013393 0.051587
0 0.282366 0.146825 0.012649 0.039683
0 0.079241 0.099206 0.012649 0.047619
0 0.098586 0.101852 0.011161 0.047619
0 0.136905 0.111772 0.016369 0.048942
0 0.917039 0.265212 0.024554 0.051587
0 0.595610 0.433201 0.040923 0.141534
0 0.889881 0.265873 0.023810 0.055556
0 0.639509 0.186508 0.018601 0.071429
0 0.720238 0.460317 0.038690 0.164021
0 0.526414 0.521164 0.037946 0.145503
0 0.440104 0.452381 0.033482 0.148148
0 0.277902 0.638889 0.048363 0.216931
0 0.404762 0.537698 0.029762 0.167989
0 0.622396 0.560847 0.061756 0.153439
0 0.668527 0.585317 0.066220 0.175926
0 0.777902 0.628307 0.045387 0.208995
0 0.463542 0.464286 0.032738 0.164021
0 0.313988 0.346561 0.029762 0.124339
0 0.547991 0.299603 0.020089 0.115079
0 0.604911 0.307540 0.025298 0.104497
0 0.558036 0.227513 0.019345 0.084656
0 0.578125 0.287698 0.020833 0.120370
1 0.796503 0.279762 0.020089 0.093915
0 0.817708 0.274471 0.023810 0.083333
0 0.260789 0.150132 0.009673 0.033069
1 0.539435 0.335979 0.023810 0.074074
1 0.508185 0.324735 0.025298 0.064815
0 0.461682 0.168651 0.018601 0.070106
0 0.130952 0.351852 0.017857 0.068783
1 0.048735 0.350529 0.036458 0.060847
2 0.425223 0.371032 0.037946 0.080688
0 0.604911 0.147487 0.016369 0.072751
1 0.102307 0.125661 0.011161 0.026455
0 0.135417 0.148810 0.017857 0.056878
0 0.785342 0.184524 0.014137 0.054233
0 0.384301 0.113095 0.014137 0.051587
0 0.354167 0.095899 0.010417 0.051587
1 0.084077 0.126984 0.014881 0.029101
1 0.065104 0.127646 0.015625 0.030423
0 0.183408 0.131614 0.015625 0.051587
0 0.592634 0.255952 0.020089 0.091270
0 0.955357 0.323413 0.032738 0.130952
0 0.791295 0.376323 0.037946 0.133598
0 0.754092 0.230820 0.027530 0.067460
0 0.546503 0.097884 0.009673 0.037037
0 0.521577 0.083333 0.013393 0.034392
0 0.979911 0.285053 0.023810 0.115079
1 0.933408 0.186508 0.012649 0.031746
1 0.917039 0.184524 0.018601 0.033069