3 0.308780 0.679233 0.044643 0.149471
3 0.315476 0.409392 0.041667 0.104497
3 0.658854 0.681217 0.058780 0.145503
9 0.464286 0.055556 0.007440 0.023810
2 0.501116 0.127646 0.006696 0.022487
3 0.523065 0.792328 0.053571 0.169312
3 0.636533 0.926587 0.073661 0.136243
3 0.495908 0.513889 0.042411 0.104497
3 0.467634 0.308862 0.036458 0.083333
3 0.404762 0.197751 0.046131 0.051587
3 0.315104 0.113757 0.029018 0.058201
3 0.261905 0.337963 0.032738 0.085979
8 0.587798 0.380291 0.104167 0.292328
3 0.073661 0.194444 0.066964 0.047619
4 0.539062 0.166667 0.033482 0.058201
3 0.361607 0.141534 0.044643 0.055556
0 0.132068 0.318122 0.015625 0.038360
0 0.128720 0.306217 0.014881 0.035714
3 0.449777 0.129630 0.023065 0.050265
4 0.074033 0.097884 0.030506 0.050265
0 0.054688 0.169312 0.011161 0.031746
7 0.648810 0.060185 0.041667 0.043651
2 0.255952 0.248016 0.016369 0.051587
1 0.254464 0.230820 0.014881 0.041005
1 0.500372 0.112434 0.008185 0.023810
1 0.462426 0.043651 0.008185 0.023810
0 0.147693 0.156746 0.011161 0.030423
0 0.222098 0.050926 0.009673 0.030423