0 0.335347 0.768908 0.019433 0.083100
0 0.371586 0.713819 0.013130 0.045752
0 0.365809 0.696078 0.019433 0.053221
3 0.376050 0.715686 0.049370 0.066293
0 0.199580 0.711485 0.028361 0.070962
0 0.170956 0.708683 0.026786 0.078431
0 0.304884 0.695145 0.023634 0.088702
9 0.250525 0.712885 0.058824 0.051354
0 0.590074 0.684874 0.020483 0.077498
0 0.927784 0.840803 0.021534 0.066293
0 0.884716 0.829599 0.015231 0.060691
0 0.844275 0.849206 0.018382 0.055089
0 0.777574 0.786648 0.035189 0.060691
0 0.312500 0.763305 0.017857 0.094304
0 0.247111 0.886088 0.021534 0.076564
0 0.266282 0.876284 0.017857 0.073763
0 0.282300 0.856209 0.021534 0.070962
0 0.292805 0.829132 0.021534 0.061625
4 0.568015 0.190009 0.085609 0.084967
3 0.683561 0.119048 0.085609 0.079365
0 0.704044 0.713352 0.026786 0.076564
6 0.649160 0.641923 0.109244 0.127918
4 0.883666 0.641923 0.115021 0.127918
0 0.720588 0.901494 0.024160 0.094304
0 0.751576 0.921102 0.031513 0.073763
0 0.574317 0.917367 0.024685 0.090570
0 0.603729 0.840336 0.024685 0.093371
9 0.653624 0.817460 0.067752 0.094304
0 0.574055 0.827731 0.024160 0.077498
0 0.585872 0.775444 0.021534 0.084967
1 0.462973 0.781513 0.029937 0.061625
1 0.476366 0.744631 0.025210 0.068161
0 0.387080 0.727358 0.022059 0.093371
3 0.262342 0.632586 0.146534 0.133520
0 0.337973 0.873950 0.023634 0.089636
0 0.538340 0.752101 0.015756 0.049486
0 0.543855 0.715219 0.015231 0.052288
0 0.454569 0.661064 0.019433 0.065359
0 0.492910 0.667134 0.014181 0.070028
0 0.476891 0.645191 0.017857 0.070962
6 0.755515 0.674603 0.060399 0.070028
9 0.508141 0.088702 0.038340 0.033613
1 0.511029 0.073296 0.014706 0.042017
1 0.518382 0.077498 0.012605 0.039216
0 0.371324 0.221755 0.018908 0.073763
0 0.346376 0.370215 0.020483 0.075630
0 0.282826 0.346405 0.020483 0.067227
0 0.294905 0.339869 0.020483 0.069094
0 0.282563 0.323529 0.024160 0.073763
0 0.264968 0.332866 0.020483 0.068161
9 0.303046 0.487395 0.056723 0.054155
1 0.295431 0.469655 0.020483 0.069094
1 0.282826 0.471522 0.019433 0.061625
3 0.939076 0.128852 0.077731 0.063492