3 0.759454 0.518207 0.031513 0.052288
3 0.750263 0.494398 0.026786 0.038282
0 0.805410 0.518207 0.006828 0.033613
0 0.787553 0.522876 0.008929 0.029879
3 0.638918 0.400093 0.023634 0.038282
3 0.614233 0.362745 0.016282 0.028945
3 0.614758 0.346872 0.015231 0.028945
4 0.525735 0.826797 0.049370 0.144725
3 0.460084 0.835201 0.048319 0.112979
3 0.497637 0.663399 0.036239 0.077498
3 0.497899 0.537815 0.030462 0.046685
3 0.443277 0.466387 0.029412 0.042017
3 0.477679 0.406162 0.021534 0.033613
3 0.502889 0.361811 0.015231 0.028945
3 0.507616 0.353875 0.014181 0.024276
3 0.515756 0.349673 0.012605 0.023343
3 0.133666 0.519141 0.050945 0.048553
3 0.573792 0.478992 0.025735 0.052288
3 0.554097 0.426704 0.018908 0.033613
3 0.558298 0.371615 0.013655 0.028011
3 0.571166 0.528011 0.025735 0.049486
3 0.580620 0.422969 0.016282 0.028011
3 0.584034 0.401961 0.015756 0.028945
3 0.537553 0.492997 0.023634 0.052288
3 0.540179 0.407096 0.018382 0.033613
9 0.736082 0.533147 0.017332 0.037348
9 0.642069 0.374416 0.013130 0.044818
9 0.649947 0.376751 0.011029 0.040149
1 0.641019 0.377218 0.008929 0.041083
1 0.650210 0.377218 0.010504 0.041083
0 0.801208 0.500467 0.011029 0.037348
0 0.795168 0.517274 0.007353 0.029879
0 0.597689 0.560691 0.008403 0.040149
0 0.603204 0.566760 0.008929 0.041083
3 0.738183 0.470588 0.024685 0.033613
1 0.666492 0.583100 0.011555 0.043884
2 0.664653 0.592437 0.021534 0.025210
9 0.471901 0.577498 0.019433 0.027077
1 0.471376 0.570495 0.011029 0.037348
0 0.942227 0.564426 0.007353 0.040149
0 0.834821 0.526611 0.011029 0.044818
0 0.951418 0.565826 0.008929 0.029879
1 0.737658 0.531279 0.017332 0.037348
9 0.831145 0.704482 0.015231 0.040149
1 0.831145 0.694678 0.014181 0.044818
3 0.532300 0.311858 0.013130 0.024276
3 0.575368 0.447712 0.020483 0.038282
3 0.584034 0.377218 0.013655 0.024276
3 0.522321 0.464052 0.021534 0.037348
0 0.862132 0.537815 0.008929 0.037348
0 0.602153 0.566293 0.008929 0.042017
0 0.656250 0.497666 0.008929 0.037348