0 0.987132 0.300654 0.015231 0.048553
3 0.663078 0.274510 0.032038 0.048553
3 0.650210 0.239029 0.030462 0.044818
0 0.756040 0.344538 0.007878 0.041083
0 0.742384 0.340336 0.013130 0.043884
3 0.550945 0.943044 0.073529 0.113912
3 0.625263 0.183473 0.024685 0.038282
3 0.592174 0.109711 0.015231 0.027077
3 0.285714 0.230626 0.034664 0.046685
3 0.329569 0.145658 0.021534 0.033613
3 0.357931 0.083100 0.017332 0.037348
3 0.364758 0.067227 0.012080 0.022409
3 0.369748 0.057890 0.014706 0.020542
3 0.446429 0.238095 0.031513 0.067227
3 0.403624 0.242297 0.024685 0.051354
3 0.396271 0.213352 0.026786 0.042017
3 0.445641 0.303455 0.030987 0.061625
3 0.448529 0.173203 0.018908 0.028945
3 0.450105 0.152661 0.018908 0.028945
3 0.393645 0.292717 0.030987 0.066293
3 0.402311 0.136788 0.022059 0.036415
3 0.741071 0.400093 0.081933 0.071895
0 0.782038 0.338002 0.009454 0.054155
3 0.639706 0.211018 0.028361 0.039216
3 0.397847 0.014006 0.012080 0.016807
3 0.445116 0.193744 0.021534 0.034547
3 0.407563 0.182540 0.025210 0.043884
3 0.421481 0.156863 0.021534 0.033613
3 0.248162 0.443978 0.084559 0.066293
3 0.451681 0.125584 0.015756 0.027077
3 0.499475 0.195145 0.031513 0.061625
3 0.494223 0.346872 0.069328 0.073763
8 0.542542 0.411765 0.220588 0.158730
3 0.620536 0.373483 0.068803 0.070962
3 0.555935 0.295518 0.038340 0.064426
2 0.428571 0.401961 0.034664 0.038282
1 0.425420 0.390756 0.018908 0.047619
3 0.493435 0.640056 0.104517 0.133520
3 0.749737 0.489729 0.086660 0.083100
2 0.855830 0.426237 0.058298 0.070028
1 0.845326 0.422035 0.019433 0.067227
3 0.941702 0.459384 0.092437 0.076564
3 0.364496 0.417367 0.078782 0.076564
0 0.187237 0.295518 0.008929 0.040149
0 0.201155 0.285247 0.011555 0.045752
9 0.724527 0.362278 0.019433 0.033613
1 0.725053 0.346405 0.008929 0.037348
3 0.567227 0.048086 0.011555 0.021475
0 0.065914 0.379085 0.011029 0.048553
0 0.062763 0.587768 0.012080 0.038282
2 0.063813 0.612045 0.029937 0.038282
2 0.060399 0.577965 0.025210 0.022409
0 0.054884 0.559757 0.014181 0.034547
0 0.370798 0.342204 0.012605 0.043884