3 0.825105 0.454248 0.077731 0.056956
3 0.935137 0.567694 0.091912 0.072829
2 0.885767 0.427171 0.020483 0.047619
3 0.421481 0.161064 0.016282 0.025210
6 0.185137 0.862278 0.033088 0.098039
1 0.188288 0.833333 0.026786 0.071895
8 0.327994 0.270308 0.032038 0.060691
3 0.649160 0.313259 0.034664 0.038282
1 0.930935 0.796919 0.023634 0.068161
3 0.525210 0.239496 0.017857 0.027077
9 0.341387 0.397292 0.014706 0.032680
3 0.372637 0.194678 0.017332 0.023343
3 0.505252 0.202614 0.016807 0.022409
3 0.499475 0.189076 0.013655 0.023343
0 0.233981 0.803922 0.021534 0.089636
4 0.143645 0.729225 0.076155 0.106443
0 0.076681 0.725957 0.033613 0.083100
3 0.121324 0.608777 0.078782 0.072829
3 0.138130 0.560224 0.084034 0.063492
3 0.172006 0.490663 0.073004 0.066293
3 0.211134 0.452848 0.050420 0.056022
7 0.331145 0.370682 0.019433 0.044818
2 0.422532 0.373483 0.024685 0.028011
1 0.424107 0.366480 0.013130 0.034547
2 0.928046 0.814192 0.027311 0.070962
9 0.615809 0.460317 0.009979 0.041083
1 0.615546 0.449113 0.011555 0.037348
5 0.850053 0.534080 0.109769 0.074697
3 0.953256 0.621382 0.091387 0.071895
3 0.759191 0.487395 0.049895 0.059757
3 0.870536 0.506069 0.090861 0.065359
3 0.411502 0.242297 0.017332 0.028945
3 0.436712 0.115780 0.007878 0.011204
0 0.339286 0.304388 0.009454 0.033613
6 0.716387 0.421102 0.037815 0.041083
9 0.748687 0.558357 0.023634 0.046685
3 0.467174 0.194211 0.015231 0.022409
3 0.485819 0.183473 0.014706 0.023343
9 0.621586 0.368347 0.017332 0.027077