3 0.130208 0.951058 0.092262 0.092593
3 0.666667 0.507937 0.038690 0.063492
3 0.498884 0.507275 0.031994 0.067460
3 0.537574 0.713624 0.037946 0.112434
3 0.613095 0.661376 0.037202 0.087302
3 0.656250 0.708333 0.047619 0.107143
4 0.795759 0.926587 0.106399 0.091270
3 0.582961 0.599206 0.046875 0.087302
3 0.629836 0.526455 0.033482 0.071429
3 0.514881 0.289683 0.019345 0.039683
3 0.292783 0.426587 0.052827 0.046296
7 0.690848 0.887566 0.064732 0.103175
3 0.412946 0.281085 0.022321 0.035714
3 0.418899 0.257937 0.016369 0.039683
3 0.546131 0.349868 0.019345 0.041005
3 0.401414 0.305556 0.021577 0.050265