2 0.006040 0.338469 0.011029 0.049486
9 0.617384 0.164799 0.020483 0.019608
2 0.749212 0.281513 0.009979 0.027077
9 0.672006 0.248833 0.032038 0.038282
0 0.680935 0.112512 0.008929 0.040149
0 0.684611 0.115313 0.006828 0.036415
8 0.627101 0.373950 0.164916 0.129785
3 0.608981 0.712885 0.087710 0.150327
3 0.371849 0.513539 0.112395 0.078431
3 0.590599 0.517740 0.087710 0.077498
3 0.789653 0.528011 0.099265 0.092437
3 0.299632 0.403828 0.083508 0.073763
3 0.358981 0.359010 0.076155 0.066293
3 0.434349 0.414099 0.086134 0.062558
3 0.228466 0.499533 0.102941 0.082166
1 0.662027 0.774510 0.020483 0.055089
0 0.682773 0.734827 0.017857 0.067227
0 0.720326 0.754902 0.022584 0.073763
0 0.706933 0.717087 0.016807 0.065359
1 0.599265 0.608310 0.023109 0.055089
9 0.238971 0.631653 0.035714 0.045752
9 0.983193 0.620448 0.031513 0.045752
1 0.460347 0.542951 0.014181 0.045752
2 0.465074 0.550420 0.046744 0.040149
1 0.471901 0.536415 0.015231 0.036415
9 0.248162 0.302054 0.027836 0.034547
1 0.161239 0.372082 0.017857 0.055089
1 0.195378 0.354809 0.012605 0.050420
2 0.163078 0.382820 0.036239 0.041083
9 0.189338 0.367414 0.036239 0.036415
1 0.636029 0.342204 0.012605 0.040149
9 0.641282 0.355742 0.031513 0.031746
0 0.504727 0.227358 0.012605 0.043884
0 0.456145 0.041550 0.006828 0.034547
9 0.352679 0.187208 0.022584 0.030812
0 0.896271 0.267507 0.009979 0.034547
0 0.893120 0.261905 0.011029 0.038282
0 0.289653 0.226424 0.006828 0.042017
0 0.305410 0.194678 0.009979 0.040149
2 0.012342 0.339402 0.018382 0.043884
3 0.176208 0.841270 0.107668 0.194211
3 0.486082 0.205882 0.023634 0.066293
3 0.938813 0.817460 0.120273 0.170868
3 0.588498 0.198413 0.030987 0.055089
3 0.437500 0.061158 0.023109 0.040149
3 0.048057 0.505602 0.096113 0.096172
3 0.644170 0.136788 0.050945 0.043884
3 0.581670 0.016340 0.042542 0.028945
4 0.446691 0.021942 0.020483 0.036415
6 0.666229 0.800654 0.037290 0.109244
0 0.923845 0.673669 0.023109 0.068161
9 0.683561 0.289916 0.008929 0.036415
2 0.751313 0.301587 0.015231 0.031746
9 0.790179 0.293184 0.009979 0.041083
9 0.806723 0.290850 0.012605 0.036415
9 0.862395 0.306256 0.009454 0.035481
9 0.895221 0.281513 0.015231 0.036415
2 0.908613 0.309524 0.012605 0.036415
9 0.959821 0.312792 0.023634 0.050420
0 0.330620 0.792250 0.020483 0.071895
0 0.351103 0.789449 0.026786 0.073763
1 0.485819 0.262838 0.014706 0.030812
6 0.485032 0.268908 0.021534 0.041083
1 0.403624 0.297386 0.015231 0.045752
9 0.403887 0.308123 0.023109 0.041083
1 0.167542 0.639122 0.021008 0.055089
9 0.169118 0.655462 0.040966 0.042951
4 0.489233 0.582633 0.088761 0.095238
1 0.988445 0.610177 0.022059 0.049486
9 0.336922 0.250700 0.026786 0.034547
9 0.388393 0.178805 0.025735 0.032680
9 0.387868 0.157330 0.024685 0.028945
0 0.120011 0.330999 0.013130 0.045752
0 0.520221 0.122316 0.009979 0.041083
0 0.543592 0.261438 0.014706 0.046685
0 0.464023 0.051821 0.007878 0.038282
0 0.624212 0.189076 0.007878 0.028945
0 0.623687 0.175070 0.006828 0.028945
1 0.233981 0.614846 0.020483 0.055089
2 0.598739 0.625584 0.040966 0.042951
0 0.378414 0.269374 0.012080 0.049486
0 0.367384 0.282446 0.012080 0.045752
9 0.251838 0.317927 0.027836 0.030812
9 0.086922 0.340336 0.017332 0.042017
1 0.188288 0.356209 0.015231 0.045752
1 0.487132 0.271242 0.015231 0.027077
3 0.519695 0.069561 0.024685 0.042017
9 0.796744 0.595705 0.038866 0.041083
1 0.799370 0.582166 0.019958 0.055089
0 0.730567 0.757236 0.016807 0.054155
5 0.159401 0.435574 0.112920 0.092437
1 0.649947 0.338469 0.011029 0.036415