9 0.793330 0.447246 0.032038 0.041083
1 0.794643 0.432773 0.012605 0.049486
9 0.813025 0.433240 0.026261 0.039216
1 0.813813 0.419701 0.009979 0.038282
0 0.742384 0.281513 0.014181 0.042017
3 0.964023 0.453782 0.064601 0.067227
3 0.668067 0.295985 0.036765 0.056022
3 0.651786 0.258637 0.029412 0.042951
0 0.762868 0.400560 0.011029 0.048553
0 0.745536 0.397759 0.011029 0.052288
3 0.536239 0.774977 0.073529 0.177404
3 0.628676 0.197479 0.024160 0.038282
3 0.596376 0.118114 0.015231 0.027077
3 0.286765 0.246499 0.034664 0.048553
3 0.332195 0.150794 0.021534 0.032680
3 0.361345 0.093371 0.018908 0.033613
3 0.368172 0.079832 0.014706 0.025210
3 0.376838 0.069561 0.014181 0.021475
3 0.405200 0.030345 0.016282 0.027077
3 0.451943 0.272642 0.033088 0.070962
3 0.406775 0.266573 0.028887 0.058824
3 0.398897 0.230626 0.026786 0.042951
3 0.448792 0.356676 0.030987 0.061625
3 0.455095 0.187675 0.019433 0.029879
3 0.454832 0.163866 0.018908 0.028945
3 0.399160 0.326797 0.034664 0.076564
3 0.407300 0.152194 0.021534 0.033613
3 0.526523 0.163399 0.026786 0.042951
3 0.564863 0.364613 0.053046 0.075630
0 0.808561 0.401494 0.014181 0.050420
3 0.641807 0.229225 0.027311 0.038282
1 0.809611 0.418768 0.011029 0.032680
3 0.394170 0.019141 0.012080 0.021475
3 0.450368 0.222222 0.024685 0.048553
3 0.416492 0.199813 0.026261 0.042951
3 0.425158 0.171802 0.021534 0.033613
3 0.493172 0.149393 0.023109 0.042951
3 0.458246 0.141457 0.016282 0.028945
3 0.432248 0.149393 0.018908 0.033613
3 0.510504 0.063492 0.015756 0.033613
3 0.504989 0.030345 0.018382 0.028945
2 0.537553 0.123249 0.018382 0.037348
1 0.536765 0.122782 0.015756 0.036415
3 0.487132 0.072362 0.018382 0.038282
3 0.052258 0.451914 0.090861 0.080299
9 0.911502 0.538749 0.035189 0.041083
1 0.913603 0.520075 0.014181 0.044818
0 0.101628 0.346405 0.011029 0.052288
1 0.103204 0.343604 0.011029 0.048553
3 0.571691 0.056489 0.012080 0.021475
2 0.438025 0.429038 0.037815 0.040149
1 0.439863 0.420635 0.012080 0.055089
0 0.162815 0.393091 0.016807 0.046685
9 0.617384 0.670868 0.025735 0.084967
9 0.542542 0.445845 0.024160 0.040149
1 0.618172 0.661064 0.014706 0.067227
1 0.540179 0.439776 0.015231 0.056022