9 0.505515 0.879552 0.028887 0.084034
9 0.356880 0.802054 0.030987 0.078431
3 0.832983 0.780112 0.088235 0.116713
3 0.910452 0.749300 0.090861 0.111111
1 0.972952 0.977591 0.033088 0.039216
3 0.722164 0.594771 0.074580 0.091503
4 0.642595 0.457516 0.063550 0.070962
3 0.738708 0.443978 0.071954 0.058824
3 0.651523 0.432773 0.068803 0.058824
3 0.731092 0.409897 0.066176 0.050420
3 0.816702 0.420168 0.068277 0.056022
3 0.894170 0.408030 0.069853 0.054155
4 0.961397 0.392157 0.071954 0.061625
3 0.797006 0.394958 0.053046 0.046685
3 0.796218 0.350607 0.061975 0.043884
3 0.689601 0.325864 0.040966 0.050420
3 0.733718 0.328665 0.053571 0.044818
4 0.811975 0.309057 0.053571 0.048553
4 0.930410 0.295518 0.049895 0.049486
3 0.250000 0.274510 0.028361 0.046685
9 0.173582 0.591036 0.015231 0.054155
6 0.214811 0.502334 0.027311 0.057890
9 0.205882 0.618581 0.017857 0.058824
3 0.229517 0.415500 0.033613 0.065359
3 0.173845 0.387021 0.033613 0.070028
4 0.089023 0.348273 0.042542 0.070962
4 0.120798 0.309524 0.030462 0.062558
3 0.162815 0.325397 0.027311 0.055089
3 0.165704 0.285714 0.027836 0.050420
4 0.087185 0.301120 0.031513 0.064426
3 0.092700 0.245098 0.026786 0.042017
3 0.121061 0.218487 0.021534 0.037348
3 0.097689 0.217087 0.024160 0.038282
4 0.387605 0.311858 0.052521 0.054155
3 0.360294 0.298786 0.037815 0.042951
4 0.339023 0.282446 0.036239 0.045752
3 0.233456 0.169468 0.022584 0.032680
3 0.335084 0.211485 0.044118 0.032680
4 0.336134 0.194678 0.036765 0.034547
3 0.272584 0.173203 0.030462 0.032680
8 0.303309 0.157330 0.041492 0.077498
4 0.191964 0.074697 0.012080 0.028011
5 0.275735 0.098506 0.066176 0.060691
3 0.107143 0.170868 0.022059 0.037348
4 0.130777 0.161998 0.017857 0.040149
4 0.139968 0.136788 0.018382 0.032680
4 0.141807 0.110644 0.018908 0.036415
3 0.197479 0.239029 0.026261 0.046685
9 0.504727 0.805322 0.028361 0.075630
3 0.165441 0.206816 0.024160 0.042017
5 0.108193 0.110644 0.030462 0.070028
3 0.174895 0.028011 0.013655 0.020542
3 0.181985 0.117180 0.018382 0.034547
4 0.873687 0.581699 0.096113 0.106443
4 0.121849 0.095705 0.024160 0.030812
3 0.175420 0.086368 0.014706 0.027077
3 0.193803 0.022876 0.021008 0.021475
6 0.609506 0.390756 0.030987 0.047619
6 0.661239 0.379085 0.033613 0.039216
6 0.691439 0.369281 0.037290 0.049486
6 0.716124 0.361345 0.030987 0.042951
0 0.276786 0.260504 0.011555 0.037348
0 0.327994 0.316527 0.009979 0.037348
0 0.336922 0.313259 0.012080 0.038282
0 0.170168 0.680205 0.017857 0.066293
0 0.160977 0.681606 0.015231 0.063492
0 0.105042 0.304388 0.011555 0.042951
9 0.741071 0.392157 0.027311 0.031746
3 0.885242 0.377218 0.058298 0.044818
9 0.251313 0.191410 0.011029 0.028011
0 0.144433 0.276377 0.009454 0.033613
0 0.156250 0.119514 0.008929 0.028011
0 0.068015 0.607843 0.016282 0.065359
0 0.122899 0.398693 0.012605 0.044818
9 0.262080 0.226424 0.009454 0.032680
9 0.231355 0.138189 0.008929 0.028011
0 0.163603 0.119514 0.008929 0.028011
0 0.430672 0.398693 0.012605 0.042951
0 0.407563 0.404762 0.008403 0.040149
1 0.507616 0.867880 0.023634 0.058824
9 0.433561 0.841737 0.038340 0.077498
1 0.428309 0.836134 0.025735 0.064426