3 0.307664 0.931878 0.072173 0.130952
3 0.344866 0.457011 0.034970 0.064815
3 0.498140 0.501323 0.031994 0.068783
3 0.555804 0.513889 0.029762 0.067460
6 0.102679 0.769180 0.046131 0.075397
3 0.584821 0.384921 0.023810 0.050265
3 0.609375 0.379630 0.023810 0.047619
4 0.676339 0.435847 0.058036 0.054233
3 0.571429 0.339286 0.032738 0.041005
3 0.439360 0.409392 0.031994 0.064815
3 0.489211 0.275132 0.020089 0.039683
3 0.453125 0.291005 0.020833 0.047619
3 0.513393 0.324735 0.023810 0.041005
7 0.621652 0.431878 0.033482 0.048942
3 0.541667 0.311508 0.019345 0.041005
3 0.691592 0.876323 0.057292 0.107143