9 0.399182 0.506283 0.027530 0.040344
9 0.528088 0.389550 0.021949 0.056878
6 0.601004 0.294974 0.012277 0.029101
6 0.587426 0.403770 0.028274 0.045635
6 0.571615 0.387566 0.027902 0.050265
9 0.585379 0.373347 0.011533 0.029762
0 0.574591 0.280093 0.007812 0.029762
9 0.055990 0.665344 0.034598 0.034392
3 0.055060 0.647817 0.031250 0.036376
3 0.056548 0.626323 0.036458 0.034392
9 0.707403 0.254960 0.012277 0.027116
6 0.731213 0.252976 0.018973 0.029762
9 0.608817 0.350198 0.012277 0.028439
9 0.725260 0.233796 0.012277 0.020503
9 0.756882 0.219577 0.013021 0.026455
7 0.794829 0.170635 0.021205 0.035714
3 0.008929 0.958995 0.017857 0.079365
3 0.958333 0.078373 0.019345 0.032407
6 0.785714 0.945106 0.052083 0.071429
9 0.463170 0.565476 0.025298 0.038360
9 0.444568 0.500661 0.024554 0.043651
2 0.270089 0.683862 0.024554 0.048942
6 0.682292 0.868056 0.086310 0.097222
9 0.502604 0.799603 0.027530 0.050265
9 0.321987 0.690146 0.024926 0.046958
2 0.439360 0.961310 0.027530 0.061508
9 0.596168 0.440807 0.013765 0.037698
1 0.522321 0.543651 0.011905 0.048942
1 0.475632 0.504630 0.015253 0.044974
1 0.476749 0.330026 0.032366 0.039683
0 0.583519 0.303902 0.006324 0.027116
9 0.517113 0.367394 0.006696 0.037698
9 0.161458 0.526124 0.016369 0.042989
4 0.617188 0.754299 0.086310 0.110450
3 0.504278 0.707011 0.074033 0.092593
3 0.426897 0.599537 0.063616 0.074735
3 0.367001 0.542989 0.062128 0.060847
3 0.286272 0.576389 0.053199 0.086640
3 0.145833 0.782407 0.046131 0.089947
0 0.093936 0.643849 0.011533 0.045635
0 0.106585 0.669312 0.015253 0.047619
0 0.095052 0.588955 0.012277 0.040344
0 0.732143 0.767526 0.019345 0.049603
0 0.782924 0.732143 0.012277 0.038360
0 0.788504 0.751984 0.013765 0.050265
0 0.861979 0.555556 0.010417 0.044974
0 0.853051 0.554894 0.015625 0.054233
0 0.268973 0.785714 0.013393 0.048942
0 0.272507 0.764550 0.013021 0.055556
0 0.295387 0.651455 0.012649 0.039683
0 0.288318 0.641204 0.009673 0.041667
5 0.634487 0.385251 0.047991 0.083995
3 0.666853 0.357804 0.032366 0.054233
3 0.694382 0.322090 0.035342 0.050265
3 0.722656 0.291667 0.031622 0.044974
3 0.748326 0.266534 0.035342 0.043651
3 0.769345 0.236111 0.031250 0.038360
3 0.792969 0.209987 0.029390 0.042989
3 0.813058 0.180886 0.029390 0.041667
5 0.838542 0.145503 0.033482 0.059524
3 0.727679 0.329696 0.036458 0.052249
3 0.772507 0.280423 0.031622 0.050265
3 0.888765 0.094907 0.021577 0.029762
3 0.920201 0.075066 0.021205 0.027116
3 0.956101 0.033069 0.018601 0.023810
3 0.585565 0.322090 0.039435 0.043651
9 0.817150 0.218585 0.011533 0.029762
9 0.834635 0.201389 0.010789 0.028439
3 0.103423 0.312169 0.046131 0.043651
7 0.199033 0.357804 0.033482 0.043651
7 0.292039 0.387897 0.036458 0.052249
6 0.344494 0.589616 0.032738 0.049603
7 0.272879 0.496362 0.039062 0.057540
6 0.480655 0.544312 0.036458 0.060847
0 0.208705 0.598876 0.013393 0.048280
9 0.193638 0.613426 0.016741 0.041667
9 0.321801 0.766534 0.019345 0.054233
1 0.319754 0.763889 0.018973 0.044974
9 0.302641 0.673942 0.026414 0.050265
9 0.324963 0.684524 0.021949 0.048942
9 0.474888 0.515873 0.019717 0.044974
9 0.519903 0.547619 0.018229 0.044974
9 0.513765 0.465278 0.012649 0.041667
7 0.543155 0.441468 0.031250 0.068122
7 0.557850 0.445106 0.021205 0.050265
2 0.703683 0.496693 0.019717 0.034392
9 0.801339 0.598545 0.015625 0.044974
9 0.376488 0.725198 0.022321 0.037698
9 0.405878 0.778439 0.021577 0.050265
9 0.486235 0.976852 0.034226 0.043651
7 0.551525 0.950728 0.056176 0.097222
9 0.547805 0.900794 0.023438 0.059524
9 0.607515 0.872024 0.019345 0.057540
0 0.599330 0.849868 0.015625 0.050265
9 0.246094 0.422950 0.021949 0.031085
9 0.173177 0.389881 0.021205 0.036376
0 0.447359 0.437500 0.009301 0.036376
9 0.707775 0.375992 0.012277 0.036376
9 0.143787 0.400794 0.021205 0.031746
6 0.023810 0.756944 0.047619 0.089286
0 0.460193 0.378968 0.010417 0.039683
9 0.243490 0.696098 0.030134 0.050926
6 0.130952 0.445767 0.030506 0.042328
9 0.230097 0.367394 0.015253 0.033730