3 0.502101 0.405696 0.043067 0.092437
3 0.174370 0.681139 0.154412 0.131653
3 0.525473 0.944444 0.128676 0.107376
4 0.496061 0.317460 0.037290 0.089636
3 0.553834 0.115780 0.020483 0.037348
3 0.655987 0.340803 0.042017 0.067227
4 0.704832 0.303922 0.048319 0.068161
4 0.711397 0.258170 0.069853 0.051354
3 0.727153 0.237628 0.063550 0.045752
3 0.687500 0.210551 0.056723 0.042017
1 0.902311 0.704015 0.022059 0.087768
2 0.893645 0.709150 0.049895 0.053221
1 0.797532 0.623716 0.024685 0.070962
2 0.795168 0.640056 0.051471 0.049486
1 0.607931 0.241830 0.013130 0.035481
1 0.611345 0.240896 0.010504 0.033613
9 0.606618 0.251634 0.013655 0.036415
1 0.446166 0.411298 0.011029 0.051354
1 0.451418 0.396359 0.009979 0.032680
2 0.444590 0.433707 0.016282 0.051354
1 0.443803 0.212885 0.009454 0.026144
6 0.445903 0.212418 0.019958 0.051354
1 0.458246 0.380952 0.015231 0.061625
9 0.457983 0.397292 0.013655 0.056956
1 0.591124 0.132586 0.013130 0.033613
2 0.590599 0.142390 0.007878 0.027077
2 0.644170 0.422035 0.019433 0.048553
1 0.645746 0.406629 0.019433 0.058824
3 0.504202 0.194211 0.025210 0.050420
3 0.868697 0.484594 0.113445 0.108310
3 0.510242 0.108310 0.021534 0.037348
3 0.495011 0.080299 0.024685 0.037348
4 0.514968 0.040616 0.014181 0.030812
3 0.476628 0.051354 0.017332 0.026144
0 0.613183 0.134454 0.011029 0.042951
2 0.575368 0.023810 0.013130 0.040149
0 0.631565 0.211485 0.009979 0.042017
0 0.697216 0.101307 0.015231 0.032680
0 0.606880 0.092904 0.008929 0.043884
0 0.455095 0.065826 0.012080 0.038282
0 0.616859 0.161064 0.009979 0.043884
0 0.620536 0.132120 0.012080 0.042017
3 0.405200 0.123716 0.051996 0.040149
3 0.420693 0.075630 0.049370 0.037348
4 0.446954 0.046218 0.023109 0.055089
3 0.671744 0.198880 0.060924 0.048553
3 0.657300 0.173203 0.049895 0.043884
3 0.647321 0.113445 0.047794 0.036415
3 0.639181 0.101774 0.050420 0.033613
3 0.601891 0.014006 0.032563 0.022409
3 0.618697 0.053688 0.033613 0.025210
3 0.632353 0.066293 0.035714 0.031746
9 0.496586 0.036881 0.006828 0.025210
9 0.500263 0.027077 0.007878 0.022409