5 0.616597 0.552288 0.016807 0.038282
3 0.534139 0.508403 0.027311 0.081232
3 0.374475 0.441643 0.026261 0.024276
3 0.976891 0.474790 0.027311 0.025210
9 0.556460 0.669935 0.011029 0.038282
1 0.555410 0.668534 0.007878 0.028011
3 0.519695 0.248833 0.014181 0.017740
3 0.939863 0.361345 0.021534 0.028011
4 0.543592 0.366947 0.009454 0.020542
3 0.425158 0.497666 0.013130 0.026144
3 0.448792 0.395425 0.012080 0.021475
5 0.431985 0.212418 0.014181 0.028945
3 0.490809 0.328198 0.016282 0.017740
3 0.420431 0.415033 0.011029 0.028945
3 0.426471 0.363212 0.012605 0.024276
5 0.495011 0.307656 0.012080 0.027077
3 0.433824 0.330065 0.011555 0.019608
3 0.452468 0.347806 0.011029 0.019608
4 0.471639 0.263772 0.012605 0.030812
5 0.543592 0.237628 0.013655 0.030812