3 0.040179 0.089169 0.079307 0.073763
9 0.201155 0.047619 0.010504 0.046685
9 0.214811 0.056489 0.009454 0.043884
9 0.228729 0.053221 0.009979 0.050420
3 0.261555 0.049953 0.045168 0.081232
3 0.318540 0.030812 0.053046 0.061625
4 0.894958 0.263772 0.096639 0.090570
0 0.910452 0.550420 0.019433 0.060691
0 0.923582 0.546218 0.015231 0.052288
0 0.934086 0.230159 0.015231 0.043884
0 0.681197 0.047152 0.009454 0.049486
0 0.829044 0.128385 0.015231 0.047619
0 0.342700 0.916900 0.024685 0.048553
0 0.103729 0.060691 0.011029 0.052288
3 0.551208 0.193277 0.047794 0.112045
0 0.841387 0.130252 0.014706 0.043884
1 0.400998 0.867880 0.027836 0.047619
2 0.402574 0.890289 0.045693 0.051354
0 0.822216 0.903361 0.023634 0.056956
1 0.832721 0.867880 0.019433 0.043884
0 0.862658 0.842670 0.022584 0.047619
1 0.882616 0.811858 0.024685 0.058824
0 0.851628 0.781979 0.026786 0.051354
0 0.929359 0.880019 0.028887 0.053221
7 0.074842 0.180672 0.038340 0.043884
1 0.069065 0.169468 0.008929 0.040149
1 0.080095 0.175070 0.008929 0.038282
0 0.670431 0.050887 0.006828 0.040149
0 0.667805 0.049953 0.006828 0.032680
0 0.810662 0.880019 0.017332 0.053221
3 0.759191 0.195145 0.084559 0.097106
0 0.243697 0.624650 0.014706 0.056022
9 0.252889 0.394491 0.033088 0.038282
1 0.245536 0.383287 0.011029 0.040149
9 0.792279 0.304855 0.035189 0.038282
1 0.798057 0.300187 0.016282 0.051354
9 0.702206 0.237628 0.028361 0.043884
1 0.708246 0.230159 0.018382 0.043884
6 0.131565 0.348739 0.039391 0.038282
1 0.137868 0.341270 0.013130 0.045752
2 0.694590 0.172736 0.021534 0.052288
9 0.756828 0.061158 0.026261 0.036415
0 0.761292 0.040616 0.008929 0.043884
2 0.766019 0.111578 0.028887 0.025210
3 0.037027 0.266106 0.071954 0.089636