4 0.518120 0.056956 0.025735 0.050420
2 0.521796 0.250700 0.008929 0.030812
1 0.522321 0.236228 0.008929 0.028011
3 0.510504 0.540149 0.040966 0.088702
9 0.493960 0.151261 0.008929 0.022409
3 0.666492 0.939309 0.084034 0.115780
3 0.794643 0.897292 0.137605 0.110177
9 0.198004 0.976190 0.031513 0.043884
7 0.260504 0.796452 0.066176 0.149393
3 0.480305 0.182073 0.027836 0.048553
7 0.381303 0.429505 0.028361 0.098973
3 0.294380 0.554155 0.065651 0.142857
4 0.432773 0.387021 0.034664 0.099907
3 0.687237 0.514006 0.088761 0.079365
3 0.675945 0.440710 0.088235 0.070962
4 0.534664 0.200747 0.028361 0.059757
0 0.769695 0.501867 0.015231 0.062558
0 0.827206 0.597106 0.011555 0.042017
0 0.819065 0.619981 0.012080 0.042951
3 0.772059 0.755836 0.125000 0.098039
0 0.734769 0.577498 0.015756 0.066293
9 0.788866 0.466387 0.027311 0.043884
0 0.807248 0.445845 0.012605 0.060691
0 0.788078 0.377218 0.014181 0.059757
0 0.774947 0.380019 0.012080 0.056022
0 0.763393 0.380019 0.012080 0.050420
0 0.789653 0.340336 0.012080 0.049486
3 0.637342 0.319328 0.065651 0.052288
3 0.623424 0.269374 0.073529 0.045752
3 0.426208 0.244164 0.030987 0.066293
3 0.643645 0.189076 0.034139 0.058824
0 0.633403 0.219888 0.009454 0.032680
0 0.641807 0.226891 0.009454 0.044818
9 0.385504 0.223623 0.012605 0.032680
1 0.384191 0.202614 0.008929 0.031746
3 0.303309 0.287115 0.066702 0.053221
3 0.312500 0.226424 0.057773 0.038282
3 0.337973 0.202148 0.059349 0.047619
0 0.784139 0.522409 0.011555 0.055089
0 0.792017 0.507470 0.011555 0.060691
3 0.480830 0.105976 0.024685 0.036415
3 0.468487 0.056489 0.017857 0.030812
3 0.474002 0.030812 0.016282 0.031746
3 0.471113 0.011204 0.014706 0.020542
0 0.493697 0.139589 0.010504 0.017740