0 0.906250 0.793320 0.015625 0.060185
9 0.987165 0.800926 0.018973 0.042328
2 0.897135 0.890542 0.021949 0.044312
2 0.887277 0.755952 0.014137 0.037037
1 0.890067 0.737434 0.014509 0.044974
9 0.362537 0.703373 0.023438 0.040344
0 0.622396 0.485119 0.010417 0.036376
3 0.513765 0.361772 0.016369 0.022487
3 0.451265 0.967923 0.052083 0.061508
3 0.537202 0.818783 0.046131 0.101852
3 0.456287 0.688492 0.033854 0.067460
3 0.496652 0.598214 0.030506 0.052249
3 0.540179 0.532738 0.024554 0.042989
3 0.500558 0.527447 0.023438 0.041667
3 0.454799 0.541336 0.026414 0.045635
3 0.503162 0.456019 0.018229 0.035053
3 0.459821 0.452712 0.019345 0.036376
3 0.482887 0.472222 0.021577 0.038360
3 0.372768 0.985450 0.051339 0.026455
3 0.293155 0.965608 0.066220 0.064815
3 0.113095 0.929563 0.084077 0.128968
3 0.214844 0.845569 0.063616 0.121032
3 0.090960 0.858466 0.071057 0.112434
3 0.215030 0.695437 0.051339 0.085317
3 0.283482 0.661706 0.045387 0.080026
3 0.199405 0.624008 0.049107 0.082672
3 0.201451 0.565807 0.044271 0.058862
3 0.308594 0.574735 0.038318 0.071429
3 0.271391 0.567460 0.037574 0.063492
3 0.333705 0.525463 0.032738 0.053571
3 0.323289 0.474206 0.029762 0.043651
3 0.467448 0.382275 0.017485 0.029101
3 0.467262 0.416667 0.018601 0.027778
3 0.514509 0.411376 0.016369 0.029101
3 0.490327 0.402778 0.015625 0.027778
3 0.476190 0.347222 0.015625 0.027778
3 0.505952 0.380622 0.016369 0.025794
3 0.542969 0.450397 0.029390 0.034392
3 0.702009 0.575397 0.052083 0.047619
3 0.788504 0.642196 0.074033 0.055556
3 0.638579 0.485119 0.023438 0.041667
3 0.586682 0.464616 0.025298 0.035053
3 0.527344 0.391534 0.018229 0.027778
3 0.557664 0.405754 0.016369 0.028439
3 0.552641 0.384921 0.020461 0.029101
3 0.947731 0.578704 0.036086 0.048942
3 0.979725 0.583003 0.031622 0.048280
3 0.947917 0.510582 0.037946 0.052910
3 0.915365 0.508598 0.029390 0.044974
3 0.771577 0.552249 0.046875 0.041005
3 0.719308 0.517526 0.050223 0.041667
3 0.693266 0.490079 0.056176 0.044974