9 0.245273 0.039216 0.018908 0.033613
1 0.246061 0.027077 0.014181 0.039216
1 0.239233 0.035948 0.014181 0.040149
0 0.208771 0.816060 0.026786 0.082166
0 0.241859 0.783380 0.022584 0.082166
0 0.405725 0.449580 0.016282 0.068161
0 0.396008 0.372549 0.015756 0.042951
0 0.378939 0.363679 0.017332 0.070028
1 0.641282 0.317460 0.027311 0.059757
6 0.655200 0.338002 0.088761 0.065359
3 0.840336 0.433240 0.120798 0.093371
3 0.152048 0.078431 0.066702 0.082166
3 0.100315 0.055089 0.063025 0.082166
6 0.039391 0.264706 0.067227 0.111111
9 0.781513 0.767507 0.052521 0.054155
1 0.785452 0.752568 0.022584 0.067227
1 0.766282 0.749767 0.014706 0.044818
5 0.880515 0.160131 0.237920 0.144725
6 0.731355 0.215686 0.060399 0.050420
1 0.724527 0.205415 0.022584 0.039216
0 0.480305 0.195145 0.011029 0.037348
0 0.471113 0.184874 0.014706 0.056022
0 0.506303 0.163399 0.012605 0.054155
0 0.498687 0.162932 0.011029 0.042017
0 0.597164 0.106909 0.012605 0.042017
0 0.614758 0.106443 0.014181 0.044818
0 0.752363 0.098506 0.016282 0.062558
0 0.325368 0.924837 0.018382 0.094304
4 0.620273 0.385154 0.102941 0.105509
3 0.273372 0.953315 0.182248 0.087768
9 0.375263 0.166200 0.026786 0.033613
1 0.375525 0.150794 0.015756 0.045752
0 0.556723 0.121849 0.017857 0.060691
0 0.189601 0.918768 0.027311 0.076564
0 0.161765 0.942577 0.022059 0.090570
3 0.357143 0.081232 0.059874 0.072829
3 0.452994 0.591503 0.136029 0.122316