6 0.472952 0.948179 0.045693 0.084967
3 0.824317 0.400560 0.022584 0.029879
3 0.834559 0.415966 0.017857 0.030812
3 0.773897 0.426704 0.025735 0.035481
3 0.056723 0.865079 0.113445 0.139122
3 0.323004 0.685808 0.085084 0.090570
5 0.482668 0.525677 0.073529 0.067227
3 0.601891 0.514472 0.048319 0.056022
3 0.355305 0.733427 0.092962 0.105509
3 0.687237 0.424837 0.024685 0.031746
3 0.700630 0.441643 0.030462 0.044818
3 0.755777 0.401961 0.026261 0.028945
3 0.738183 0.390756 0.024685 0.028945
3 0.687237 0.402894 0.021534 0.032680
0 0.430672 0.514939 0.014706 0.053221