0 0.817752 0.542017 0.015756 0.060691
2 0.931985 0.490663 0.017332 0.056956
1 0.935924 0.481793 0.015756 0.050420
2 0.958246 0.500000 0.029937 0.036415
4 0.387605 0.612512 0.117647 0.123249
3 0.121061 0.398226 0.104517 0.070028
0 0.443540 0.479458 0.014181 0.058824
6 0.233456 0.363212 0.033088 0.050420
9 0.352941 0.398226 0.015756 0.047619
9 0.364233 0.411765 0.016282 0.044818
9 0.381040 0.413165 0.014181 0.060691
3 0.418330 0.408497 0.044643 0.086835
3 0.487920 0.390289 0.053571 0.084034
9 0.717174 0.263305 0.014181 0.031746
1 0.717437 0.249300 0.010504 0.035481
3 0.604517 0.780112 0.153361 0.124183
4 0.785189 0.311391 0.038866 0.084967
9 0.720326 0.216620 0.020483 0.022409
3 0.830620 0.067227 0.023634 0.044818
3 0.863708 0.046685 0.016282 0.035481
3 0.867122 0.314192 0.037815 0.066293
9 0.972164 0.492530 0.012605 0.053221
0 0.941439 0.021942 0.008929 0.027077
0 0.843487 0.549953 0.018908 0.067227
2 0.973739 0.531746 0.034664 0.036415
1 0.981092 0.521475 0.013655 0.053221
3 0.025473 0.348739 0.050945 0.058824
3 0.199055 0.520542 0.111345 0.092437
2 0.954044 0.579832 0.020483 0.061625
1 0.957983 0.566760 0.015756 0.067227
1 0.789391 0.394958 0.012605 0.050420
3 0.804884 0.228291 0.026786 0.060691
9 0.297532 0.803455 0.046744 0.053221
1 0.292805 0.773576 0.021534 0.073763
3 0.915704 0.020075 0.019433 0.032680
3 0.823004 0.179739 0.023109 0.043884
1 0.916229 0.239496 0.013130 0.034547
9 0.914128 0.254435 0.018382 0.019608
9 0.737658 0.192810 0.018382 0.021475
3 0.896796 0.047152 0.017332 0.036415
5 0.877626 0.497199 0.077731 0.126050
9 0.786765 0.404762 0.015756 0.047619
4 0.947479 0.303455 0.038866 0.067227
3 0.820641 0.133053 0.022584 0.045752
3 0.813288 0.102708 0.027836 0.044818