9 0.584821 0.111578 0.017332 0.049486
3 0.569590 0.076097 0.029937 0.073763
5 0.519695 0.052754 0.044643 0.105509
9 0.430935 0.059290 0.027836 0.043884
3 0.391544 0.348273 0.044643 0.110177
3 0.586134 0.225490 0.037815 0.096172
3 0.409401 0.166200 0.039391 0.102708
6 0.422794 0.104108 0.058824 0.042017
3 0.529412 0.299720 0.044118 0.113912
5 0.700105 0.673203 0.183824 0.156863
0 0.167279 0.844538 0.026786 0.084967
0 0.147321 0.820261 0.022584 0.073763
0 0.178309 0.781513 0.023634 0.061625
0 0.205357 0.747899 0.027311 0.072829
3 0.162815 0.678805 0.132353 0.136321
0 0.184349 0.740430 0.025210 0.070962
0 0.298582 0.591036 0.019433 0.078431
3 0.883929 0.928571 0.144958 0.139122
5 0.669118 0.500467 0.147059 0.128852
5 0.471639 0.191410 0.049370 0.179272
5 0.854254 0.489729 0.173845 0.127918
0 0.932773 0.448179 0.025210 0.059757
1 0.862920 0.307656 0.027311 0.056956
0 0.398372 0.085434 0.015231 0.049486
0 0.385767 0.090103 0.012080 0.049486