4 0.527048 0.308590 0.069853 0.055089
3 0.415179 0.404762 0.051996 0.083100
3 0.447742 0.365546 0.040441 0.062558
3 0.528099 0.281979 0.056197 0.037348
3 0.222426 0.591503 0.146534 0.098039
3 0.279412 0.179739 0.021008 0.032680
4 0.536239 0.267507 0.048319 0.043884
3 0.553834 0.261905 0.043592 0.032680
3 0.255515 0.463119 0.108718 0.074697
3 0.276786 0.415033 0.093487 0.060691
3 0.280725 0.386088 0.092962 0.049486
3 0.309874 0.363679 0.080882 0.055089
3 0.329832 0.335668 0.069328 0.043884
3 0.344800 0.329599 0.059349 0.048553
3 0.367122 0.316060 0.058824 0.047619
3 0.373950 0.304855 0.057773 0.055089
3 0.390756 0.292717 0.043067 0.034547
3 0.428309 0.276377 0.053046 0.039216
0 0.790179 0.356209 0.012080 0.055089
0 0.708771 0.514939 0.018382 0.077498
0 0.707195 0.505135 0.015231 0.078431
0 0.735557 0.671802 0.027836 0.101774
0 0.462973 0.601774 0.020483 0.083100
3 0.328256 0.140990 0.015756 0.024276
3 0.050683 0.331933 0.059349 0.060691
3 0.103204 0.293184 0.054097 0.065359
3 0.119485 0.226891 0.027836 0.046685
3 0.069328 0.227824 0.030462 0.041083
3 0.319853 0.150794 0.021008 0.027077
9 0.301471 0.172269 0.008403 0.028945
3 0.200630 0.257236 0.038866 0.045752
0 0.106880 0.455182 0.017332 0.079365
0 0.091124 0.458917 0.018382 0.077498
0 0.090599 0.445845 0.018382 0.066293
3 0.128939 0.667600 0.174895 0.183007
0 0.661502 0.260037 0.013130 0.040149
0 0.675683 0.310458 0.014181 0.045752
0 0.688288 0.253501 0.008929 0.036415
0 0.706408 0.261905 0.006303 0.036415
0 0.707195 0.260971 0.007878 0.042017
0 0.731618 0.259570 0.007353 0.041083
0 0.742122 0.263772 0.008403 0.040149
0 0.638130 0.267974 0.011555 0.033613
0 0.686712 0.264239 0.009979 0.033613
0 0.420693 0.348739 0.013655 0.043884
3 0.238708 0.197946 0.024685 0.033613
0 0.837185 0.392624 0.010504 0.049486
9 0.178571 0.229692 0.014706 0.033613
3 0.831145 0.929038 0.144433 0.138189
3 0.672532 0.868347 0.117122 0.261438
3 0.529412 0.847339 0.151261 0.245565
0 0.548319 0.839402 0.039916 0.098973
3 0.408088 0.794118 0.088235 0.202614
3 0.268908 0.814659 0.136555 0.219421
5 0.978466 0.639122 0.040966 0.142857
0 0.936187 0.632586 0.019433 0.088702
0 0.571954 0.795518 0.017857 0.087768
0 0.475315 0.793651 0.024160 0.115780
3 0.136029 0.764706 0.159664 0.194211
3 0.762868 0.639122 0.149685 0.107376
3 0.595851 0.610644 0.136029 0.104575
9 0.320903 0.599440 0.017857 0.070962
3 0.579832 0.553221 0.137605 0.081232
3 0.890756 0.499066 0.110294 0.075630
3 0.663078 0.508403 0.109769 0.083100
3 0.523372 0.521942 0.106618 0.091503
3 0.497637 0.495331 0.107668 0.071895
3 0.487920 0.445378 0.101891 0.069094
3 0.106355 0.338469 0.056197 0.066293
0 0.740546 0.477124 0.017857 0.072829
3 0.614496 0.475257 0.101891 0.082166
3 0.856355 0.460317 0.112920 0.074697
3 0.596113 0.448179 0.092437 0.057890
3 0.818277 0.437442 0.109244 0.066293
3 0.791492 0.401961 0.079832 0.055089
3 0.771271 0.387955 0.083508 0.053221
3 0.575368 0.412232 0.087710 0.066293
3 0.544118 0.385621 0.077731 0.057890
3 0.559349 0.397759 0.073529 0.048553
3 0.536502 0.354809 0.065651 0.046685
3 0.524947 0.328665 0.063550 0.035481