3 0.563616 0.647487 0.034970 0.078042
3 0.544271 0.495370 0.029018 0.059524
6 0.107887 0.851190 0.034226 0.062169
6 0.179688 0.632937 0.027530 0.075397
6 0.210193 0.555556 0.023065 0.052910
6 0.142857 0.763228 0.031250 0.074074
0 0.136905 0.825397 0.017857 0.050265
0 0.159226 0.751984 0.011905 0.041005
3 0.623512 0.676587 0.043155 0.088624
0 0.171503 0.718915 0.012649 0.038360
0 0.289062 0.513228 0.011161 0.029101
0 0.340402 0.357143 0.008185 0.029101
0 0.333705 0.347884 0.008185 0.026455
1 0.301711 0.740079 0.011161 0.035714
9 0.300595 0.751984 0.016369 0.048942
4 0.504464 0.244048 0.014881 0.038360
3 0.535342 0.807540 0.042411 0.115079
3 0.500000 0.507275 0.025298 0.051587
3 0.474702 0.311508 0.017857 0.033069
4 0.508929 0.291005 0.019345 0.034392