3 0.552022 0.525817 0.087132 0.071242
3 0.518566 0.928431 0.059926 0.141830
3 0.770772 0.497712 0.101103 0.075163
9 0.520404 0.267647 0.011397 0.028105
1 0.519669 0.255229 0.009926 0.033333
4 0.431801 0.612092 0.096691 0.086928
3 0.590625 0.605556 0.095221 0.079085
3 0.134743 0.642810 0.109926 0.088235
0 0.247243 0.463072 0.020221 0.045098
1 0.434375 0.411438 0.015074 0.042484
2 0.433640 0.424837 0.009926 0.037908
0 0.442647 0.403595 0.010294 0.051634
0 0.455699 0.400980 0.010662 0.046405
6 0.373162 0.410131 0.050735 0.051634
1 0.375368 0.388889 0.009559 0.033987
1 0.258640 0.224837 0.012132 0.028758
0 0.567463 0.335948 0.012132 0.048366
0 0.278676 0.163399 0.010294 0.044444
0 0.290993 0.157843 0.009191 0.042484
3 0.028125 0.383987 0.045221 0.101307
5 0.143015 0.396078 0.067647 0.126797
3 0.233088 0.349673 0.041912 0.084967
3 0.306618 0.048366 0.042647 0.039216
3 0.469118 0.051307 0.027206 0.037255
1 0.934743 0.291830 0.014338 0.032026
0 0.744118 0.451307 0.012500 0.042484
1 0.649265 0.116993 0.012500 0.022222
1 0.464154 0.063399 0.008456 0.033987
0 0.531250 0.258170 0.010294 0.040523
0 0.537500 0.256209 0.010294 0.037908
0 0.530515 0.204575 0.009559 0.044444
9 0.162500 0.963072 0.033088 0.071242
9 0.134926 0.959477 0.027206 0.081046