0 0.522917 0.482870 0.007292 0.021296
3 0.488021 0.446759 0.016667 0.025000
3 0.641406 0.961574 0.074479 0.075000
3 0.655729 0.854167 0.050000 0.069444
0 0.396354 0.515741 0.007292 0.022222
0 0.402604 0.514352 0.007292 0.025000
3 0.535417 0.740741 0.027083 0.059259
8 0.504948 0.481481 0.018229 0.051852
3 0.259635 0.870833 0.045312 0.093519
3 0.292448 0.762963 0.036979 0.085185
3 0.329948 0.701852 0.034896 0.061111
3 0.343750 0.653241 0.043750 0.050926
3 0.352865 0.614352 0.035937 0.054630
3 0.373437 0.579630 0.020833 0.038889
3 0.386979 0.538426 0.017708 0.036111
3 0.399219 0.647685 0.019271 0.047222
9 0.325781 0.800000 0.021354 0.048148
3 0.373698 0.668981 0.027604 0.054630
3 0.531771 0.686111 0.022917 0.055556
3 0.508594 0.756944 0.033854 0.065741
3 0.525521 0.628704 0.018750 0.042593
3 0.475781 0.726389 0.027604 0.058333
3 0.441146 0.912963 0.032292 0.087037
0 0.519531 0.608333 0.009896 0.031481
2 0.415104 0.529167 0.008333 0.028704
3 0.608854 0.657407 0.045833 0.044444
3 0.615365 0.618981 0.025521 0.041667
3 0.117969 0.855556 0.065104 0.085185
3 0.141406 0.867593 0.055729 0.085185
4 0.191146 0.867593 0.054167 0.112963
3 0.629167 0.568981 0.038542 0.037963
3 0.399740 0.476852 0.018229 0.031481
6 0.435677 0.440741 0.011979 0.022222
3 0.459635 0.424074 0.014063 0.024074
3 0.622135 0.537500 0.033854 0.032407
6 0.212760 0.548611 0.029687 0.034259
3 0.248438 0.522685 0.034375 0.032407
3 0.557813 0.556019 0.033333 0.032407
3 0.552865 0.536111 0.033854 0.031481
4 0.540885 0.506481 0.032813 0.031481
5 0.605990 0.465741 0.020313 0.040741
3 0.583333 0.432407 0.012500 0.025926
3 0.511979 0.443056 0.012500 0.023148
0 0.536458 0.564815 0.007292 0.022222
0 0.264323 0.565741 0.009896 0.031481
0 0.518490 0.502778 0.008854 0.024074
0 0.566667 0.466667 0.005208 0.018519
3 0.444531 0.678241 0.024479 0.049074