6 0.522059 0.823529 0.033613 0.082166
3 0.816702 0.410831 0.024160 0.031746
3 0.825368 0.429505 0.022584 0.031746
3 0.751050 0.458917 0.030462 0.040149
5 0.074842 0.871615 0.149685 0.195145
3 0.332983 0.668067 0.081933 0.086835
3 0.489758 0.569561 0.058298 0.065359
5 0.567752 0.476190 0.054622 0.052288
3 0.666754 0.467787 0.037290 0.044818
3 0.467962 0.640523 0.071429 0.078431
3 0.730830 0.394958 0.024685 0.031746
3 0.736345 0.414099 0.027311 0.032680
3 0.709034 0.389356 0.022059 0.029879
0 0.416492 0.520542 0.014706 0.053221