3 0.573004 0.653595 0.036765 0.069094
3 0.564076 0.544351 0.028361 0.048553
4 0.535189 0.439309 0.019958 0.042017
3 0.514443 0.350607 0.015231 0.027077
5 0.503151 0.286648 0.010504 0.020542
3 0.632616 0.665266 0.034139 0.062558
3 0.100053 0.563025 0.054097 0.050420
3 0.523634 0.310458 0.012605 0.019608
3 0.228992 0.577031 0.066176 0.050420
3 0.508666 0.270308 0.017332 0.025210
3 0.427784 0.440710 0.024685 0.042951
3 0.473214 0.744631 0.045168 0.112979
3 0.468487 0.535014 0.028361 0.056022
3 0.481880 0.466387 0.024685 0.043884
4 0.569065 0.865546 0.046744 0.115780
3 0.468750 0.373483 0.018382 0.033613
3 0.469275 0.413165 0.019433 0.036415
4 0.452468 0.438842 0.020483 0.050420
4 0.429097 0.391690 0.016807 0.038282
0 0.663078 0.667134 0.011029 0.049486
3 0.165441 0.598506 0.055672 0.061625
3 0.252626 0.522409 0.058824 0.045752
4 0.318803 0.387021 0.043067 0.034547
3 0.361870 0.464519 0.029412 0.042017
9 0.350578 0.788515 0.019433 0.060691
0 0.762080 0.650794 0.016807 0.046685
9 0.508141 0.577498 0.016282 0.034547
0 0.372111 0.741830 0.016282 0.053221
0 0.354254 0.749300 0.012080 0.045752
6 0.841124 0.731092 0.050945 0.059757
9 0.554622 0.379552 0.011555 0.038282
9 0.423057 0.619514 0.012080 0.049486
6 0.365021 0.669001 0.048319 0.049486
0 0.219800 0.479458 0.016282 0.028945
4 0.605305 0.500000 0.024685 0.055089
0 0.824842 0.706349 0.011029 0.042017
0 0.621586 0.622316 0.015231 0.045752
0 0.735557 0.568161 0.017332 0.042017
5 0.666229 0.544818 0.020483 0.073763
6 0.363708 0.542951 0.044643 0.043884
3 0.953519 0.805789 0.081408 0.070962
0 0.519958 0.570962 0.014706 0.047619
0 0.531775 0.556489 0.013130 0.056022
3 0.316964 0.348739 0.016282 0.036415
3 0.513393 0.223156 0.009979 0.024276
9 0.540179 0.301120 0.007878 0.021475
9 0.498687 0.247899 0.007878 0.021475
3 0.279674 0.443044 0.056197 0.036415
9 0.433824 0.339402 0.009454 0.021475
9 0.454569 0.289449 0.007878 0.018674
0 0.685137 0.578431 0.011029 0.040149
0 0.689338 0.562092 0.014181 0.041083
6 0.352941 0.508403 0.017857 0.032680