3 0.230830 0.704949 0.152836 0.145658
3 0.586134 0.792717 0.176471 0.164332
3 0.277311 0.452848 0.118697 0.126984
3 0.099002 0.402894 0.112920 0.103641
3 0.346639 0.334267 0.095588 0.097106
3 0.243172 0.314659 0.094538 0.084034
3 0.613708 0.281046 0.044643 0.087768
3 0.627101 0.218021 0.039916 0.075630
3 0.643382 0.181606 0.032563 0.066293
3 0.649947 0.150327 0.026786 0.044818
3 0.659664 0.121382 0.024160 0.048553
3 0.676996 0.082633 0.025210 0.038282
3 0.857405 0.387488 0.119223 0.097106
3 0.855042 0.330532 0.107143 0.084034
6 0.464286 0.362745 0.069328 0.071895
0 0.375525 0.572829 0.015756 0.077498
0 0.344800 0.569094 0.018382 0.083100
0 0.365021 0.567694 0.017857 0.084034
9 0.625000 0.503268 0.027311 0.069094
1 0.625000 0.489729 0.015756 0.066293
3 0.452731 0.292717 0.076681 0.084967
3 0.472952 0.263772 0.078256 0.066293
3 0.477679 0.237628 0.085609 0.055089
3 0.470326 0.213352 0.058298 0.036415
3 0.489233 0.210551 0.081408 0.055089
5 0.509979 0.175537 0.074580 0.050420
3 0.541229 0.176004 0.062500 0.043884
3 0.562237 0.142390 0.062500 0.038282
3 0.587710 0.089169 0.053571 0.032680
3 0.603992 0.063959 0.040966 0.032680
0 0.597426 0.166667 0.008929 0.032680
0 0.605830 0.167600 0.008929 0.032680
0 0.612132 0.162932 0.008929 0.038282
1 0.614758 0.141457 0.008929 0.027077
0 0.609506 0.126050 0.012080 0.031746
0 0.619485 0.124650 0.008929 0.032680
0 0.695641 0.216620 0.021534 0.063492
2 0.696429 0.233894 0.028361 0.043884
3 0.860557 0.229692 0.071954 0.067227
3 0.850315 0.202614 0.066176 0.056022
3 0.851891 0.181606 0.074580 0.047619
3 0.030200 0.381886 0.060399 0.098973
3 0.727153 0.133987 0.024685 0.047619
3 0.572216 0.119981 0.049895 0.038282
1 0.449317 0.373016 0.018382 0.066293
0 0.723477 0.426237 0.015231 0.049486
0 0.742910 0.414099 0.015231 0.066293
0 0.743960 0.395425 0.012080 0.043884
6 0.719013 0.401494 0.031513 0.093371