3 0.502363 0.401027 0.043592 0.094304
3 0.248162 0.793184 0.154937 0.146592
4 0.495011 0.314659 0.037290 0.087768
3 0.153361 0.951447 0.207983 0.091503
3 0.719275 0.783380 0.163340 0.141923
3 0.550683 0.046218 0.017332 0.030812
3 0.653361 0.332866 0.047269 0.070028
3 0.855830 0.624183 0.161239 0.124183
4 0.703519 0.300654 0.045693 0.063492
4 0.711397 0.254435 0.069853 0.051354
3 0.726103 0.234827 0.063550 0.045752
3 0.686712 0.209150 0.054097 0.041083
1 0.835084 0.703548 0.023109 0.083100
2 0.829307 0.712885 0.051471 0.056956
1 0.550158 0.604108 0.021534 0.072829
2 0.550683 0.617180 0.046744 0.052288
1 0.601103 0.163866 0.012080 0.030812
1 0.600315 0.169001 0.012605 0.033613
9 0.599790 0.165733 0.012605 0.030812
1 0.443015 0.414099 0.016282 0.062558
1 0.448004 0.396359 0.009454 0.045752
2 0.443015 0.431373 0.015231 0.042951
1 0.435924 0.236695 0.011555 0.034547
6 0.438288 0.236695 0.019433 0.062558
1 0.456670 0.377218 0.015231 0.054155
9 0.456933 0.397759 0.011555 0.046685
1 0.586660 0.084500 0.008403 0.028945
2 0.587973 0.091036 0.008929 0.027077
2 0.599527 0.269374 0.013130 0.040149
1 0.600053 0.262838 0.014181 0.049486
3 0.502101 0.236695 0.029412 0.058824
3 0.883929 0.490196 0.111345 0.095238
3 0.509979 0.151727 0.025210 0.047619
3 0.472426 0.139122 0.024685 0.048553
4 0.507616 0.085901 0.019433 0.042951
3 0.476628 0.051821 0.017332 0.027077
1 0.437763 0.910364 0.029937 0.076564
9 0.442752 0.923436 0.060924 0.098973
3 0.518908 0.014939 0.013655 0.024276
0 0.608981 0.119981 0.011029 0.043884
0 0.656775 0.228291 0.009979 0.042017
0 0.696691 0.098506 0.015231 0.032680
0 0.456670 0.066760 0.012080 0.038282
0 0.617910 0.170401 0.009979 0.043884
0 0.616334 0.124650 0.012080 0.053221
3 0.405200 0.123716 0.051996 0.040149
3 0.420693 0.076564 0.049370 0.037348
4 0.448004 0.045752 0.023109 0.054155
0 0.603729 0.104575 0.007878 0.035481
0 0.611082 0.105042 0.008929 0.040149
3 0.671744 0.198880 0.060924 0.048553
3 0.657300 0.173203 0.049895 0.043884
3 0.647321 0.113445 0.047794 0.036415
3 0.639181 0.101774 0.050420 0.033613
3 0.601891 0.014006 0.032563 0.022409
3 0.618697 0.053688 0.033613 0.025210
3 0.632353 0.066293 0.035714 0.031746
9 0.492384 0.063959 0.005777 0.025210
9 0.498162 0.051821 0.007878 0.021475