4 0.852307 0.726190 0.020089 0.026455
4 0.837054 0.693783 0.023810 0.033069
4 0.872396 0.610450 0.015625 0.046296
3 0.880952 0.681217 0.013393 0.042328
3 0.125000 0.593915 0.026786 0.031746
3 0.200149 0.485450 0.025298 0.034392
3 0.011533 0.607804 0.021577 0.051587
3 0.856771 0.189815 0.026042 0.030423
5 0.963914 0.134259 0.030506 0.035714
5 0.717634 0.162698 0.020089 0.039683
4 0.741071 0.242725 0.025298 0.022487
3 0.301339 0.228836 0.017857 0.052910
3 0.260789 0.206349 0.018601 0.042328
4 0.252976 0.153439 0.016369 0.050265
4 0.286458 0.148148 0.016369 0.044974
8 0.752604 0.309524 0.064732 0.029101
4 0.598214 0.180556 0.023810 0.038360
4 0.377976 0.206349 0.017857 0.044974
4 0.398810 0.330026 0.017857 0.038360
3 0.420387 0.417989 0.017857 0.044974
3 0.443080 0.541005 0.014137 0.037037
3 0.211682 0.548942 0.026042 0.031746
3 0.464286 0.757275 0.022321 0.051587
4 0.498140 0.900794 0.018601 0.050265
4 0.448289 0.864418 0.015625 0.038360
7 0.452009 0.509921 0.012649 0.027778
7 0.465402 0.661376 0.011161 0.034392
9 0.352307 0.067460 0.012649 0.026455
9 0.358631 0.111772 0.008929 0.022487
9 0.337426 0.341931 0.014137 0.038360
9 0.394345 0.601852 0.011905 0.021164
9 0.614955 0.664021 0.014137 0.018519
9 0.493676 0.976190 0.009673 0.021164
0 0.260417 0.106481 0.008929 0.011905
0 0.223586 0.472884 0.009673 0.014550
4 0.920015 0.314153 0.030506 0.027778
3 0.575521 0.398810 0.024554 0.025132
3 0.206845 0.644180 0.029762 0.037037
5 0.237351 0.623677 0.028274 0.027778
5 0.268973 0.607804 0.029018 0.030423
4 0.972098 0.303571 0.029018 0.030423
4 0.604911 0.386905 0.023810 0.022487
3 0.645089 0.386905 0.028274 0.025132
3 0.646577 0.651455 0.025298 0.035714
4 0.653646 0.691138 0.024554 0.038360
3 0.693824 0.581349 0.024554 0.035714
3 0.699033 0.618386 0.026042 0.041005
3 0.399926 0.437831 0.018601 0.052910
7 0.746652 0.173280 0.014137 0.031746
3 0.040923 0.208995 0.026786 0.031746
0 0.162202 0.536376 0.011905 0.014550