3 0.032300 0.268908 0.064601 0.067227
9 0.199317 0.272176 0.008929 0.047619
9 0.214286 0.272176 0.007353 0.043884
9 0.230305 0.273109 0.009979 0.042017
3 0.264443 0.258637 0.043592 0.063492
4 0.954832 0.420168 0.087185 0.097106
0 0.933298 0.454715 0.014706 0.056022
4 0.244485 0.900560 0.078256 0.178338
3 0.405462 0.674603 0.088235 0.189542
0 0.040966 0.287582 0.017857 0.067227
0 0.922006 0.440710 0.013130 0.056022
9 0.684611 0.201214 0.013130 0.036415
3 0.805935 0.375817 0.097164 0.096172
3 0.502363 0.878151 0.085609 0.226891
0 0.216124 0.702614 0.019433 0.092437
0 0.190389 0.747899 0.021534 0.084034
9 0.215599 0.529879 0.035189 0.042017
1 0.208246 0.507937 0.012080 0.048553
9 0.752889 0.438375 0.041492 0.045752
1 0.760767 0.428105 0.016282 0.055089
9 0.709296 0.369281 0.032038 0.040149
1 0.710872 0.361811 0.016282 0.055089
7 0.910452 0.498133 0.074055 0.055089
1 0.907300 0.477591 0.024685 0.049486
6 0.095851 0.487862 0.044643 0.045752
1 0.099002 0.467320 0.013130 0.045752
2 0.683561 0.331466 0.030987 0.052288
9 0.822742 0.880952 0.049895 0.062558
1 0.827468 0.869748 0.026786 0.092437
9 0.703519 0.275910 0.027836 0.025210
0 0.707721 0.261905 0.013130 0.045752
2 0.804884 0.317927 0.033088 0.030812
1 0.687237 0.190943 0.009979 0.049486
3 0.696429 0.052288 0.022059 0.033613
3 0.633929 0.120448 0.024160 0.054155
3 0.652836 0.035481 0.022059 0.041083
3 0.703256 0.134921 0.025210 0.068161
3 0.014706 0.405696 0.028361 0.090570