4 0.443803 0.849673 0.138655 0.179272
3 0.258403 0.522409 0.115546 0.103641
3 0.100315 0.480392 0.110294 0.099907
3 0.326418 0.408964 0.095063 0.095238
3 0.227679 0.392624 0.087710 0.075630
3 0.607405 0.349673 0.044643 0.075630
3 0.612920 0.293651 0.042017 0.070028
3 0.635242 0.253501 0.030987 0.049486
3 0.638655 0.229225 0.029412 0.049486
3 0.648634 0.202614 0.025210 0.044818
3 0.662553 0.159664 0.023634 0.044818
3 0.847689 0.452381 0.116597 0.098039
3 0.836397 0.399627 0.097164 0.084034
6 0.467700 0.432306 0.065651 0.061625
0 0.448004 0.560224 0.021008 0.076564
0 0.414653 0.552288 0.017332 0.077498
0 0.427258 0.555089 0.018382 0.073763
9 0.628939 0.572362 0.030987 0.065359
1 0.628939 0.557890 0.018382 0.071895
3 0.452731 0.366947 0.080882 0.078431
3 0.471639 0.341270 0.072479 0.060691
3 0.477416 0.324463 0.081933 0.055089
3 0.478729 0.298319 0.081408 0.043884
3 0.493697 0.285247 0.077731 0.055089
3 0.510242 0.254435 0.071954 0.060691
3 0.536239 0.246965 0.080882 0.066293
3 0.559611 0.218021 0.065651 0.043884
3 0.567489 0.193744 0.059349 0.043884
3 0.582195 0.166667 0.059349 0.038282
3 0.594800 0.146125 0.053046 0.038282
3 0.644695 0.107843 0.018382 0.038282
0 0.586922 0.265640 0.008929 0.038282
0 0.595326 0.271242 0.012080 0.043884
0 0.665179 0.251634 0.015231 0.043884
1 0.600578 0.250700 0.012080 0.032680
0 0.595851 0.218954 0.012080 0.032680
0 0.605305 0.217087 0.012080 0.032680
1 0.701418 0.227824 0.012080 0.033613
2 0.701681 0.246032 0.017857 0.032680
1 0.687763 0.155929 0.008929 0.026144
2 0.685662 0.171335 0.015231 0.021475
3 0.847426 0.295518 0.075105 0.060691
3 0.844538 0.277778 0.079832 0.060691
3 0.843225 0.259570 0.071954 0.065359
3 0.725578 0.105976 0.024685 0.038282
0 0.283876 0.328665 0.012080 0.054155
0 0.286765 0.304855 0.014706 0.055089