5 0.612395 0.538749 0.017857 0.039216
3 0.551733 0.621849 0.044643 0.104575
3 0.790966 0.486461 0.050420 0.042951
3 0.431197 0.742297 0.017857 0.046685
3 0.941176 0.530812 0.024160 0.028945
3 0.821954 0.450047 0.029412 0.024276
9 0.591124 0.976190 0.015231 0.036415
1 0.590336 0.974790 0.007353 0.028011
3 0.603992 0.276377 0.013655 0.024276
4 0.546218 0.374416 0.010504 0.016807
3 0.452206 0.364146 0.009454 0.018674
3 0.463498 0.313725 0.009979 0.016807
5 0.438813 0.219421 0.013130 0.028011
3 0.476628 0.309057 0.009979 0.014939
3 0.445378 0.301120 0.009454 0.019608
3 0.495798 0.202148 0.009454 0.014006
3 0.450893 0.273576 0.009979 0.016807
5 0.507616 0.375817 0.011029 0.027077
3 0.458246 0.255836 0.008929 0.016807
3 0.465336 0.292250 0.009454 0.016807
4 0.480567 0.211485 0.009454 0.019608
5 0.544905 0.248833 0.013130 0.030812