0 0.649685 0.340336 0.010504 0.047619
2 0.891019 0.335668 0.014181 0.042017
1 0.890231 0.326331 0.011555 0.038282
2 0.886292 0.383287 0.029937 0.036415
4 0.855042 0.643791 0.135504 0.131653
3 0.205620 0.313725 0.080357 0.061625
0 0.549895 0.360878 0.012605 0.058824
6 0.266544 0.284781 0.033088 0.050420
9 0.368960 0.312325 0.015231 0.036415
9 0.378676 0.322129 0.015756 0.044818
9 0.393645 0.321195 0.014181 0.044818
3 0.426471 0.317927 0.037815 0.064426
3 0.487658 0.306256 0.045693 0.067227
3 0.369485 0.513539 0.113971 0.095238
4 0.748162 0.238562 0.033088 0.070028
9 0.702468 0.175070 0.020483 0.021475
3 0.778624 0.374883 0.056197 0.081232
9 0.894958 0.380486 0.012605 0.053221
3 0.973739 0.511204 0.049370 0.086835
0 0.672794 0.342204 0.012605 0.053221
2 0.896271 0.405696 0.029937 0.036415
1 0.902574 0.398226 0.014181 0.053221
0 0.918067 0.417367 0.012605 0.057890
2 0.989758 0.455182 0.018382 0.042017
3 0.063813 0.269841 0.070903 0.056022
3 0.688813 0.534547 0.123424 0.092437
2 0.840074 0.282446 0.014181 0.043884
1 0.843487 0.277311 0.010504 0.044818
2 0.859506 0.340336 0.011029 0.047619
1 0.860557 0.326797 0.009979 0.042951
1 0.787553 0.208683 0.009979 0.038282
3 0.794380 0.114379 0.022584 0.043884
9 0.017595 0.783847 0.035189 0.045752
3 0.893645 0.050887 0.019433 0.032680
3 0.816439 0.071429 0.018382 0.034547
9 0.716124 0.157330 0.017332 0.021475
3 0.849002 0.093838 0.021534 0.040149
9 0.788078 0.220355 0.011029 0.039216
4 0.892069 0.235294 0.029937 0.061625
3 0.819590 0.037348 0.022584 0.029879