4 0.517857 0.348273 0.061975 0.048553
3 0.426733 0.415966 0.043592 0.068161
3 0.457721 0.376284 0.033088 0.052288
3 0.519170 0.326331 0.049895 0.038282
3 0.269958 0.557423 0.119748 0.082166
3 0.226366 0.301120 0.034664 0.042017
4 0.530200 0.312792 0.043592 0.039216
3 0.542805 0.309524 0.043592 0.032680
3 0.283088 0.471989 0.097689 0.060691
3 0.298319 0.434641 0.085084 0.055089
3 0.304884 0.412232 0.078256 0.049486
3 0.326681 0.391223 0.072479 0.048553
3 0.343225 0.381419 0.053046 0.043884
3 0.356618 0.366480 0.054622 0.047619
3 0.378939 0.354342 0.046744 0.043884
3 0.382878 0.339869 0.053571 0.046685
3 0.392857 0.337068 0.043067 0.033613
3 0.431197 0.316527 0.052521 0.035481
0 0.798319 0.406629 0.012605 0.055089
0 0.801471 0.614846 0.024160 0.081232
0 0.445116 0.521008 0.014181 0.059757
3 0.304884 0.228291 0.020483 0.027077
3 0.108981 0.352941 0.050945 0.050420
3 0.161765 0.314659 0.040966 0.048553
3 0.141544 0.273576 0.024685 0.042951
3 0.107405 0.257703 0.024685 0.031746
3 0.284926 0.240430 0.024685 0.032680
9 0.268908 0.266106 0.012605 0.033613
3 0.049370 0.391690 0.064076 0.064426
3 0.120273 0.385621 0.055672 0.056022
0 0.182248 0.460784 0.014706 0.066293
0 0.170956 0.455182 0.014181 0.068161
0 0.150473 0.450980 0.015231 0.059757
3 0.189601 0.612979 0.135504 0.135387
0 0.646796 0.296452 0.013130 0.040149
0 0.650473 0.329132 0.014181 0.045752
0 0.746586 0.332866 0.013130 0.038282
9 0.858456 0.672269 0.064601 0.061625
1 0.859769 0.660131 0.026261 0.070962
0 0.036502 0.495331 0.019433 0.073763
0 0.414916 0.365546 0.010504 0.043884
3 0.292542 0.213819 0.014706 0.026144
9 0.262605 0.230159 0.011555 0.025210
3 0.878676 0.827264 0.136555 0.179272
3 0.941702 0.806256 0.114496 0.200747
3 0.773372 0.828198 0.133929 0.211018
3 0.630777 0.746032 0.086134 0.201681
3 0.521271 0.726891 0.110819 0.178338
0 0.579044 0.715686 0.021534 0.096172
3 0.426471 0.692810 0.068277 0.141923
3 0.314338 0.710551 0.107668 0.154995
6 0.979517 0.627918 0.038866 0.083100
5 0.931197 0.589636 0.106092 0.124183
0 0.863971 0.586835 0.014706 0.079365
0 0.558298 0.708683 0.017857 0.087768
0 0.476891 0.693277 0.017857 0.101774
3 0.210609 0.676471 0.128151 0.140990
3 0.715336 0.595705 0.126050 0.085901
3 0.573267 0.573296 0.111870 0.085901
9 0.347426 0.570962 0.018382 0.056956
3 0.563813 0.538749 0.118172 0.069094
3 0.839811 0.497199 0.095588 0.068161
3 0.644433 0.496732 0.095588 0.065359
3 0.513655 0.511204 0.094538 0.081232
3 0.485819 0.491130 0.087185 0.059757
3 0.481880 0.458917 0.091912 0.068161
3 0.104779 0.460317 0.089811 0.080299
0 0.693803 0.501867 0.017857 0.064426
3 0.594800 0.475257 0.084559 0.067227
3 0.805935 0.461251 0.098214 0.054155
3 0.579307 0.459851 0.080882 0.055089
3 0.774685 0.443044 0.095588 0.055089
3 0.753151 0.428105 0.065126 0.043884
3 0.740021 0.412698 0.072479 0.042951
3 0.561187 0.430906 0.076155 0.055089
3 0.535189 0.404762 0.073529 0.047619
3 0.551733 0.415500 0.066702 0.048553
3 0.528887 0.381419 0.064076 0.042017
3 0.517069 0.366480 0.059349 0.032680