3 0.639706 0.035014 0.049370 0.045752
0 0.722952 0.100373 0.012080 0.045752
0 0.744223 0.142390 0.017857 0.055089
9 0.465599 0.095705 0.012080 0.040149
1 0.466124 0.085901 0.009979 0.037348
9 0.452468 0.082166 0.014181 0.037348
3 0.601366 0.554155 0.068277 0.150327
9 0.709821 0.654062 0.025735 0.094304
1 0.712973 0.633053 0.028887 0.065359
1 0.603466 0.070495 0.014706 0.064426
1 0.835609 0.435107 0.013655 0.061625
1 0.839286 0.441176 0.016807 0.049486
3 0.201418 0.465453 0.136029 0.139122
0 0.262868 0.717554 0.020483 0.073763
0 0.270746 0.686741 0.020483 0.096172
3 0.244223 0.567227 0.025210 0.086835
9 0.303834 0.556489 0.034139 0.102708
3 0.578256 0.186275 0.045168 0.079365
0 0.743435 0.578431 0.025735 0.096172
0 0.911239 0.834734 0.033613 0.097106
0 0.936975 0.903828 0.035714 0.098973
0 0.940914 0.866947 0.036239 0.094304
4 0.556460 0.100373 0.034139 0.068161
4 0.377889 0.259104 0.051996 0.129785
3 0.552784 0.051821 0.030987 0.049486
3 0.553834 0.020075 0.025735 0.038282
9 0.496586 0.840803 0.026786 0.112979
1 0.495011 0.807190 0.028887 0.109244
1 0.600315 0.075630 0.012605 0.041083
3 0.478466 0.587302 0.065126 0.175537
6 0.413078 0.117647 0.022584 0.050420
0 0.396534 0.168067 0.016807 0.054155
3 0.483456 0.339402 0.049895 0.118581
3 0.491071 0.205415 0.040966 0.082166
6 0.713235 0.369748 0.028361 0.082166
3 0.510504 0.022409 0.046218 0.044818
1 0.716912 0.354342 0.016807 0.045752
0 0.731092 0.366013 0.016807 0.072829
9 0.774422 0.414099 0.041492 0.049486
0 0.753939 0.274977 0.015231 0.064426
0 0.858981 0.421569 0.017332 0.083100
9 0.837185 0.457049 0.028361 0.068161
0 0.795431 0.358543 0.017332 0.069094
9 0.738708 0.344071 0.038340 0.047619
0 0.705882 0.157796 0.012605 0.050420
0 0.714023 0.154528 0.009979 0.055089
0 0.610819 0.024743 0.012605 0.040149
3 0.684611 0.067694 0.067752 0.058824
0 0.632878 0.081232 0.012605 0.041083
0 0.763918 0.260037 0.017332 0.064426
0 0.638393 0.072362 0.012080 0.036415