0 0.248162 0.059290 0.011029 0.045752
3 0.660714 0.063492 0.065126 0.059757
3 0.075368 0.110644 0.069853 0.053221
6 0.467437 0.254435 0.025210 0.075630
0 0.648897 0.459851 0.015231 0.028945
0 0.642069 0.434174 0.013130 0.035481
0 0.629464 0.176937 0.008929 0.040149
0 0.639968 0.172736 0.008929 0.044818
0 0.618960 0.178338 0.008929 0.037348
0 0.863183 0.600840 0.017332 0.043884
0 0.637080 0.458450 0.014706 0.033613
3 0.564863 0.039683 0.061450 0.058824
0 0.735557 0.101307 0.013130 0.040149
3 0.584821 0.615780 0.040441 0.135387
2 0.634716 0.118114 0.023634 0.032680
3 0.404412 0.431839 0.040966 0.126050
3 0.394958 0.685808 0.045168 0.159664
3 0.466912 0.568627 0.042017 0.149393
0 0.641807 0.972923 0.015756 0.039216
0 0.618435 0.665266 0.015231 0.047619
9 0.673582 0.805789 0.044643 0.041083
2 0.654149 0.751167 0.036239 0.038282
0 0.180410 0.887488 0.017332 0.047619
0 0.184086 0.814659 0.015231 0.049486
0 0.211922 0.734360 0.015231 0.056956
0 0.187763 0.728758 0.017332 0.047619
0 0.086660 0.890289 0.018908 0.053221
0 0.701155 0.757236 0.015756 0.046685
2 0.735819 0.873483 0.040966 0.043884
2 0.714286 0.756303 0.031513 0.050420
2 0.677258 0.604108 0.034139 0.037348
2 0.664391 0.533613 0.031513 0.032680
2 0.051208 0.885621 0.043592 0.034547
2 0.025735 0.954715 0.044118 0.034547
2 0.089548 0.662465 0.035189 0.040149
2 0.063813 0.599907 0.036239 0.042017
2 0.032563 0.527077 0.032563 0.040149
2 0.038078 0.558824 0.033088 0.028945
2 0.334034 0.315593 0.022059 0.054155
6 0.308036 0.169935 0.029937 0.082166
3 0.962710 0.312325 0.071429 0.060691
3 0.847952 0.133987 0.071954 0.055089
2 0.472164 0.120915 0.010504 0.055089
0 0.716387 0.096172 0.008403 0.042951
0 0.902048 0.306723 0.020483 0.049486
2 0.488445 0.137722 0.010504 0.049486
2 0.520746 0.156863 0.013130 0.048553
2 0.557773 0.275444 0.010504 0.044818
0 0.611607 0.294118 0.011029 0.044818
0 0.570116 0.267507 0.008929 0.042017
0 0.601103 0.236228 0.011029 0.044818
2 0.577994 0.144258 0.017332 0.043884
0 0.649422 0.217554 0.011029 0.041083
2 0.553834 0.206349 0.013130 0.041083
2 0.492910 0.070028 0.021534 0.041083
2 0.436975 0.072829 0.015756 0.048553
2 0.434611 0.049020 0.017332 0.043884
2 0.625525 0.112512 0.022059 0.030812
2 0.776523 0.773109 0.034139 0.044818
2 0.779674 0.719888 0.030987 0.039216
2 0.775210 0.694678 0.025210 0.044818
9 0.743172 0.673669 0.038866 0.060691
0 0.730042 0.633520 0.010504 0.043884
0 0.737132 0.618114 0.008929 0.042951
0 0.719013 0.616713 0.016807 0.047619
0 0.725840 0.596172 0.008403 0.043884
0 0.704569 0.601307 0.014181 0.052288
0 0.710872 0.595238 0.008929 0.056956
2 0.841649 0.664332 0.025735 0.032680
2 0.850578 0.652661 0.024685 0.033613
2 0.810137 0.610177 0.024685 0.040149
2 0.814863 0.598039 0.024685 0.030812
2 0.831670 0.584967 0.023634 0.030812
2 0.834296 0.573296 0.034139 0.033613
0 0.884716 0.502334 0.017332 0.044818
2 0.805147 0.552754 0.016807 0.057890
0 0.705882 0.507937 0.009454 0.042951
0 0.701418 0.502801 0.015231 0.043884
2 0.852153 0.414099 0.016282 0.047619
2 0.870011 0.416433 0.016282 0.046685
2 0.888655 0.414099 0.022059 0.049486
3 0.018908 0.231092 0.037815 0.060691