2 0.067227 0.269841 0.011555 0.035481
2 0.081670 0.269374 0.011029 0.042017
2 0.095851 0.259104 0.012080 0.038282
3 0.126576 0.249767 0.047269 0.077498
3 0.175158 0.199346 0.054097 0.086835
0 0.200893 0.500934 0.012080 0.049486
3 0.691439 0.295518 0.075105 0.066293
0 0.594538 0.122316 0.008403 0.037348
0 0.603729 0.124650 0.007878 0.038282
3 0.033088 0.355742 0.066176 0.061625
0 0.504202 0.181606 0.008403 0.040149
0 0.625263 0.158730 0.015231 0.033613
0 0.688288 0.839402 0.015231 0.044818
0 0.681197 0.818861 0.015756 0.042951
0 0.675683 0.665733 0.011029 0.041083
0 0.694328 0.672736 0.011555 0.045752
0 0.667279 0.654995 0.009979 0.045752
6 0.556723 0.733427 0.024160 0.092437
0 0.495536 0.185808 0.008929 0.037348
0 0.672006 0.857143 0.015231 0.056022
3 0.580095 0.271242 0.071954 0.071895
0 0.895746 0.516340 0.017332 0.054155
2 0.597689 0.325864 0.022059 0.035481
3 0.065651 0.470121 0.088235 0.077498
3 0.344538 0.831466 0.075630 0.133520
3 0.433824 0.107843 0.037815 0.088702
2 0.706670 0.954248 0.034139 0.037348
2 0.299632 0.871615 0.018382 0.058824
3 0.330620 0.516807 0.048845 0.131653
3 0.341124 0.366013 0.039391 0.117647
3 0.562500 0.376751 0.084034 0.075630
3 0.368435 0.135854 0.033088 0.099907
3 0.333508 0.033147 0.031513 0.062558
0 0.872637 0.521008 0.015231 0.042951
0 0.241071 0.093371 0.009454 0.042951
2 0.319853 0.117647 0.009454 0.039216
2 0.485819 0.019141 0.010504 0.030812
2 0.528361 0.306256 0.014706 0.044818
0 0.628151 0.393091 0.010504 0.044818
0 0.541492 0.300187 0.012605 0.043884
0 0.594275 0.795518 0.013130 0.048553
0 0.738445 0.831466 0.017857 0.040149
2 0.478204 0.071429 0.012080 0.040149
2 0.832983 0.577498 0.029412 0.040149
2 0.622637 0.485061 0.027836 0.038282
2 0.631040 0.454715 0.028887 0.042951
2 0.516019 0.249767 0.017332 0.038282
0 0.276261 0.226891 0.011555 0.044818
0 0.867910 0.927638 0.024685 0.042017
0 0.853729 0.898226 0.016282 0.046685
0 0.847164 0.885154 0.015756 0.044818
2 0.930147 0.769374 0.024160 0.057890
2 0.954832 0.769841 0.024160 0.058824
2 0.976103 0.772176 0.023634 0.056022
0 0.571691 0.064893 0.012080 0.038282
0 0.584296 0.050887 0.008929 0.027077
0 0.580882 0.034080 0.008403 0.025210
0 0.673582 0.161998 0.012080 0.043884
0 0.581933 0.112045 0.008403 0.035481
0 0.207721 0.052754 0.017332 0.049486