9 0.299632 0.045285 0.007878 0.023343
1 0.298582 0.044818 0.011029 0.026144
4 0.303834 0.067694 0.014181 0.030812
0 0.007353 0.805322 0.014706 0.068161
3 0.328519 0.124650 0.017332 0.032680
2 0.164391 0.827264 0.030462 0.069094
3 0.888918 0.188142 0.042542 0.036415
3 0.704569 0.057423 0.026786 0.025210
4 0.710872 0.091036 0.026786 0.027077
3 0.947216 0.221755 0.043592 0.032680
3 0.943540 0.195145 0.039391 0.035481
3 0.975053 0.158730 0.037290 0.039216
3 0.299107 0.290383 0.035189 0.054155
4 0.254202 0.154528 0.026261 0.049486
5 0.325630 0.224090 0.028361 0.050420
3 0.230042 0.574697 0.080882 0.075630
3 0.353204 0.546218 0.082458 0.080299
4 0.379464 0.133053 0.020483 0.036415
3 0.297006 0.172269 0.025735 0.038282
3 0.231618 0.095705 0.017857 0.030812
3 0.260504 0.065826 0.021008 0.023343
3 0.419643 0.318394 0.025210 0.048553
3 0.244223 0.049020 0.016807 0.030812
3 0.375000 0.238562 0.026261 0.043884
3 0.280987 0.078898 0.018908 0.027077
0 0.048319 0.799720 0.023109 0.075630
0 0.104779 0.774977 0.021534 0.078431
0 0.125525 0.683473 0.018908 0.061625
1 0.144170 0.695145 0.016282 0.038282
9 0.055147 0.733894 0.030462 0.061625
1 0.047794 0.715219 0.018908 0.056022
0 0.006565 0.787115 0.013130 0.069094
3 0.922794 0.210551 0.039916 0.034547
3 0.919380 0.178805 0.036239 0.032680
4 0.855830 0.172269 0.037290 0.032680
4 0.835872 0.165733 0.032038 0.036415
4 0.852679 0.148926 0.036239 0.034547
4 0.836922 0.140523 0.035189 0.032680
3 0.823792 0.159197 0.036239 0.028945
3 0.803309 0.148926 0.033088 0.030812
3 0.782826 0.148926 0.027836 0.027077
3 0.772847 0.140523 0.027836 0.025210
3 0.855830 0.112512 0.027836 0.025210
3 0.839023 0.108777 0.026786 0.028945
3 0.829569 0.098506 0.032038 0.030812
3 0.813288 0.095705 0.025735 0.027077
3 0.800158 0.089169 0.030987 0.032680
3 0.765494 0.077965 0.029937 0.027077
3 0.722952 0.062092 0.026786 0.028945