3 0.386555 0.563025 0.089286 0.070962
9 0.365809 0.150327 0.011029 0.026144
1 0.363445 0.149393 0.010504 0.026144
3 0.519433 0.616713 0.063025 0.109244
3 0.398372 0.413165 0.042542 0.073763
4 0.404674 0.239029 0.028887 0.046685
0 0.012605 0.852941 0.024160 0.068161
3 0.484769 0.414099 0.044118 0.060691
3 0.136029 0.676004 0.101891 0.074697
2 0.169905 0.864613 0.033088 0.070962
3 0.888655 0.189076 0.042017 0.036415
3 0.708771 0.068627 0.026786 0.025210
4 0.715074 0.105042 0.026786 0.027077
3 0.948792 0.230159 0.043592 0.036415
3 0.941702 0.211951 0.036765 0.037348
3 0.977941 0.169468 0.034664 0.040149
3 0.224002 0.094771 0.017332 0.028945
4 0.212185 0.054155 0.018908 0.035481
5 0.246324 0.077965 0.014706 0.028945
4 0.381040 0.150327 0.020483 0.037348
3 0.234769 0.059290 0.016807 0.021475
3 0.277836 0.074230 0.030462 0.027077
3 0.210347 0.587768 0.095063 0.083100
3 0.320903 0.507937 0.072479 0.076564
3 0.329832 0.182073 0.024160 0.035481
0 0.028624 0.848273 0.023634 0.075630
0 0.044643 0.831933 0.022059 0.078431
9 0.061712 0.778711 0.032038 0.057890
1 0.055147 0.766573 0.018908 0.056022
0 0.011555 0.832400 0.023109 0.068161
3 0.924370 0.228291 0.039916 0.034547
3 0.922532 0.203081 0.036239 0.032680
4 0.856355 0.190009 0.037290 0.032680
4 0.840074 0.186275 0.032038 0.036415
4 0.854254 0.166667 0.036239 0.034547
4 0.837973 0.158263 0.035189 0.032680
3 0.824842 0.178805 0.036239 0.028945
3 0.809086 0.168534 0.033088 0.030812
3 0.788603 0.162932 0.027836 0.027077
3 0.775473 0.154528 0.027836 0.025210
3 0.860557 0.128385 0.027836 0.025210
3 0.839023 0.120915 0.026786 0.028945
3 0.831145 0.112512 0.032038 0.030812
3 0.814338 0.106909 0.025735 0.027077
3 0.791229 0.098506 0.030987 0.032680
3 0.766019 0.088235 0.029937 0.027077
3 0.727679 0.072362 0.026786 0.028945