3 0.983259 0.321429 0.033482 0.071429
9 0.492560 0.126323 0.010417 0.022487
3 0.514509 0.407407 0.021577 0.058201
3 0.508557 0.268519 0.020089 0.044974
5 0.584077 0.304894 0.022321 0.059524
3 0.478423 0.787698 0.038690 0.125661
3 0.501488 0.507275 0.026786 0.067460
3 0.479911 0.307540 0.020833 0.046296
3 0.535714 0.821429 0.043155 0.129630
3 0.288318 0.854497 0.075149 0.111111
4 0.979539 0.656085 0.027530 0.071429
3 0.810268 0.558201 0.044643 0.063492
3 0.909226 0.529762 0.058036 0.064815
4 0.324777 0.501323 0.031994 0.084656
7 0.338542 0.376984 0.017857 0.042328
3 0.386161 0.303571 0.025298 0.067460
3 0.412202 0.052910 0.010417 0.029101
3 0.926339 0.651455 0.081845 0.091270
7 0.659970 0.420635 0.037202 0.044974