0 0.704832 0.538749 0.013655 0.054155
0 0.732405 0.551354 0.015231 0.047619
9 0.342962 0.459384 0.013655 0.044818
0 0.319590 0.695145 0.019433 0.083100
0 0.496061 0.472456 0.013130 0.063492
0 0.509716 0.465453 0.012080 0.056956
1 0.529149 0.459851 0.012080 0.053221
0 0.554359 0.470121 0.015231 0.053221
0 0.587447 0.556489 0.019433 0.061625
0 0.575105 0.541550 0.019958 0.061625
0 0.513130 0.500467 0.012605 0.061625
0 0.532563 0.495798 0.015756 0.056022
0 0.545956 0.497199 0.015231 0.056956
0 0.534401 0.524743 0.017332 0.059757
0 0.522059 0.503268 0.012605 0.056022
0 0.158351 0.697946 0.023634 0.081232
0 0.036502 0.585901 0.025735 0.071895
0 0.179097 0.501867 0.018908 0.068161
0 0.147059 0.515873 0.022059 0.062558
9 0.857143 0.768908 0.034664 0.058824
9 0.791229 0.588702 0.038340 0.042017
2 0.831145 0.609244 0.041492 0.051354
9 0.873162 0.660131 0.025735 0.065359
1 0.833246 0.649393 0.025735 0.058824
0 0.850053 0.673203 0.040441 0.056022
0 0.302784 0.653128 0.022584 0.075630
0 0.564863 0.881419 0.032038 0.076564
0 0.455095 0.647993 0.019433 0.067227
0 0.516544 0.560224 0.015231 0.059757