3 0.445404 0.692157 0.038603 0.070588
3 0.472978 0.956536 0.056250 0.084314
3 0.525735 0.741830 0.046324 0.088889
3 0.688051 0.899346 0.057721 0.108497
8 0.661397 0.930065 0.133088 0.138562
3 0.985662 0.749020 0.027206 0.086275
3 0.801103 0.694444 0.096324 0.071242
3 0.900368 0.703268 0.091912 0.070588
3 0.656618 0.659477 0.088235 0.067974
3 0.709007 0.648039 0.076838 0.063399
3 0.553860 0.597712 0.070956 0.066013
3 0.580699 0.489869 0.035662 0.039869
3 0.404228 0.264706 0.011397 0.016993
3 0.025735 0.383660 0.047794 0.033987
3 0.029412 0.548039 0.036029 0.055556
3 0.455699 0.333333 0.017279 0.023529
4 0.013971 0.974510 0.027941 0.050980
3 0.135110 0.841176 0.068015 0.128105
3 0.055515 0.817974 0.064706 0.123529
3 0.225184 0.596078 0.038603 0.066667
3 0.363235 0.390850 0.019118 0.032680
3 0.267831 0.499673 0.031985 0.050327
3 0.217096 0.477778 0.029044 0.050980
3 0.257721 0.440523 0.024265 0.044444
3 0.292096 0.449673 0.021691 0.040523
3 0.334743 0.388889 0.019485 0.032680
3 0.272426 0.392157 0.022794 0.033987
3 0.253860 0.382353 0.021691 0.036601
3 0.268750 0.350980 0.017647 0.027451
3 0.418199 0.284641 0.013603 0.021569
9 0.014522 0.739542 0.016544 0.045098
9 0.034007 0.626797 0.017279 0.039216
9 0.097978 0.592157 0.014338 0.039216
2 0.088787 0.574183 0.014338 0.035948
2 0.073162 0.568954 0.013235 0.035948
1 0.016728 0.715359 0.017279 0.047712
1 0.034375 0.607843 0.014338 0.039216
9 0.096507 0.540850 0.010662 0.043791
9 0.113787 0.534641 0.012132 0.041830
2 0.125551 0.524837 0.011397 0.033987
2 0.149449 0.505556 0.012868 0.037255
2 0.054779 0.529412 0.029412 0.031373
0 0.051654 0.518627 0.014338 0.042484
9 0.563603 0.660131 0.021324 0.039216
1 0.564522 0.644118 0.011397 0.030719
2 0.609926 0.677124 0.016912 0.030065
1 0.609191 0.657516 0.012500 0.033987
2 0.594853 0.684641 0.023529 0.033333
1 0.594485 0.661765 0.014706 0.035948
0 0.661397 0.583660 0.011029 0.044444
1 0.831066 0.963399 0.018015 0.061438
1 0.813419 0.925817 0.016544 0.060784
1 0.830699 0.894118 0.015809 0.053595
1 0.863787 0.947386 0.020221 0.056863
1 0.777757 0.872876 0.016544 0.049020
1 0.706985 0.806209 0.015441 0.047712
1 0.733272 0.814706 0.015809 0.049020
0 0.791360 0.937908 0.015809 0.074510
0 0.721140 0.954902 0.016544 0.073203
1 0.653493 0.751307 0.014338 0.049020
1 0.634743 0.704902 0.014338 0.046405
0 0.753125 0.924510 0.015809 0.062092
0 0.876287 0.942157 0.016544 0.064706
0 0.910846 0.969935 0.015809 0.053595
0 0.969301 0.956536 0.017279 0.067320
1 0.686581 0.780065 0.016544 0.049020
1 0.693934 0.743464 0.012132 0.039869
0 0.676287 0.743464 0.013603 0.043791
1 0.664890 0.723856 0.014338 0.043791
1 0.640993 0.674837 0.012132 0.046405
1 0.662684 0.683333 0.012132 0.039869
1 0.674816 0.707516 0.012132 0.043791
1 0.689890 0.702288 0.015074 0.047712
1 0.724081 0.709477 0.016544 0.046405
1 0.762316 0.788562 0.014338 0.058170
0 0.969669 0.859477 0.017279 0.058824
0 0.928676 0.837582 0.015441 0.072549
0 0.940625 0.840850 0.015074 0.068627
1 0.730699 0.745425 0.015074 0.055556
0 0.972978 0.880065 0.015074 0.068627
0 0.915257 0.846078 0.015074 0.063399
3 0.306250 0.381373 0.020588 0.030719
3 0.469853 0.818627 0.042647 0.097386
3 0.538051 0.860458 0.051838 0.119608
3 0.544853 0.498039 0.053676 0.043137
3 0.479228 0.343464 0.015074 0.021569
3 0.471875 0.328431 0.014338 0.020261
3 0.395404 0.800654 0.045956 0.107190
3 0.507169 0.632680 0.038603 0.060131
3 0.394485 0.662745 0.034559 0.065359
3 0.602206 0.537908 0.059559 0.049673
3 0.450184 0.584967 0.030515 0.054902
3 0.414338 0.544118 0.029412 0.054248
3 0.451287 0.300327 0.012132 0.017647
3 0.442096 0.280065 0.013603 0.017647
3 0.425551 0.253922 0.011397 0.015033