9 0.475446 0.547619 0.027530 0.039683
9 0.553571 0.416997 0.022321 0.062831
6 0.606585 0.288360 0.012277 0.029101
6 0.589472 0.403108 0.027902 0.045635
6 0.586682 0.374339 0.028274 0.050265
9 0.622954 0.349537 0.011533 0.029762
0 0.564174 0.288690 0.007812 0.029762
9 0.058594 0.662037 0.034598 0.034392
3 0.057292 0.644511 0.031250 0.036376
3 0.059152 0.623016 0.036458 0.034392
9 0.721912 0.241071 0.012277 0.027116
6 0.748326 0.230489 0.018973 0.029762
9 0.664807 0.300265 0.011905 0.027778
9 0.749070 0.213294 0.012277 0.020503
3 0.010417 0.958995 0.020833 0.079365
3 0.888579 0.937500 0.097842 0.110450
3 0.918341 0.145172 0.024182 0.037698
6 0.683966 0.861442 0.048735 0.069444
9 0.084263 0.326058 0.016741 0.033069
9 0.466518 0.564815 0.025298 0.038360
9 0.446057 0.500661 0.024554 0.043651
2 0.270089 0.685847 0.024554 0.048942
9 0.755208 0.929233 0.033482 0.050265
6 0.585751 0.796296 0.077753 0.085979
9 0.196987 0.909722 0.041295 0.070767
9 0.224330 0.833664 0.037202 0.041667
9 0.392485 0.709325 0.027530 0.040344
9 0.080915 0.328042 0.023438 0.034392
9 0.392671 0.614087 0.020461 0.046958
2 0.439732 0.957341 0.027530 0.061508
9 0.612351 0.394511 0.013393 0.037698
1 0.524182 0.544312 0.011905 0.048942
1 0.477865 0.501323 0.015253 0.044974
1 0.476749 0.330026 0.032366 0.039683
0 0.571243 0.316138 0.006324 0.027778
9 0.528274 0.368717 0.006696 0.037698
9 0.585379 0.462963 0.016741 0.042328
9 0.755766 0.914352 0.012277 0.041667
9 0.191034 0.564484 0.013021 0.042989
4 0.539435 0.703373 0.079613 0.106481
3 0.438430 0.656415 0.068824 0.080026
3 0.388207 0.565476 0.058408 0.070106
3 0.330171 0.517196 0.062128 0.060847
3 0.269717 0.545304 0.052083 0.083995
3 0.161086 0.748016 0.043899 0.087302
0 0.093936 0.607474 0.011533 0.045635
0 0.114211 0.695767 0.015625 0.050265
0 0.092076 0.563823 0.012277 0.040344
0 0.773438 0.787037 0.019345 0.054233
0 0.796317 0.711640 0.012277 0.038360
0 0.790365 0.735780 0.014509 0.045635
0 0.861979 0.589286 0.010417 0.044974
0 0.850818 0.587963 0.015625 0.054233
0 0.275856 0.834656 0.014509 0.050265
0 0.293527 0.807540 0.016369 0.055556
0 0.321615 0.606481 0.012277 0.039683
0 0.313430 0.605489 0.009301 0.041667
5 0.636161 0.384590 0.048363 0.083995
3 0.669457 0.359127 0.032366 0.054233
3 0.696243 0.324405 0.035342 0.050926
3 0.725260 0.291005 0.031622 0.044974
3 0.750930 0.264550 0.035342 0.043651
3 0.773065 0.233466 0.031250 0.038360
3 0.796317 0.209325 0.029390 0.042989
3 0.815662 0.180886 0.029390 0.041667
5 0.843378 0.143519 0.033482 0.059524
3 0.772507 0.279431 0.034598 0.050926
3 0.809152 0.233466 0.027530 0.044974
3 0.588170 0.322090 0.039435 0.043651
9 0.849144 0.179894 0.011533 0.031746
9 0.859747 0.166005 0.010417 0.027778
3 0.105283 0.311508 0.046131 0.043651
7 0.200893 0.357804 0.033482 0.043651
7 0.293527 0.385913 0.036458 0.052249
6 0.321243 0.579034 0.028646 0.056217
6 0.513021 0.574735 0.036458 0.060847
0 0.236235 0.621693 0.015625 0.048942
9 0.193266 0.598876 0.016741 0.041667
9 0.323289 0.862103 0.020833 0.058862
1 0.324033 0.854828 0.020833 0.046958
9 0.248140 0.585648 0.020833 0.050926
9 0.387835 0.616402 0.019717 0.046296
9 0.478609 0.513889 0.019717 0.044974
9 0.521577 0.548280 0.018601 0.044974
9 0.513765 0.418981 0.011905 0.041667
7 0.545387 0.438823 0.031250 0.068122
7 0.559710 0.443783 0.021205 0.050265
2 0.685640 0.476521 0.019345 0.027116
9 0.824219 0.676918 0.015253 0.044312
9 0.289621 0.631283 0.016741 0.040344
9 0.325707 0.686177 0.018973 0.040344
9 0.487351 0.976852 0.034226 0.043651
7 0.547433 0.953373 0.056176 0.091931
9 0.548177 0.905423 0.023438 0.059524
9 0.604353 0.879630 0.018973 0.056878
0 0.596912 0.860119 0.015997 0.050926
0 0.445312 0.434193 0.008929 0.036376
9 0.743676 0.335317 0.009673 0.031746
6 0.024926 0.756944 0.049851 0.089286
0 0.445685 0.379630 0.010417 0.039683
9 0.243490 0.696098 0.027158 0.052249
9 0.231585 0.367394 0.015253 0.033730