3 0.501838 0.202148 0.083508 0.075630
9 0.253414 0.452848 0.034139 0.097106
0 0.024422 0.440243 0.009979 0.062558
0 0.287553 0.491597 0.015231 0.073763
0 0.033351 0.414099 0.011029 0.036415
9 0.222426 0.320728 0.027836 0.028945
0 0.228729 0.300187 0.011029 0.047619
0 0.141019 0.342204 0.012080 0.045752
9 0.143120 0.316993 0.012080 0.040149
1 0.207721 0.313259 0.008929 0.036415
0 0.331145 0.446779 0.012080 0.045752
4 0.505515 0.560691 0.094013 0.183940
3 0.575368 0.669001 0.109769 0.210084
0 0.264968 0.323063 0.012080 0.046685
2 0.245798 0.333333 0.035714 0.074697
9 0.323792 0.344538 0.024685 0.069094
0 0.354779 0.209617 0.013130 0.058824
0 0.278099 0.690476 0.027836 0.077498
9 0.375788 0.382353 0.034139 0.066293
0 0.220851 0.424370 0.016282 0.071895
0 0.204044 0.437442 0.012080 0.068161
3 0.652574 0.126517 0.062500 0.077498
0 0.304359 0.477591 0.016282 0.070028
0 0.205095 0.410364 0.014181 0.070028
3 0.688813 0.080766 0.047794 0.064426
0 0.223477 0.397292 0.015231 0.066293
3 0.714023 0.359010 0.077206 0.131653
0 0.132090 0.570028 0.026786 0.088702
3 0.612132 0.379552 0.080357 0.118581
3 0.678309 0.258170 0.061450 0.088702
3 0.773897 0.248833 0.056197 0.086835
0 0.004989 0.432773 0.009979 0.066293
3 0.363183 0.488796 0.097164 0.159664
0 0.523372 0.281046 0.024685 0.074697
9 0.155200 0.322596 0.013130 0.051354
9 0.275998 0.715686 0.042542 0.075630
3 0.486607 0.359944 0.086660 0.111111
9 0.390494 0.347806 0.046744 0.055089
3 0.740809 0.158263 0.064601 0.109244
9 0.375000 0.295518 0.034664 0.060691
9 0.505252 0.263772 0.038866 0.055089
3 0.610032 0.186275 0.060399 0.077498
3 0.787027 0.093838 0.044643 0.068161
3 0.813025 0.044351 0.045168 0.053221
2 0.210872 0.516340 0.037290 0.069094