3 0.498424 0.299253 0.036765 0.064426
3 0.614496 0.239496 0.053571 0.062558
3 0.038078 0.802521 0.076155 0.112979
4 0.118960 0.723156 0.117122 0.152194
3 0.336660 0.361811 0.051471 0.094304
3 0.469013 0.209617 0.047269 0.055089
7 0.675158 0.203548 0.041492 0.054155
3 0.419380 0.425303 0.041492 0.105509
3 0.428309 0.260504 0.028887 0.067227
3 0.455095 0.120915 0.024685 0.051354
3 0.533876 0.087302 0.021534 0.038282
3 0.563550 0.386088 0.040966 0.079365
3 0.458771 0.084034 0.020483 0.044818
3 0.424632 0.107376 0.022584 0.048553
3 0.025735 0.370682 0.051471 0.104575
9 0.301733 0.770775 0.027836 0.098039
1 0.299632 0.744164 0.020483 0.057890
9 0.527311 0.012138 0.007353 0.022409
9 0.515756 0.010738 0.009454 0.021475
9 0.264706 0.721289 0.026261 0.083100
1 0.263655 0.701681 0.022059 0.062558
1 0.690651 0.781513 0.023109 0.078431
9 0.691176 0.802521 0.023109 0.084967
0 0.196429 0.410831 0.019958 0.056022
0 0.235557 0.335201 0.015231 0.050420
1 0.323004 0.224556 0.009454 0.032680
6 0.402048 0.219888 0.021534 0.045752
1 0.400735 0.216620 0.009454 0.039216
0 0.539653 0.112979 0.009979 0.039216
1 0.414653 0.161998 0.008929 0.025210
9 0.414653 0.179272 0.008929 0.028011
1 0.398372 0.151261 0.007878 0.024276
9 0.399160 0.163399 0.011555 0.026144
9 0.919643 0.152194 0.010504 0.026144
9 0.890231 0.145191 0.011555 0.032680
0 0.919118 0.120448 0.010504 0.029879
0 0.920693 0.134921 0.010504 0.038282
0 0.908351 0.127451 0.008929 0.032680
0 0.869485 0.137722 0.008929 0.032680
3 0.403361 0.013539 0.029412 0.027077
3 0.438550 0.040149 0.021008 0.039216
3 0.199842 0.291783 0.071954 0.064426
3 0.184086 0.222222 0.062500 0.050420
3 0.183824 0.190009 0.075630 0.055089
3 0.298319 0.116713 0.059874 0.046685
3 0.367122 0.098506 0.049370 0.036415
3 0.386555 0.056956 0.037815 0.035481
3 0.748687 0.189542 0.064601 0.054155
5 0.840336 0.187208 0.070378 0.056956
9 0.681460 0.180672 0.020483 0.023343
1 0.683824 0.171335 0.012605 0.030812
3 0.600315 0.091036 0.051471 0.049486
3 0.590336 0.077498 0.048319 0.039216
3 0.971901 0.186741 0.055147 0.056022
3 0.514443 0.404295 0.040441 0.089636
9 0.596639 0.372082 0.017857 0.055089
1 0.596376 0.358543 0.015231 0.052288
9 0.364233 0.386555 0.020483 0.050420
1 0.365546 0.372549 0.017857 0.050420
9 0.329832 0.232493 0.023109 0.024276
1 0.327206 0.221289 0.011555 0.031746
9 0.321691 0.239496 0.023634 0.025210
9 0.022059 0.589636 0.044118 0.060691