4 0.853423 0.710317 0.025298 0.029101
3 0.838170 0.676587 0.026042 0.030423
4 0.870164 0.593915 0.020089 0.050265
3 0.888021 0.657407 0.020089 0.047619
3 0.908110 0.388228 0.031994 0.038360
3 0.876860 0.396825 0.026042 0.042328
3 0.123884 0.605820 0.030506 0.034392
3 0.196429 0.494048 0.028274 0.035714
3 0.010045 0.622354 0.020089 0.048942
3 0.851935 0.175265 0.028274 0.033069
5 0.956473 0.115079 0.034970 0.039683
3 0.712426 0.151455 0.026042 0.043651
3 0.737351 0.231481 0.029762 0.029101
3 0.296503 0.232804 0.020089 0.055556
3 0.256324 0.209656 0.017113 0.048942
3 0.247768 0.158730 0.019345 0.050265
3 0.280134 0.152116 0.018601 0.047619
3 0.330357 0.193783 0.020833 0.054233
3 0.314732 0.134259 0.019345 0.054233
3 0.305060 0.066138 0.020833 0.052910
3 0.354167 0.220899 0.014881 0.037037
3 0.861979 0.320767 0.031994 0.035714
8 0.740699 0.297619 0.066220 0.037037
6 0.925223 0.261243 0.026042 0.030423
3 0.592634 0.172619 0.027530 0.041005
3 0.084821 0.750661 0.031250 0.033069
9 0.367560 0.420635 0.010417 0.031746
0 0.401042 0.679894 0.008929 0.018519
9 0.111979 0.716270 0.015625 0.017196
0 0.327753 0.619709 0.008185 0.019841
9 0.372024 0.699074 0.010417 0.022487
9 0.528646 0.757275 0.009673 0.019841
3 0.558780 0.743386 0.011905 0.021164
3 0.411830 0.167989 0.014137 0.018519
0 0.984747 0.550265 0.012649 0.013228
0 0.970982 0.208995 0.013393 0.013228