3 0.392595 0.598039 0.053046 0.116713
3 0.468750 0.594304 0.085609 0.079365
3 0.253676 0.012138 0.014706 0.018674
9 0.441964 0.249767 0.011029 0.030812
1 0.441702 0.245098 0.010504 0.034547
3 0.352153 0.302521 0.030987 0.050420
3 0.288340 0.182073 0.022059 0.042951
4 0.550158 0.469188 0.046744 0.070028
0 0.015494 0.872082 0.024685 0.069094
2 0.170956 0.873016 0.033088 0.070962
3 0.888655 0.190476 0.042017 0.035481
3 0.709821 0.069094 0.026786 0.024276
4 0.716649 0.105976 0.026786 0.027077
3 0.950368 0.236228 0.043592 0.037348
3 0.943277 0.221755 0.036765 0.036415
3 0.978466 0.180672 0.034664 0.040149
4 0.382616 0.158730 0.021534 0.039216
3 0.290966 0.077965 0.030462 0.027077
3 0.166754 0.623249 0.098214 0.083100
3 0.289391 0.555556 0.086134 0.078431
3 0.392069 0.302988 0.032038 0.049486
0 0.033351 0.864146 0.023634 0.075630
0 0.048319 0.849673 0.022059 0.078431
9 0.063288 0.794585 0.032038 0.054155
1 0.058824 0.779178 0.018908 0.056956
0 0.018120 0.846405 0.025735 0.068161
3 0.924107 0.235294 0.039391 0.033613
3 0.923057 0.206816 0.036239 0.032680
4 0.855830 0.194678 0.037290 0.032680
4 0.838498 0.189076 0.032038 0.036415
4 0.854254 0.173203 0.036239 0.034547
4 0.838498 0.164799 0.035189 0.032680
3 0.826418 0.187208 0.036239 0.028945
3 0.808561 0.175070 0.033088 0.030812
3 0.788078 0.171335 0.027836 0.027077
3 0.775473 0.159197 0.027836 0.025210
3 0.861082 0.133053 0.027836 0.025210
3 0.841649 0.129318 0.026786 0.028945
3 0.833771 0.112512 0.032038 0.030812
3 0.815389 0.109244 0.025735 0.026144
3 0.797532 0.101307 0.030987 0.032680
3 0.769695 0.092904 0.029937 0.027077
3 0.728992 0.073296 0.026261 0.028945