4 0.502889 0.698413 0.030987 0.057890
8 0.660452 0.616246 0.030987 0.059757
5 0.942752 0.723156 0.111345 0.142857
3 0.849265 0.717554 0.044118 0.042017
3 0.574580 0.696078 0.024160 0.056956
5 0.381565 0.661064 0.073004 0.115780
5 0.431197 0.626050 0.048319 0.073763
4 0.573792 0.709150 0.029937 0.053221
5 0.751050 0.614846 0.051471 0.056956
3 0.500525 0.656396 0.016807 0.031746
5 0.735294 0.631653 0.024160 0.027077
3 0.573267 0.626517 0.015231 0.026144
3 0.556460 0.643791 0.016282 0.032680
3 0.726891 0.725023 0.034664 0.053221
3 0.679359 0.659664 0.024685 0.038282
3 0.554097 0.655929 0.015756 0.027077
3 0.559611 0.628852 0.015231 0.027077
3 0.535452 0.608310 0.016282 0.028945
5 0.528624 0.610177 0.037290 0.066293
3 0.508141 0.688142 0.024685 0.057890
3 0.501576 0.663399 0.015756 0.030812
5 0.443277 0.666667 0.050420 0.104575
5 0.483981 0.613912 0.040441 0.070028
3 0.528887 0.657330 0.021008 0.037348
5 0.516282 0.622316 0.033613 0.073763
3 0.561450 0.666200 0.022059 0.032680
3 0.971113 0.803922 0.055672 0.059757
3 0.891807 0.738095 0.051471 0.049486
3 0.641807 0.598506 0.014706 0.020542