3 0.825105 0.461718 0.077731 0.056956
3 0.937237 0.578431 0.091912 0.071895
2 0.883666 0.406629 0.020483 0.047619
3 0.417279 0.166667 0.016282 0.025210
6 0.184611 0.827264 0.032038 0.082166
1 0.187237 0.797852 0.026786 0.062558
8 0.321954 0.275444 0.032563 0.061625
3 0.645483 0.321662 0.034664 0.038282
1 0.887868 0.747432 0.022584 0.064426
3 0.521534 0.244631 0.017857 0.028011
9 0.334296 0.408497 0.015231 0.032680
3 0.366859 0.199346 0.017332 0.023343
3 0.501313 0.208683 0.015231 0.021475
3 0.496061 0.194678 0.014181 0.023343
0 0.227679 0.802988 0.021534 0.084034
4 0.127889 0.754902 0.079307 0.112979
0 0.021534 0.753035 0.033613 0.083100
3 0.110032 0.625584 0.078256 0.072829
3 0.127101 0.570495 0.084034 0.061625
3 0.156513 0.506536 0.072479 0.066293
3 0.204832 0.460317 0.050420 0.056022
7 0.333508 0.360411 0.018908 0.044818
2 0.378414 0.383754 0.024685 0.028011
1 0.378676 0.375350 0.014706 0.033613
2 0.884191 0.762838 0.026786 0.070962
9 0.592962 0.419234 0.009454 0.041083
1 0.592962 0.411765 0.009454 0.031746
5 0.850053 0.546218 0.109769 0.074697
3 0.954044 0.633520 0.089811 0.071895
3 0.758141 0.497666 0.049895 0.059757
3 0.871061 0.520075 0.090861 0.065359
3 0.621324 0.766106 0.072479 0.127918
3 0.405987 0.249767 0.016807 0.028945
3 0.431985 0.123249 0.007878 0.011204
0 0.329307 0.317460 0.009454 0.033613
6 0.699317 0.423903 0.035189 0.041083
9 0.724790 0.516807 0.018908 0.047619
3 0.459821 0.186741 0.013130 0.022409
3 0.487395 0.183940 0.014706 0.022409
9 0.631828 0.392624 0.017857 0.027077