3 0.418750 0.593056 0.016667 0.034259
7 0.414583 0.612500 0.014583 0.026852
3 0.565104 0.636111 0.036458 0.031481
0 0.542708 0.681481 0.006250 0.025926
3 0.619271 0.560185 0.022917 0.029630
3 0.581510 0.562037 0.015104 0.029630
3 0.450521 0.904167 0.030208 0.071296
6 0.471875 0.587500 0.012500 0.026852
6 0.494271 0.599537 0.010417 0.032407
3 0.491667 0.513889 0.013542 0.022222
8 0.503906 0.482870 0.014063 0.036111
3 0.509635 0.679167 0.017188 0.030556
3 0.310417 0.844444 0.032292 0.070370
3 0.229948 0.908796 0.057813 0.052778
3 0.135156 0.708796 0.045312 0.028704
3 0.087240 0.751389 0.052604 0.028704
3 0.071615 0.774537 0.051562 0.037963
3 0.085156 0.813426 0.060937 0.045370
4 0.057813 0.846759 0.051042 0.043519
4 0.620052 0.969444 0.076563 0.057407
3 0.623177 0.868056 0.050521 0.058333
3 0.606250 0.819444 0.045833 0.040741
4 0.603646 0.779630 0.046875 0.042593
5 0.730729 0.823611 0.041667 0.089815
5 0.579167 0.762963 0.046875 0.042593
5 0.576302 0.731944 0.045312 0.037963
3 0.659896 0.690741 0.023958 0.042593
3 0.574740 0.712037 0.042188 0.031481
5 0.574219 0.680556 0.048438 0.037037
5 0.589323 0.657870 0.045312 0.034259
3 0.612760 0.929167 0.060937 0.049074
3 0.232292 0.786111 0.059375 0.042593
6 0.209375 0.875926 0.029167 0.035185
1 0.215885 0.874074 0.008854 0.027778
3 0.360156 0.588889 0.020313 0.033333
3 0.533073 0.701389 0.018229 0.034259
4 0.176042 0.661574 0.033333 0.032407
3 0.218750 0.684722 0.027083 0.034259
0 0.484635 0.961111 0.009896 0.044444
5 0.279167 0.670370 0.053125 0.050000
3 0.266927 0.714352 0.045312 0.034259
8 0.292448 0.744907 0.043229 0.078704
3 0.352344 0.720370 0.022396 0.046296
4 0.372135 0.659259 0.024479 0.055556
6 0.324219 0.796759 0.017188 0.041667
6 0.393229 0.657870 0.013542 0.032407
6 0.475521 0.609722 0.010417 0.025000
0 0.155469 0.752778 0.009896 0.037037
0 0.164323 0.748611 0.009896 0.037963
0 0.157031 0.771759 0.009896 0.032407
0 0.159896 0.781481 0.009375 0.033333
3 0.392188 0.918981 0.032292 0.084259
3 0.471875 0.493519 0.012500 0.024074
9 0.371615 0.703704 0.013021 0.033333
0 0.548177 0.730093 0.007812 0.030556
3 0.608854 0.574537 0.017708 0.026852