3 0.555672 0.912232 0.081933 0.173669
3 0.477679 0.671335 0.051996 0.115780
3 0.427521 0.496265 0.048319 0.077498
3 0.263130 0.201214 0.025210 0.049486
3 0.637868 0.739029 0.084559 0.118581
3 0.370798 0.180205 0.027311 0.037348
3 0.053834 0.712418 0.107668 0.093371
9 0.944328 0.919234 0.048319 0.081232
3 0.322742 0.167600 0.021534 0.036415
1 0.951155 0.905696 0.029412 0.074697
4 0.320378 0.133053 0.018908 0.034547
3 0.287815 0.059290 0.016807 0.025210
3 0.230830 0.035948 0.015231 0.021475
0 0.024160 0.871615 0.018908 0.066293
2 0.174632 0.891690 0.033088 0.070962
3 0.888655 0.193277 0.042017 0.035481
3 0.712710 0.071895 0.026261 0.024276
4 0.721376 0.110644 0.026786 0.027077
3 0.248424 0.013072 0.012605 0.022409
3 0.954569 0.250233 0.043592 0.037348
3 0.955095 0.218487 0.035189 0.029879
3 0.982143 0.180205 0.034664 0.039216
4 0.389706 0.157796 0.023109 0.037348
3 0.099527 0.650794 0.102416 0.082166
3 0.236345 0.597106 0.090336 0.079365
3 0.350053 0.514472 0.069853 0.076564
0 0.040704 0.863679 0.023634 0.074697
0 0.055410 0.843137 0.022584 0.078431
9 0.070378 0.798319 0.031513 0.054155
1 0.066176 0.779178 0.018908 0.056956
0 0.024947 0.845005 0.025735 0.067227
3 0.928571 0.242764 0.039916 0.033613
3 0.925420 0.215686 0.035714 0.031746
4 0.860032 0.199346 0.037290 0.032680
4 0.845588 0.191410 0.031513 0.035481
4 0.860294 0.173669 0.035714 0.033613
4 0.841912 0.165266 0.034664 0.031746
3 0.830882 0.187675 0.035714 0.028011
3 0.811450 0.175537 0.032563 0.029879
3 0.792017 0.171802 0.027311 0.026144
3 0.779412 0.163399 0.027311 0.024276
3 0.865546 0.133520 0.027311 0.024276
3 0.846113 0.129785 0.026261 0.028011
3 0.837185 0.119514 0.031513 0.029879
3 0.818277 0.115780 0.025210 0.026144
3 0.798845 0.101774 0.030462 0.031746
3 0.773109 0.093371 0.029412 0.026144
3 0.732668 0.077498 0.026261 0.028011