3 0.523109 0.192810 0.026261 0.049486
3 0.394695 0.475724 0.094013 0.071895
3 0.581145 0.430906 0.090861 0.071895
3 0.702994 0.416433 0.079307 0.069094
3 0.636817 0.556956 0.104517 0.092437
3 0.258141 0.542017 0.103466 0.083100
3 0.840074 0.485061 0.094013 0.077498
3 0.576155 0.101774 0.025210 0.046685
1 0.654937 0.796452 0.023109 0.059757
0 0.267069 0.726424 0.020483 0.063492
0 0.320641 0.772642 0.020483 0.079365
0 0.297006 0.733427 0.019433 0.064426
1 0.058561 0.442110 0.020483 0.045752
2 0.065914 0.458917 0.034139 0.040149
1 0.069065 0.447246 0.015231 0.041083
9 0.246849 0.319328 0.030462 0.044818
0 0.268382 0.254902 0.012605 0.050420
0 0.406775 0.170868 0.007878 0.035481
9 0.524947 0.394491 0.029937 0.036415
1 0.525735 0.383287 0.018908 0.045752
9 0.353729 0.206349 0.020483 0.033613
0 0.094538 0.323996 0.014706 0.035481
0 0.077206 0.318861 0.018908 0.053221
2 0.013130 0.352007 0.021008 0.052288
0 0.788078 0.231092 0.015231 0.042017
0 0.793592 0.227824 0.013655 0.042951
0 0.929359 0.267974 0.015231 0.044818
3 0.177521 0.863212 0.111345 0.202614
3 0.482405 0.221755 0.028887 0.064426
5 0.935399 0.836134 0.128151 0.176471
3 0.584821 0.216153 0.030987 0.051354
3 0.485032 0.076564 0.020483 0.048553
3 0.943277 0.421569 0.091387 0.070028
3 0.446429 0.224556 0.030462 0.062558
3 0.437763 0.075163 0.022584 0.040149
3 0.514181 0.351074 0.049370 0.074697
3 0.647847 0.159664 0.059349 0.041083
3 0.580357 0.023343 0.045168 0.033613
3 0.445903 0.030345 0.023109 0.042017
6 0.660977 0.817927 0.039391 0.100840
0 0.896008 0.671335 0.023109 0.069094
1 0.971639 0.385154 0.014706 0.043884
9 0.968225 0.391690 0.029937 0.036415
9 0.680672 0.303455 0.012605 0.039216
9 0.716912 0.319795 0.015756 0.042017
9 0.748950 0.317460 0.014706 0.041083
9 0.785977 0.305322 0.009979 0.041083
9 0.803046 0.303455 0.012605 0.039216
9 0.859769 0.320728 0.012605 0.040149
9 0.891019 0.290850 0.014181 0.036415
2 0.904149 0.326331 0.014181 0.042017
9 0.952994 0.324930 0.022584 0.050420
1 0.432248 0.324930 0.012605 0.031746
9 0.432773 0.341737 0.012605 0.041083
1 0.496324 0.033613 0.007353 0.028011
9 0.496849 0.042484 0.008403 0.023343
0 0.275210 0.609244 0.021008 0.070028
0 0.289128 0.612512 0.018382 0.074697
1 0.485032 0.303455 0.014181 0.046685
6 0.485557 0.311391 0.022584 0.045752
1 0.402311 0.311858 0.014706 0.041083
9 0.403624 0.324930 0.025735 0.037348
1 0.152048 0.664332 0.020483 0.064426
9 0.155462 0.678338 0.038866 0.049486
0 0.192752 0.753035 0.021008 0.062558
0 0.195116 0.761438 0.022584 0.068161
9 0.337185 0.269841 0.028361 0.031746
9 0.387605 0.200747 0.025210 0.031746
9 0.387080 0.180672 0.025210 0.036415
1 0.691702 0.977124 0.024160 0.042017
9 0.691702 0.977591 0.026261 0.041083
0 0.159926 0.339869 0.019433 0.052288
0 0.043067 0.323996 0.013655 0.048553
0 0.040179 0.330999 0.013130 0.051354
0 0.332983 0.230626 0.012605 0.042951
1 0.711922 0.454248 0.020483 0.045752
9 0.708508 0.462185 0.027311 0.044818
0 0.304359 0.295518 0.015231 0.045752
0 0.411765 0.174136 0.009454 0.034547
0 0.547269 0.248833 0.012605 0.040149
0 0.545693 0.237628 0.012605 0.040149
0 0.624737 0.293651 0.015231 0.045752
0 0.613708 0.298786 0.015231 0.046685
9 0.251576 0.341270 0.028361 0.045752
9 0.086660 0.358077 0.019958 0.045752
6 0.661239 0.207283 0.036765 0.050420
9 0.615546 0.180672 0.022059 0.025210