3 0.639181 0.033147 0.049370 0.045752
0 0.721901 0.101307 0.012080 0.045752
0 0.745798 0.144258 0.017857 0.055089
9 0.464023 0.106909 0.012080 0.040149
1 0.464286 0.095238 0.010504 0.037348
9 0.449580 0.094304 0.014706 0.037348
3 0.595326 0.507003 0.063550 0.136321
9 0.698267 0.585434 0.025735 0.087768
1 0.697479 0.560691 0.026261 0.060691
1 0.599790 0.063959 0.014706 0.064426
1 0.856880 0.454715 0.014181 0.061625
1 0.860294 0.457983 0.016807 0.049486
3 0.200893 0.463585 0.136029 0.139122
0 0.266019 0.711018 0.020483 0.073763
0 0.272847 0.683940 0.020483 0.096172
3 0.244748 0.564426 0.025210 0.086835
9 0.304359 0.553688 0.034139 0.102708
3 0.575368 0.172736 0.043592 0.078431
0 0.737920 0.563025 0.025210 0.095238
0 0.908613 0.830999 0.033613 0.097106
0 0.933824 0.895425 0.035714 0.098973
0 0.938288 0.861345 0.036239 0.092437
4 0.555410 0.094304 0.033088 0.067227
4 0.377889 0.257236 0.051996 0.129785
3 0.551733 0.048086 0.030987 0.049486
3 0.552784 0.017274 0.025735 0.034547
9 0.503676 0.903828 0.028361 0.123249
1 0.502363 0.868347 0.029937 0.112045
1 0.597164 0.065359 0.012605 0.041083
3 0.478204 0.623249 0.067752 0.187675
6 0.413078 0.116713 0.022584 0.050420
0 0.396534 0.167134 0.016807 0.054155
3 0.480567 0.366480 0.052521 0.126050
3 0.489758 0.218954 0.042542 0.084967
6 0.712185 0.366480 0.028361 0.081232
3 0.506040 0.028945 0.028887 0.046685
1 0.717962 0.351541 0.016807 0.045752
0 0.732143 0.363212 0.016807 0.072829
9 0.773372 0.411298 0.041492 0.049486
0 0.752363 0.272176 0.015231 0.064426
0 0.866859 0.424370 0.017332 0.083100
9 0.858456 0.490196 0.035189 0.059757
0 0.798582 0.366947 0.017332 0.069094
9 0.737658 0.341737 0.038340 0.048553
0 0.709034 0.162465 0.012605 0.050420
0 0.718225 0.161064 0.009979 0.055089
0 0.611345 0.022876 0.012605 0.040149
3 0.684086 0.066760 0.067752 0.058824
0 0.634191 0.083100 0.012080 0.042951
0 0.764968 0.263772 0.017332 0.064426
0 0.640494 0.074230 0.012080 0.036415