3 0.504836 0.475529 0.029018 0.075397
3 0.488095 0.718254 0.050595 0.124339
3 0.566220 0.412037 0.028274 0.064815
3 0.806548 0.351852 0.058036 0.044974
3 0.886905 0.361111 0.058036 0.039683
3 0.498512 0.126323 0.014881 0.030423
3 0.518229 0.130952 0.015625 0.031746
3 0.538318 0.066138 0.012649 0.021164
0 0.723214 0.362434 0.010417 0.039683
0 0.776786 0.363757 0.010417 0.034392
3 0.610119 0.088624 0.014881 0.031746
9 0.463170 0.146164 0.009673 0.022487
3 0.691964 0.086640 0.014881 0.027778
3 0.594494 0.142857 0.014881 0.031746
3 0.581473 0.082672 0.014137 0.030423
3 0.554315 0.108466 0.016369 0.029101
3 0.742188 0.311508 0.058780 0.038360
3 0.692708 0.528439 0.059524 0.059524
3 0.366443 0.787698 0.079613 0.091270
3 0.197545 0.806217 0.076637 0.157407
0 0.736979 0.235450 0.009673 0.029101
0 0.720238 0.232804 0.008929 0.029101
0 0.374256 0.916667 0.010417 0.039683
5 0.127232 0.482143 0.090774 0.075397
3 0.662574 0.052910 0.026042 0.018519
3 0.646205 0.045635 0.027530 0.017196
0 0.638765 0.136243 0.009673 0.026455
1 0.462798 0.136243 0.008929 0.026455
1 0.607143 0.249339 0.005952 0.017196
9 0.606027 0.260582 0.006696 0.021164
9 0.482515 0.068783 0.008185 0.018519
0 0.431548 0.107143 0.005952 0.026455
9 0.140997 0.292989 0.024554 0.027778