3 0.498512 0.498016 0.035714 0.088624
3 0.484003 0.285714 0.024554 0.074074
3 0.080729 0.828704 0.093006 0.078042
3 0.474330 0.076720 0.017113 0.042328
0 0.021949 0.652778 0.020089 0.046296
7 0.860491 0.628968 0.081101 0.078042
5 0.293155 0.636905 0.056548 0.194444
9 0.914807 0.458995 0.033482 0.026455
3 0.325893 0.296296 0.029762 0.071429
0 0.756324 0.492063 0.012649 0.039683
6 0.553571 0.394841 0.020833 0.067460
3 0.527902 0.217593 0.024554 0.046296
0 0.587054 0.422619 0.008929 0.046296
0 0.567336 0.362434 0.009673 0.037037
6 0.298363 0.410053 0.022321 0.058201
3 0.280878 0.341931 0.031994 0.080688
1 0.527902 0.338624 0.009673 0.034392
2 0.528274 0.356481 0.013393 0.030423
1 0.509673 0.166005 0.008929 0.022487
9 0.510417 0.175265 0.010417 0.022487
6 0.783854 0.497354 0.036458 0.074074
0 0.742932 0.447751 0.015625 0.043651
9 0.781994 0.425926 0.022321 0.037037
9 0.805804 0.417989 0.020833 0.042328
1 0.620164 0.521825 0.018601 0.030423
0 0.078125 0.615741 0.019345 0.038360
0 0.165179 0.533069 0.010417 0.039683
5 0.594122 0.353836 0.036458 0.091270