3 0.937500 0.306217 0.026786 0.035714
4 0.851935 0.714286 0.022321 0.023810
4 0.837798 0.681878 0.023810 0.027778
4 0.871280 0.598545 0.017857 0.043651
3 0.881324 0.679233 0.018601 0.043651
3 0.124256 0.601852 0.026786 0.031746
3 0.199033 0.490741 0.026042 0.034392
3 0.012277 0.621032 0.023065 0.046296
3 0.853795 0.179233 0.026042 0.030423
5 0.960938 0.119709 0.030506 0.035714
5 0.712426 0.154762 0.020089 0.039683
4 0.738467 0.232143 0.024554 0.022487
3 0.298363 0.230159 0.019345 0.055556
3 0.259301 0.209656 0.020089 0.048942
4 0.248140 0.157407 0.018601 0.052910
4 0.283482 0.152778 0.017857 0.043651
3 0.330357 0.181878 0.022321 0.051587
8 0.741815 0.300265 0.062500 0.031746
4 0.595982 0.172619 0.025298 0.041005
3 0.019345 0.705688 0.028274 0.035714
4 0.193824 0.593915 0.030506 0.031746
7 0.377232 0.227513 0.010417 0.023810
3 0.097842 0.653439 0.024554 0.034392
7 0.332961 0.658069 0.018601 0.019841
9 0.799479 0.328042 0.011161 0.018519
9 0.319568 0.282407 0.014137 0.038360
9 0.802827 0.208995 0.010417 0.018519
0 0.764137 0.206349 0.013393 0.013228
0 0.763021 0.214286 0.014137 0.013228
9 0.587426 0.683862 0.012649 0.021164
9 0.336310 0.644841 0.010417 0.017196
0 0.459449 0.821429 0.009673 0.018519
9 0.340774 0.238757 0.010417 0.033069
0 0.281250 0.290344 0.008929 0.017196
9 0.873140 0.294312 0.017113 0.017196
4 0.542039 0.359127 0.029018 0.030423
3 0.559896 0.397487 0.024554 0.025132
4 0.299851 0.114418 0.019345 0.051587
3 0.070685 0.705026 0.032738 0.037037
3 0.206101 0.649471 0.029762 0.034392
5 0.243676 0.623677 0.027530 0.027778
5 0.289807 0.600529 0.029018 0.031746
4 0.599702 0.343915 0.029762 0.029101
4 0.593378 0.382937 0.024554 0.022487
3 0.633929 0.381614 0.028274 0.025132
9 0.723586 0.344577 0.012649 0.014550
3 0.648065 0.646164 0.026786 0.038360
4 0.654390 0.681878 0.026042 0.041005
3 0.671503 0.606481 0.026042 0.041005
3 0.683780 0.633598 0.026786 0.044974
4 0.698661 0.563492 0.025298 0.037037
3 0.641369 0.734788 0.025298 0.033069
7 0.742188 0.165344 0.014137 0.031746
3 0.038318 0.217593 0.024554 0.035714
7 0.492560 0.693122 0.022321 0.039683
0 0.089658 0.607143 0.009673 0.013228