3 0.470588 0.213352 0.040966 0.071895
3 0.480830 0.577965 0.082458 0.128852
3 0.513655 0.451914 0.066176 0.126984
3 0.519170 0.133987 0.027836 0.047619
3 0.379202 0.153128 0.044118 0.061625
3 0.417017 0.122782 0.036765 0.056956
3 0.449055 0.106443 0.031513 0.052288
3 0.498424 0.057890 0.026261 0.046685
3 0.500525 0.103175 0.032563 0.045752
3 0.592174 0.256303 0.053046 0.075630
3 0.612920 0.202148 0.042017 0.071895
3 0.625263 0.154062 0.037290 0.052288
3 0.657300 0.255836 0.053046 0.076564
3 0.699317 0.284314 0.086660 0.066293
3 0.698267 0.330999 0.088761 0.070028
3 0.695641 0.385621 0.094013 0.084034
3 0.679359 0.521475 0.076155 0.122316
3 0.712447 0.656863 0.151786 0.191410
3 0.686450 0.835201 0.182773 0.187675
3 0.632616 0.948179 0.194853 0.098039
3 0.767857 0.343604 0.039916 0.089636
0 0.540179 0.780112 0.034139 0.111111
9 0.614496 0.486461 0.027311 0.059757
9 0.621586 0.447712 0.025735 0.043884
0 0.755515 0.423436 0.025735 0.070028
0 0.753939 0.463119 0.025735 0.082166
3 0.048582 0.280112 0.055147 0.065359
3 0.093225 0.270308 0.056197 0.066293
3 0.182773 0.223623 0.058824 0.062558
3 0.208246 0.152661 0.043592 0.055089
3 0.563550 0.063492 0.027311 0.048553
3 0.516019 0.042017 0.021534 0.037348
3 0.530725 0.026611 0.024685 0.038282
3 0.543855 0.015873 0.021534 0.031746
3 0.538078 0.011204 0.021534 0.016807
3 0.560137 0.010271 0.024685 0.020542
9 0.801208 0.587768 0.049895 0.066293
9 0.804359 0.470121 0.027836 0.077498