0 0.277574 0.286181 0.012080 0.060691
0 0.280462 0.302988 0.011555 0.053221
1 0.292279 0.294585 0.016282 0.071895
0 0.405725 0.196545 0.015231 0.066293
0 0.167542 0.291317 0.021008 0.070962
0 0.265494 0.077965 0.012080 0.038282
2 0.375525 0.188609 0.013655 0.042951
9 0.977941 0.199346 0.021008 0.027077
1 0.979779 0.182073 0.012080 0.033613
3 0.765231 0.815126 0.157563 0.214753
4 0.513130 0.632586 0.155462 0.228758
3 0.639968 0.317460 0.108718 0.076564
3 0.867122 0.450980 0.106092 0.134454
3 0.948267 0.260037 0.074055 0.079365
3 0.257090 0.127451 0.050945 0.064426
9 0.729254 0.284781 0.041492 0.059757
1 0.731355 0.263305 0.017332 0.048553
1 0.742647 0.257703 0.017857 0.042951
3 0.766807 0.189542 0.064076 0.061625
3 0.747899 0.154528 0.058824 0.056956
9 0.543855 0.778711 0.073004 0.085901
1 0.546744 0.753968 0.034664 0.105509