0 0.245273 0.064426 0.011555 0.046685
3 0.661502 0.063492 0.065651 0.059757
3 0.069328 0.112512 0.070378 0.053221
6 0.465599 0.211951 0.024685 0.072829
0 0.651261 0.469188 0.015756 0.028945
0 0.644170 0.442110 0.013130 0.034547
0 0.629464 0.176937 0.008929 0.040149
0 0.644695 0.171802 0.008929 0.044818
0 0.622637 0.163399 0.008929 0.037348
0 0.867910 0.622316 0.017332 0.043884
0 0.638655 0.467787 0.014706 0.033613
3 0.566176 0.039216 0.060924 0.059757
0 0.746061 0.087302 0.014181 0.042017
3 0.586397 0.632586 0.040441 0.139122
2 0.633141 0.108777 0.023634 0.032680
3 0.400473 0.402428 0.043592 0.125117
3 0.394433 0.647993 0.045168 0.158730
3 0.467174 0.512605 0.039391 0.145658
0 0.643645 0.975257 0.015231 0.043884
0 0.619748 0.674603 0.015756 0.047619
9 0.676208 0.823063 0.044643 0.038282
2 0.655987 0.758170 0.035714 0.039216
0 0.176208 0.909897 0.021534 0.047619
0 0.179359 0.838469 0.015231 0.048553
0 0.206408 0.748833 0.015756 0.056022
0 0.179097 0.746032 0.016807 0.052288
0 0.081408 0.890289 0.018908 0.053221
0 0.706408 0.786648 0.015756 0.047619
2 0.738445 0.889356 0.040966 0.043884
2 0.717962 0.766573 0.031513 0.050420
2 0.679359 0.607376 0.034139 0.038282
2 0.667279 0.527544 0.032038 0.033613
2 0.045956 0.894958 0.043592 0.034547
2 0.022321 0.969655 0.044643 0.032680
2 0.082195 0.653128 0.035189 0.042017
2 0.058036 0.594304 0.035189 0.043884
2 0.025998 0.532680 0.036239 0.040149
2 0.031775 0.576564 0.034139 0.028945
2 0.332721 0.314192 0.019433 0.043884
6 0.301996 0.196078 0.031513 0.084034
3 0.965074 0.316060 0.066702 0.060691
3 0.827994 0.126517 0.071954 0.055089
2 0.471901 0.092904 0.009979 0.055089
0 0.724265 0.093838 0.009454 0.043884
0 0.916492 0.308590 0.019958 0.049486
2 0.487920 0.099907 0.010504 0.048553
2 0.517069 0.125117 0.013130 0.048553
2 0.556460 0.249300 0.011029 0.044818
0 0.612132 0.278245 0.011029 0.044818
0 0.571691 0.250700 0.008929 0.042017
0 0.602153 0.237162 0.011029 0.044818
2 0.573792 0.118114 0.017332 0.043884
0 0.653624 0.216620 0.011029 0.041083
2 0.549107 0.170868 0.013130 0.041083
2 0.502363 0.057890 0.021534 0.041083
2 0.437763 0.061625 0.015231 0.048553
2 0.436187 0.051354 0.017332 0.044818
2 0.623950 0.095705 0.022059 0.030812
2 0.782563 0.768441 0.033613 0.044818
2 0.782826 0.727358 0.032038 0.041083
2 0.778361 0.691410 0.025210 0.043884
9 0.743172 0.665266 0.038866 0.060691
0 0.726366 0.639589 0.009454 0.044818
0 0.734769 0.619981 0.008403 0.042951
0 0.721639 0.607376 0.016807 0.047619
0 0.728992 0.586835 0.008403 0.043884
0 0.706145 0.598506 0.014181 0.052288
0 0.715336 0.589636 0.009454 0.056956
2 0.847426 0.678338 0.027836 0.034547
2 0.856880 0.665733 0.024685 0.037348
2 0.813813 0.624183 0.024685 0.040149
2 0.819853 0.608777 0.025210 0.029879
2 0.836134 0.614846 0.024160 0.030812
2 0.839023 0.597572 0.034139 0.033613
0 0.893120 0.502334 0.017332 0.044818
2 0.807773 0.552754 0.016807 0.057890
0 0.714286 0.506536 0.009454 0.043884
0 0.707721 0.492530 0.015231 0.043884
2 0.857405 0.411298 0.016282 0.047619
2 0.873687 0.414566 0.016282 0.046685
2 0.892595 0.414099 0.022584 0.049486