3 0.436979 0.483333 0.012500 0.027778
3 0.551823 0.508796 0.028646 0.023148
0 0.528125 0.562963 0.006250 0.025926
6 0.442969 0.502315 0.018229 0.026852
6 0.473958 0.759722 0.019792 0.045370
3 0.472656 0.647685 0.019271 0.045370
8 0.504687 0.476852 0.016667 0.046296
3 0.269010 0.929630 0.056771 0.100000
3 0.316927 0.804630 0.035937 0.064815
6 0.319531 0.755093 0.016146 0.034259
3 0.343229 0.738889 0.032292 0.057407
4 0.564063 0.965278 0.038542 0.067593
3 0.517188 0.696759 0.018750 0.039815
3 0.712240 0.952778 0.050521 0.090741
3 0.486719 0.544444 0.014063 0.024074
0 0.335938 0.732870 0.006250 0.030556
3 0.716667 0.813889 0.055208 0.055556
3 0.374219 0.612500 0.019271 0.036111
7 0.354948 0.971759 0.023438 0.052778
3 0.437500 0.812500 0.033333 0.065741
3 0.697396 0.748148 0.041667 0.051852
2 0.714844 0.766204 0.009896 0.030556
3 0.366406 0.647222 0.042188 0.037037
3 0.023177 0.776389 0.046354 0.045370
6 0.078385 0.769444 0.042188 0.042593
3 0.144010 0.705556 0.050521 0.040741
3 0.235677 0.547222 0.032813 0.022222
3 0.208594 0.569907 0.035937 0.023148
3 0.201563 0.581944 0.034375 0.023148
3 0.217708 0.600000 0.038542 0.029630
4 0.206250 0.615741 0.030208 0.027778
6 0.174219 0.649074 0.028646 0.022222
3 0.601823 0.779167 0.044271 0.052778
3 0.587240 0.709722 0.043229 0.036111
4 0.570573 0.672685 0.035937 0.036111
3 0.583073 0.624537 0.034896 0.032407
3 0.575260 0.601389 0.029687 0.023148
4 0.574740 0.581944 0.031771 0.025000
5 0.658333 0.604167 0.023958 0.050926
5 0.558333 0.575000 0.033333 0.029630
5 0.556771 0.559722 0.032292 0.026852
3 0.620052 0.538889 0.015104 0.025926
3 0.558854 0.546759 0.021875 0.015741
5 0.557552 0.531944 0.033854 0.028704
5 0.568229 0.517593 0.034375 0.022222
3 0.377865 0.854630 0.027604 0.077778
3 0.574219 0.651389 0.036979 0.026852
3 0.526042 0.546296 0.013542 0.022222
4 0.257031 0.519444 0.025521 0.022222
3 0.292708 0.534259 0.017708 0.022222
0 0.595313 0.898148 0.009375 0.035185
0 0.172917 0.700926 0.009375 0.033333
0 0.496875 0.666667 0.006250 0.029630
0 0.633073 0.682407 0.005729 0.025926
5 0.333594 0.525926 0.034896 0.037037
3 0.331250 0.554630 0.032292 0.027778
8 0.352604 0.568056 0.030208 0.060185
3 0.505729 0.390278 0.010417 0.017593
3 0.496354 0.399537 0.010417 0.017593
3 0.464583 0.528241 0.016667 0.032407
3 0.466667 0.474074 0.011458 0.020370
9 0.439844 0.544444 0.008854 0.024074
0 0.534896 0.560185 0.006250 0.025926