0 0.633403 0.732493 0.021008 0.062558
1 0.650473 0.726891 0.021534 0.043884
0 0.636292 0.705415 0.021534 0.071895
0 0.090074 0.146592 0.021534 0.059757
0 0.090861 0.096639 0.021008 0.066293
0 0.012342 0.063959 0.022584 0.060691
0 0.045168 0.154062 0.025210 0.070962
6 0.092174 0.049020 0.043592 0.038282
9 0.053571 0.101307 0.013655 0.060691
6 0.804097 0.688142 0.075630 0.153128
2 0.271796 0.073763 0.021534 0.065359
1 0.272321 0.049020 0.018382 0.055089
0 0.662027 0.140523 0.012080 0.055089
0 0.585609 0.133053 0.014706 0.058824
0 0.604779 0.136788 0.012080 0.053221
0 0.584821 0.118114 0.013130 0.058824
1 0.692227 0.143791 0.011555 0.037348
0 0.717437 0.147526 0.018908 0.056022
9 0.860294 0.871148 0.059874 0.076564
2 0.853466 0.879085 0.060924 0.056956
3 0.216649 0.298786 0.119223 0.087768
3 0.887342 0.428105 0.125525 0.111111
3 0.586922 0.187208 0.090861 0.083100
3 0.454569 0.020542 0.041492 0.041083
3 0.348214 0.410831 0.122899 0.098973
6 0.440651 0.329132 0.045168 0.094304
9 0.772059 0.891223 0.047269 0.083100
1 0.788866 0.901027 0.024160 0.056022
1 0.773109 0.885621 0.028361 0.075630
9 0.310662 0.101307 0.018382 0.049486
1 0.311187 0.086368 0.016282 0.053221
9 0.302258 0.058357 0.021534 0.040149
1 0.302784 0.040616 0.016282 0.034547
9 0.706408 0.760504 0.027311 0.094304
1 0.704832 0.761438 0.023109 0.049486
1 0.706670 0.743697 0.023634 0.051354
2 0.829832 0.278711 0.044118 0.042017
1 0.832458 0.269841 0.022059 0.054155
9 0.882353 0.283847 0.043067 0.048553
1 0.893382 0.274977 0.016807 0.060691
1 0.902311 0.280579 0.014706 0.045752
0 0.665179 0.136788 0.015231 0.060691
1 0.451418 0.305789 0.024685 0.060691