9 0.585609 0.227824 0.017857 0.061625
3 0.572479 0.182540 0.039916 0.081232
6 0.573792 0.086368 0.045693 0.053221
0 0.560924 0.066293 0.014706 0.042951
5 0.512342 0.041550 0.040441 0.083100
0 0.347164 0.021942 0.013655 0.043884
9 0.411502 0.163399 0.032038 0.057890
3 0.355567 0.556956 0.060924 0.154062
3 0.590861 0.385154 0.049370 0.124183
3 0.383929 0.296452 0.050420 0.127918
6 0.400473 0.219421 0.065651 0.048553
3 0.514443 0.247899 0.044643 0.099907
0 0.223214 0.924370 0.027311 0.069094
5 0.702206 0.789449 0.192227 0.169001
0 0.350578 0.066293 0.014181 0.052288
5 0.391282 0.814659 0.167017 0.359477
5 0.905987 0.785714 0.186975 0.146592
1 0.939076 0.536881 0.033613 0.056022
0 0.347952 0.236695 0.017332 0.062558