0 0.187868 0.767320 0.015441 0.060131
0 0.062868 0.611765 0.015441 0.049673
7 0.035294 0.748366 0.070588 0.071895
5 0.318382 0.424183 0.023529 0.043137
9 0.446691 0.426797 0.011029 0.030065
9 0.421324 0.384967 0.008824 0.027451
9 0.423529 0.452941 0.008824 0.030065
6 0.102206 0.667320 0.073529 0.053595
0 0.218750 0.617647 0.013971 0.043137
6 0.344485 0.530065 0.018382 0.037908
3 0.540074 0.575817 0.025735 0.056209
3 0.162500 0.765359 0.057353 0.082353
3 0.919485 0.837255 0.100735 0.074510
3 0.870588 0.743137 0.083824 0.077124
7 0.231985 0.766667 0.050735 0.077124
5 0.825000 0.666013 0.088235 0.061438
3 0.811397 0.637908 0.063971 0.047059
3 0.799632 0.605882 0.072794 0.045752
3 0.669853 0.518954 0.026471 0.041830
3 0.751471 0.569935 0.054412 0.039216
3 0.408088 0.486275 0.020588 0.039216
4 0.277941 0.567974 0.051471 0.053595
3 0.375368 0.484967 0.037500 0.049673
7 0.313603 0.628105 0.040441 0.066667
0 0.191912 0.838562 0.017647 0.064052
3 0.277206 0.499346 0.058824 0.044444
9 0.293750 0.743791 0.016912 0.041830
0 0.723162 0.630065 0.012500 0.041830
1 0.158456 0.683007 0.013971 0.035294
9 0.160662 0.700654 0.036029 0.033987
9 0.278309 0.639869 0.036029 0.053595
3 0.309926 0.451634 0.046324 0.035294
7 0.158456 0.632680 0.046324 0.054902
7 0.171691 0.653595 0.068382 0.070588
3 0.369485 0.464052 0.025735 0.033987
7 0.120956 0.811765 0.065441 0.086275
3 0.677574 0.488235 0.043382 0.045752
3 0.357721 0.400654 0.037500 0.037908
7 0.120221 0.631373 0.044853 0.057516
3 0.561397 0.385621 0.018382 0.028758
6 0.332721 0.554902 0.021324 0.037908
3 0.344118 0.377124 0.035294 0.030065
3 0.342647 0.356863 0.026471 0.026144
9 0.182353 0.683660 0.023529 0.031373
0 0.197426 0.772549 0.016912 0.070588
6 0.377574 0.533987 0.021324 0.037908
3 0.687132 0.417647 0.041912 0.035294
0 0.201838 0.460131 0.012500 0.031373
3 0.664338 0.396732 0.036029 0.032680
6 0.314338 0.394118 0.021324 0.024837
1 0.605147 0.390850 0.008824 0.023529
0 0.814338 0.860784 0.016912 0.061438
3 0.362500 0.844444 0.058824 0.125490
6 0.017279 0.655556 0.034559 0.064052