5 0.604517 0.503735 0.017857 0.040149
3 0.576681 0.652661 0.073529 0.123249
3 0.221901 0.925303 0.044643 0.056022
3 0.690389 0.453782 0.047794 0.042951
3 0.422269 0.749767 0.018908 0.052288
3 0.443277 0.555556 0.015756 0.031746
3 0.821954 0.478058 0.024160 0.028011
3 0.971376 0.446312 0.027836 0.024276
3 0.666229 0.282913 0.014181 0.024276
4 0.542805 0.358543 0.011029 0.016807
3 0.454832 0.313725 0.009454 0.016807
3 0.465074 0.279178 0.009979 0.016807
5 0.439601 0.211018 0.013655 0.028011
3 0.475840 0.286648 0.008403 0.014939
3 0.451943 0.262372 0.008929 0.014939
3 0.495798 0.206816 0.009454 0.014006
3 0.457458 0.238095 0.009454 0.016807
5 0.507616 0.375817 0.011029 0.027077
3 0.465074 0.227358 0.008929 0.015873
3 0.467437 0.262838 0.009454 0.015873
5 0.544905 0.243231 0.013130 0.030812