3 0.951943 0.414099 0.061450 0.058824
3 0.862132 0.657330 0.060399 0.087768
3 0.864758 0.333800 0.059349 0.079365
3 0.916492 0.472923 0.056723 0.081232
3 0.858456 0.529412 0.055147 0.078431
3 0.951418 0.815126 0.058298 0.087768
3 0.919905 0.878618 0.067752 0.070962
3 0.844538 0.938842 0.061975 0.084967
3 0.773109 0.484127 0.030462 0.098039
4 0.741859 0.537348 0.051996 0.096172
3 0.695378 0.561158 0.036765 0.098973
3 0.658351 0.514939 0.050945 0.103641
3 0.600840 0.439776 0.050420 0.097106
3 0.550683 0.292250 0.048845 0.093371
3 0.553834 0.574230 0.042542 0.115780
3 0.488183 0.476190 0.061450 0.056022
3 0.483981 0.419701 0.059349 0.055089
3 0.566176 0.214286 0.045168 0.092437
3 0.509454 0.112045 0.043067 0.089636
5 0.401523 0.045285 0.062500 0.090570
3 0.412815 0.186275 0.049370 0.055089
4 0.527574 0.668067 0.056197 0.071895
3 0.550420 0.850607 0.061975 0.089636
3 0.452206 0.956583 0.066176 0.084967
9 0.631565 0.876284 0.024685 0.043884
0 0.801208 0.501867 0.017332 0.036415
0 0.912553 0.363679 0.015231 0.036415
0 0.626313 0.640990 0.018382 0.027077
0 0.596376 0.334734 0.012080 0.021475
0 0.294380 0.890756 0.016282 0.026144