3 0.040966 0.914566 0.081933 0.129785
3 0.224265 0.625584 0.098739 0.087768
3 0.111607 0.613445 0.096113 0.078431
3 0.529937 0.535481 0.039916 0.088702
3 0.536502 0.473856 0.037290 0.077498
3 0.547532 0.436508 0.032038 0.056956
3 0.554097 0.403361 0.025210 0.048553
3 0.562763 0.367414 0.023634 0.047619
3 0.783876 0.636321 0.108718 0.088702
3 0.769170 0.566293 0.097164 0.083100
6 0.387605 0.636321 0.077731 0.071895
9 0.504989 0.462652 0.016282 0.047619
1 0.506565 0.464052 0.013130 0.041083
3 0.368960 0.568161 0.084559 0.088702
3 0.390494 0.535948 0.079307 0.065359
3 0.393120 0.506069 0.089811 0.056022
3 0.385242 0.481326 0.058298 0.040149
3 0.407826 0.471989 0.081408 0.056956
5 0.424895 0.438842 0.074580 0.052288
3 0.459821 0.430906 0.062500 0.043884
3 0.477153 0.401027 0.062500 0.038282
3 0.495011 0.340336 0.053046 0.027077
3 0.504464 0.320728 0.049895 0.032680
0 0.537027 0.347806 0.008929 0.027077
0 0.541754 0.351541 0.008929 0.027077
0 0.542279 0.319795 0.008929 0.027077
0 0.552258 0.314659 0.008929 0.031746
0 0.151523 0.653128 0.020483 0.073763
2 0.156513 0.674603 0.047269 0.043884
3 0.767595 0.456116 0.061450 0.066293
3 0.763393 0.441176 0.059349 0.056956
3 0.761817 0.426704 0.050945 0.048553
3 0.302784 0.946779 0.154937 0.102708
3 0.733193 0.930906 0.173319 0.117647
3 0.426733 0.708217 0.088761 0.124183
3 0.631565 0.377218 0.023634 0.048553
3 0.485032 0.373950 0.049895 0.032680
1 0.365809 0.604575 0.015231 0.066293
0 0.664653 0.678338 0.015231 0.049486
0 0.678834 0.684874 0.015231 0.066293
0 0.678309 0.648926 0.012080 0.042951
0 0.727679 0.502334 0.009979 0.042951
0 0.631040 0.397292 0.006828 0.043884
6 0.657826 0.653128 0.028887 0.081232