9 0.760242 0.438842 0.032038 0.041083
1 0.763918 0.433240 0.011029 0.056022
9 0.865284 0.486461 0.027836 0.037348
1 0.867910 0.469655 0.011029 0.037348
0 0.718225 0.258637 0.011029 0.044818
3 0.966124 0.447712 0.066702 0.066293
3 0.669118 0.288515 0.036765 0.056022
3 0.653887 0.253035 0.029412 0.042951
0 0.781250 0.410831 0.011029 0.048553
0 0.763918 0.408030 0.011029 0.052288
3 0.597952 0.657796 0.067752 0.146592
3 0.528624 0.515873 0.046744 0.103641
3 0.633929 0.189076 0.024160 0.038282
3 0.596376 0.115313 0.015231 0.027077
3 0.288340 0.239496 0.034664 0.047619
3 0.334821 0.153128 0.021534 0.033613
3 0.361345 0.091503 0.018908 0.033613
3 0.366597 0.078431 0.013655 0.024276
3 0.375000 0.066760 0.013655 0.019608
3 0.398372 0.044818 0.016282 0.028011
3 0.449055 0.293651 0.036765 0.079365
3 0.403624 0.288049 0.030987 0.071895
3 0.395746 0.239963 0.027836 0.046685
3 0.439863 0.464986 0.039391 0.089636
3 0.453782 0.187675 0.021008 0.033613
3 0.456408 0.163866 0.018908 0.028945
3 0.386029 0.392624 0.048319 0.107376
3 0.409401 0.145658 0.021534 0.033613
3 0.518908 0.111111 0.024160 0.039216
3 0.539128 0.252568 0.028887 0.060691
0 0.821691 0.415500 0.015231 0.052288
3 0.643645 0.227358 0.026786 0.038282
1 0.858456 0.464052 0.011029 0.033613
3 0.397321 0.014472 0.012080 0.021475
3 0.449317 0.233894 0.029937 0.053221
3 0.413866 0.206349 0.026261 0.042951
3 0.426733 0.167134 0.021534 0.033613
3 0.491859 0.093838 0.018382 0.032680
3 0.457721 0.139589 0.016282 0.028945
3 0.432248 0.149393 0.018908 0.033613
3 0.509191 0.032680 0.015231 0.024276
2 0.531775 0.082633 0.018382 0.038282
1 0.530462 0.083100 0.015756 0.037348
3 0.488708 0.028945 0.013130 0.022409
0 0.072216 0.341737 0.011029 0.052288
1 0.064338 0.347339 0.011029 0.048553
3 0.573267 0.056489 0.012080 0.021475
2 0.297269 0.423903 0.037815 0.041083
1 0.298057 0.409897 0.013130 0.056022
0 0.122637 0.384220 0.012080 0.047619
9 0.581408 0.438375 0.018908 0.051354
9 0.563813 0.344538 0.017332 0.041083
1 0.578519 0.436975 0.013130 0.050420
1 0.563550 0.341737 0.014706 0.054155