3 0.502101 0.404762 0.043067 0.092437
3 0.120011 0.690009 0.161239 0.125117
3 0.502363 0.930439 0.147584 0.137255
4 0.495536 0.317460 0.037290 0.089636
3 0.946954 0.796452 0.102941 0.132586
3 0.553046 0.102708 0.018908 0.035481
3 0.655200 0.339402 0.042542 0.068161
4 0.705095 0.303455 0.049895 0.069094
4 0.710872 0.257236 0.069853 0.051354
3 0.726628 0.236695 0.063550 0.045752
3 0.687237 0.210551 0.056197 0.042017
1 0.902048 0.702614 0.022584 0.084967
2 0.894695 0.710084 0.049895 0.053221
1 0.773372 0.624183 0.023634 0.071895
2 0.769695 0.640990 0.048845 0.051354
1 0.606355 0.229225 0.012080 0.032680
1 0.610032 0.231559 0.011029 0.039216
9 0.605830 0.237162 0.014181 0.039216
1 0.445378 0.408964 0.010504 0.050420
1 0.449317 0.397759 0.011029 0.041083
2 0.444853 0.434641 0.015756 0.049486
1 0.442489 0.217554 0.008929 0.026144
6 0.444853 0.217554 0.018908 0.054155
1 0.456670 0.382820 0.014181 0.059757
9 0.457195 0.399627 0.012080 0.054155
1 0.589023 0.119514 0.007878 0.026144
2 0.588235 0.129318 0.006303 0.017740
2 0.631828 0.397759 0.017857 0.042951
1 0.632878 0.381886 0.014706 0.054155
3 0.503414 0.200747 0.026786 0.050420
3 0.868435 0.485528 0.112920 0.106443
3 0.510242 0.116246 0.021534 0.040149
3 0.490809 0.086835 0.024685 0.037348
4 0.514968 0.047152 0.015231 0.036415
3 0.476628 0.052288 0.017332 0.026144
0 0.612658 0.133053 0.011029 0.043884
2 0.574842 0.023810 0.013130 0.040149
0 0.633666 0.215219 0.009979 0.042017
0 0.697216 0.101307 0.015231 0.032680
0 0.608981 0.091970 0.008929 0.043884
0 0.455095 0.065826 0.012080 0.038282
0 0.616859 0.161998 0.009979 0.043884
0 0.620011 0.131653 0.012080 0.044818
3 0.405200 0.123716 0.051996 0.040149
3 0.420693 0.076564 0.049370 0.037348
4 0.446954 0.047152 0.023109 0.055089
3 0.671744 0.198880 0.060924 0.048553
3 0.657300 0.173203 0.049895 0.043884
3 0.647321 0.113445 0.047794 0.036415
3 0.639181 0.101774 0.050420 0.033613
3 0.601891 0.014006 0.032563 0.022409
3 0.618697 0.053688 0.033613 0.025210
3 0.632353 0.066293 0.035714 0.031746
9 0.496586 0.039683 0.006828 0.025210
9 0.500263 0.030812 0.007878 0.022409