3 0.125186 0.348214 0.031622 0.032407
1 0.225632 0.653770 0.013765 0.050926
2 0.225260 0.669643 0.013021 0.045635
2 0.248698 0.661706 0.015253 0.048280
1 0.247954 0.646495 0.013765 0.049603
9 0.175781 0.793981 0.024182 0.045635
1 0.175409 0.772156 0.015997 0.046958
3 0.478981 0.468585 0.033854 0.053571
4 0.463728 0.382606 0.024182 0.045635
4 0.503906 0.373347 0.023438 0.045635
3 0.443638 0.278108 0.019717 0.027116
1 0.663132 0.600860 0.012277 0.032407
1 0.662388 0.591601 0.015253 0.042989
2 0.660156 0.604167 0.016741 0.046958
8 0.471912 0.251653 0.028646 0.056217
3 0.439174 0.478175 0.026414 0.063492
8 0.241257 0.819114 0.165551 0.360450
3 0.385603 0.581680 0.043527 0.076058
3 0.469680 0.317130 0.021205 0.033730
4 0.908668 0.715939 0.101562 0.103836
4 0.573103 0.475198 0.037574 0.053571
3 0.899740 0.683532 0.111979 0.073413
4 0.471912 0.698082 0.047991 0.105159
4 0.541853 0.605489 0.037574 0.086640
4 0.712240 0.952050 0.095610 0.094577
3 0.458519 0.958664 0.059896 0.081349
7 0.670573 0.541997 0.028646 0.070767
1 0.674665 0.545966 0.013021 0.039021
2 0.495350 0.253307 0.008557 0.026455
5 0.170573 0.440146 0.058408 0.049603
3 0.071243 0.430225 0.045759 0.040344
3 0.061570 0.395833 0.042783 0.042989
4 0.933222 0.266204 0.018229 0.037698
0 0.928385 0.284722 0.008557 0.032407
3 0.992001 0.363426 0.015253 0.031085
3 0.989025 0.348214 0.021205 0.035053
3 0.392299 0.452050 0.031622 0.057540
3 0.421317 0.386905 0.024182 0.046296
3 0.419829 0.344246 0.019717 0.035053
3 0.375930 0.402447 0.028646 0.053571
4 0.392299 0.342923 0.019717 0.037698
3 0.341332 0.536706 0.036830 0.062831
4 0.419085 0.314484 0.016741 0.036376
3 0.385603 0.295304 0.016741 0.032407
4 0.390439 0.274140 0.015997 0.029762
3 0.381510 0.251653 0.015997 0.029762
4 0.372954 0.215939 0.013765 0.027116
3 0.420201 0.276124 0.014509 0.031085
5 0.412016 0.249008 0.020461 0.032407
3 0.395647 0.243717 0.014509 0.021825
3 0.356957 0.249008 0.015997 0.024471
3 0.362723 0.202381 0.009673 0.015873
3 0.355469 0.188161 0.013021 0.019180
3 0.396763 0.227183 0.015253 0.020503
4 0.397135 0.216601 0.010045 0.020503
5 0.266927 0.228505 0.024926 0.044312
3 0.283668 0.290675 0.029390 0.027116
4 0.335007 0.159061 0.013765 0.021825