2 0.747111 0.442110 0.029937 0.034547
1 0.749737 0.436508 0.015231 0.049486
0 0.606092 0.199813 0.009454 0.029879
0 0.585609 0.080299 0.008403 0.029879
3 0.570903 0.462185 0.039916 0.080299
0 0.702206 0.225023 0.011555 0.041083
3 0.966649 0.455182 0.065651 0.066293
3 0.669380 0.292250 0.036239 0.056022
1 0.521796 0.049953 0.007878 0.025210
3 0.655200 0.257703 0.029937 0.044818
0 0.823792 0.482260 0.015231 0.051354
0 0.797006 0.484594 0.011029 0.048553
4 0.479254 0.630252 0.070903 0.156863
3 0.537290 0.286181 0.031513 0.064426
3 0.506828 0.243697 0.029412 0.052288
3 0.631565 0.191410 0.026786 0.039216
3 0.597689 0.123249 0.019958 0.033613
3 0.288340 0.246499 0.036765 0.048553
3 0.333246 0.148459 0.024685 0.039216
3 0.360294 0.087768 0.018908 0.033613
3 0.368172 0.077965 0.013655 0.028945
3 0.375263 0.066293 0.015231 0.026144
3 0.388918 0.077965 0.013130 0.019608
3 0.396008 0.733427 0.073529 0.206349
3 0.355830 0.532213 0.053046 0.119514
3 0.361345 0.359944 0.044118 0.070028
3 0.587185 0.627918 0.055672 0.111111
3 0.447216 0.257703 0.025735 0.048553
3 0.454307 0.201214 0.023109 0.049486
3 0.430935 0.132586 0.021534 0.037348
3 0.408351 0.149860 0.021534 0.036415
3 0.497374 0.044818 0.012605 0.026144
3 0.504202 0.088702 0.018908 0.033613
0 0.867910 0.500000 0.013130 0.055089
3 0.641544 0.221289 0.027836 0.037348
3 0.397847 0.026611 0.013130 0.023343
3 0.459559 0.368347 0.047269 0.088702
3 0.397584 0.287582 0.028361 0.059757
3 0.416229 0.226891 0.023634 0.048553
3 0.490809 0.026144 0.015231 0.026144
3 0.456145 0.162932 0.019433 0.034547
3 0.426471 0.181139 0.021008 0.037348
3 0.466124 0.071895 0.015231 0.026144
4 0.439076 0.061625 0.014706 0.037348
0 0.041754 0.397759 0.015231 0.056022
9 0.527311 0.181606 0.012605 0.038282
9 0.537027 0.167134 0.011029 0.041083
1 0.526523 0.180205 0.013130 0.044818
3 0.471113 0.027077 0.014706 0.026144
1 0.538078 0.175537 0.013130 0.037348