2 0.055410 0.302521 0.013130 0.033613
2 0.068277 0.313725 0.015756 0.052288
2 0.081145 0.304388 0.014181 0.056022
3 0.116071 0.286181 0.049370 0.086835
3 0.164916 0.231092 0.054622 0.088702
0 0.182511 0.621849 0.012080 0.048553
3 0.696166 0.336601 0.076155 0.068161
0 0.597426 0.185808 0.009979 0.033613
0 0.605567 0.183473 0.008403 0.040149
3 0.024685 0.387021 0.049370 0.064426
0 0.504202 0.179739 0.008403 0.040149
0 0.628939 0.199346 0.015231 0.043884
0 0.692489 0.921102 0.015231 0.043884
0 0.685924 0.897759 0.015756 0.043884
0 0.688288 0.782446 0.011029 0.041083
0 0.704569 0.799253 0.011029 0.044818
0 0.676471 0.771242 0.010504 0.044818
6 0.512342 0.699813 0.037290 0.062558
0 0.495273 0.185808 0.009454 0.037348
0 0.678834 0.921102 0.016282 0.056956
3 0.582195 0.306256 0.068803 0.070962
0 0.938025 0.625117 0.014706 0.038282
2 0.597952 0.367880 0.021534 0.033613
3 0.262868 0.901027 0.087710 0.098973
3 0.455620 0.089636 0.045693 0.085901
3 0.322742 0.604108 0.046744 0.156863
3 0.336397 0.424370 0.039391 0.129785
3 0.508403 0.380952 0.071429 0.082166
3 0.354254 0.271242 0.036239 0.105509
3 0.312763 0.143324 0.038340 0.096172
0 0.919643 0.640056 0.021008 0.043884
2 0.284926 0.326331 0.013130 0.047619
2 0.526786 0.336134 0.014706 0.044818
0 0.632353 0.384687 0.010504 0.044818
0 0.544380 0.319328 0.008929 0.041083
0 0.580620 0.944911 0.013130 0.048553
2 0.483718 0.014939 0.008403 0.029879
2 0.965861 0.647993 0.029412 0.041083
2 0.750263 0.564893 0.032038 0.037348
2 0.838498 0.558357 0.029937 0.041083
2 0.482405 0.213352 0.017332 0.038282
0 0.215861 0.290383 0.013655 0.044818
2 0.537815 0.945845 0.015756 0.063492
0 0.884191 0.974790 0.016282 0.044818
0 0.871061 0.957049 0.016282 0.044818
2 0.946954 0.840336 0.024160 0.061625
2 0.967962 0.840336 0.025210 0.070962
0 0.555410 0.069561 0.012080 0.038282
0 0.565389 0.055556 0.008929 0.027077
0 0.568015 0.046218 0.008929 0.027077
0 0.713498 0.238562 0.012080 0.043884
0 0.586660 0.130719 0.008403 0.035481
0 0.169905 0.120915 0.017332 0.049486