3 0.610119 0.871032 0.055060 0.130952
3 0.585193 0.546958 0.034970 0.072751
3 0.364955 0.669312 0.034970 0.100529
6 0.289062 0.527778 0.026042 0.052910
3 0.315104 0.398810 0.030506 0.054233
3 0.330729 0.520503 0.034970 0.070106
6 0.200893 0.519841 0.019345 0.042328
7 0.287574 0.487434 0.023065 0.051587
3 0.319940 0.352513 0.023810 0.043651
0 0.453125 0.373016 0.007440 0.026455
3 0.479539 0.224206 0.014137 0.027778
3 0.450521 0.193122 0.014137 0.026455
3 0.395461 0.189153 0.014137 0.029101
3 0.456101 0.155423 0.013393 0.022487
3 0.444568 0.140212 0.012649 0.021164
3 0.457589 0.120370 0.010417 0.021164
3 0.331101 0.188492 0.031250 0.019841
3 0.541295 0.900132 0.052827 0.146825
3 0.496652 0.518519 0.027530 0.055556
3 0.477679 0.370370 0.020833 0.044974
3 0.455729 0.227513 0.015625 0.023810
3 0.291295 0.208995 0.030506 0.023810
8 0.510789 0.232804 0.033482 0.087302
4 0.509301 0.360450 0.021577 0.038360
3 0.433408 0.201720 0.023065 0.022487
3 0.461310 0.248016 0.014881 0.027778
7 0.676711 0.832011 0.061756 0.129630