0 0.898897 0.631653 0.021534 0.060691
2 0.947479 0.576097 0.017857 0.063492
1 0.949317 0.563959 0.017332 0.056022
2 0.964548 0.541083 0.029937 0.036415
4 0.206670 0.582166 0.116071 0.122316
3 0.082195 0.427171 0.109769 0.071895
0 0.387605 0.514939 0.015756 0.058824
6 0.216124 0.392157 0.033088 0.050420
9 0.340074 0.432306 0.020483 0.046685
9 0.351891 0.447246 0.019958 0.048553
9 0.368172 0.444911 0.013655 0.055089
3 0.407826 0.442577 0.047794 0.095238
3 0.481092 0.421102 0.053571 0.084034
9 0.699317 0.309991 0.014181 0.041083
1 0.699317 0.296452 0.011029 0.042017
3 0.731092 0.795051 0.137605 0.154062
4 0.788866 0.331933 0.038866 0.084967
9 0.725053 0.232960 0.020483 0.028945
3 0.823267 0.100373 0.025735 0.049486
3 0.861870 0.081699 0.019958 0.038282
0 0.813550 0.053221 0.006303 0.026144
3 0.883666 0.291317 0.033088 0.063492
9 0.975578 0.528945 0.017332 0.053221
0 0.928571 0.635854 0.022059 0.067227
2 0.985819 0.570962 0.026261 0.036415
3 0.013393 0.376284 0.026786 0.072829
3 0.040441 0.507470 0.080882 0.092437
2 0.990021 0.693744 0.018908 0.067227
1 0.794643 0.436041 0.012605 0.050420
3 0.806723 0.265640 0.031513 0.068161
3 0.916754 0.011204 0.019433 0.022409
3 0.823529 0.215219 0.027311 0.056956
1 0.933561 0.221755 0.013130 0.034547
9 0.929359 0.240430 0.018382 0.019608
9 0.740809 0.211485 0.018382 0.021475
3 0.906250 0.035014 0.017332 0.036415
5 0.869748 0.455649 0.052521 0.110177
9 0.793067 0.444911 0.015756 0.049486
4 0.960084 0.324463 0.039916 0.070028
3 0.821691 0.162932 0.024685 0.049486
3 0.799107 0.140523 0.027836 0.049486