3 0.481092 0.209150 0.013655 0.024276
2 0.676208 0.602708 0.015231 0.060691
1 0.678046 0.591970 0.014706 0.054155
9 0.644695 0.524276 0.012080 0.038282
1 0.645746 0.508403 0.012080 0.032680
1 0.614758 0.429972 0.008929 0.043884
4 0.792017 0.723623 0.043067 0.115780
3 0.738183 0.650794 0.060399 0.087768
9 0.575368 0.342670 0.008929 0.020542
3 0.103204 0.595705 0.073004 0.095238
3 0.569065 0.686275 0.055147 0.104575
3 0.547532 0.538749 0.041492 0.078431
4 0.694065 0.542484 0.043592 0.087768
3 0.511817 0.351541 0.026786 0.043884
3 0.116334 0.546685 0.096113 0.066293
3 0.169380 0.499066 0.051996 0.071895
3 0.666229 0.427638 0.067752 0.046685
3 0.723477 0.492997 0.065651 0.061625
6 0.457458 0.652194 0.030462 0.066293
3 0.513918 0.447712 0.032038 0.062558
1 0.452731 0.626984 0.018908 0.040149
9 0.094275 0.412698 0.023634 0.029879
7 0.160189 0.973856 0.093487 0.048553
0 0.694328 0.432306 0.012605 0.050420
1 0.797006 0.489262 0.015231 0.031746
1 0.805410 0.516807 0.017332 0.038282
0 0.729517 0.432773 0.012605 0.045752
3 0.198267 0.395425 0.061450 0.045752
3 0.379989 0.322129 0.023634 0.039216
3 0.400210 0.270308 0.017857 0.030812
3 0.294118 0.332400 0.029412 0.037348
6 0.248950 0.360411 0.034664 0.031746
3 0.516019 0.279178 0.018382 0.033613
3 0.627363 0.391690 0.033088 0.047619
3 0.611607 0.357610 0.024685 0.037348
3 0.608456 0.324930 0.030987 0.031746
3 0.576418 0.279645 0.019433 0.032680
3 0.422532 0.226424 0.021534 0.025210
3 0.455095 0.222222 0.014181 0.020542
3 0.513130 0.232960 0.015756 0.025210
3 0.162290 0.359477 0.044118 0.044818
3 0.430672 0.204482 0.012605 0.016807