9 0.510417 0.290344 0.011905 0.041005
3 0.481399 0.383598 0.028274 0.066138
3 0.467634 0.263889 0.024554 0.056878
3 0.654762 0.015212 0.031250 0.022487
3 0.364211 0.056878 0.017113 0.039683
3 0.468378 0.808201 0.039435 0.140212
3 0.494792 0.497354 0.032738 0.079365
3 0.440848 0.441799 0.033482 0.076720
3 0.307664 0.608466 0.039435 0.105820
3 0.515253 0.662698 0.042411 0.116402
3 0.446429 0.622354 0.037202 0.104497
3 0.412946 0.285714 0.028274 0.052910
3 0.340774 0.194444 0.035714 0.039683
3 0.478795 0.105159 0.023065 0.041005
0 0.246280 0.541667 0.019345 0.046296
1 0.034226 0.549603 0.017857 0.033069
1 0.026786 0.566799 0.019345 0.025132
1 0.520089 0.199074 0.007440 0.022487
9 0.520089 0.206349 0.008929 0.034392
3 0.046875 0.144180 0.037202 0.031746
1 0.290179 0.191799 0.005952 0.018519
9 0.290923 0.200397 0.005952 0.025132
4 0.682292 0.080688 0.017857 0.029101
3 0.602679 0.054894 0.026786 0.030423
3 0.659226 0.042989 0.032738 0.025132
3 0.308036 0.077381 0.020833 0.033069
3 0.709077 0.032407 0.020833 0.027778
5 0.338170 0.024471 0.015625 0.027778
3 0.337426 0.083333 0.017113 0.042328