0 0.741071 0.652194 0.014706 0.056956
0 0.768120 0.637722 0.015231 0.059757
1 0.764968 0.591970 0.023634 0.046685
1 0.760242 0.577031 0.021534 0.052288
1 0.755515 0.566293 0.025735 0.049486
9 0.324842 0.519141 0.015231 0.048553
0 0.305410 0.716620 0.019433 0.083100
0 0.491071 0.538282 0.012605 0.064426
0 0.512342 0.531746 0.015231 0.066293
1 0.532826 0.527077 0.015231 0.060691
0 0.561975 0.535948 0.015756 0.057890
0 0.542279 0.752568 0.023634 0.091503
0 0.552521 0.671335 0.021008 0.074697
0 0.495798 0.637722 0.012605 0.070962
0 0.550945 0.596639 0.016807 0.065359
0 0.569065 0.605509 0.016282 0.075630
0 0.512868 0.595705 0.016282 0.067227
0 0.501576 0.590103 0.015756 0.059757
0 0.095588 0.830532 0.024160 0.096172
0 0.089023 0.593371 0.025735 0.075630
0 0.030725 0.660131 0.032038 0.078431
9 0.918855 0.934641 0.044643 0.069094
9 0.830620 0.690476 0.041492 0.045752
2 0.877626 0.713352 0.047269 0.054155
9 0.929097 0.786181 0.031513 0.076564
1 0.883403 0.771709 0.027311 0.064426
0 0.905725 0.794585 0.040441 0.056022
0 0.263655 0.771242 0.027311 0.085901
0 0.512080 0.806723 0.023109 0.085901
0 0.486345 0.659197 0.014706 0.080299