9 0.585084 0.019141 0.012605 0.027077
3 0.644433 0.037815 0.049370 0.045752
0 0.735032 0.097572 0.012080 0.045752
1 0.639706 0.167600 0.014706 0.064426
1 0.748162 0.318861 0.013130 0.060691
1 0.759979 0.323529 0.016807 0.049486
3 0.301208 0.451447 0.123424 0.139122
0 0.261817 0.741830 0.020483 0.073763
0 0.266282 0.708683 0.024160 0.095238
3 0.246061 0.591503 0.030987 0.086835
9 0.308561 0.576097 0.034139 0.102708
3 0.614496 0.366013 0.061975 0.115780
0 0.804884 0.741363 0.025735 0.102708
0 0.925945 0.861811 0.033613 0.097106
0 0.950368 0.936975 0.035189 0.105509
0 0.954569 0.899160 0.034139 0.100840
4 0.574055 0.210084 0.042017 0.082166
3 0.434611 0.915033 0.087710 0.164332
4 0.382353 0.272176 0.054622 0.129785
3 0.560662 0.127918 0.037290 0.063492
3 0.479517 0.577965 0.066176 0.190476
3 0.560924 0.057890 0.030462 0.052288
9 0.475315 0.413632 0.017857 0.067227
1 0.475578 0.393091 0.017332 0.072829
1 0.637342 0.167134 0.017332 0.050420
3 0.500788 0.323996 0.047794 0.104575
6 0.416492 0.122316 0.023109 0.054155
0 0.379202 0.164332 0.014706 0.054155
3 0.500525 0.196545 0.040966 0.081232
3 0.503414 0.109711 0.033088 0.066293
2 0.595063 0.064893 0.012605 0.042017
6 0.719013 0.390756 0.031513 0.081232
1 0.595588 0.051354 0.012605 0.031746
1 0.717437 0.369281 0.016807 0.045752
0 0.731092 0.386555 0.022059 0.072829
9 0.781250 0.429038 0.041492 0.049486
0 0.774947 0.330065 0.015231 0.064426
0 0.805147 0.360878 0.016807 0.077498
9 0.757090 0.338936 0.038340 0.041083
0 0.779674 0.307190 0.015231 0.063492
9 0.748424 0.361811 0.038866 0.045752
0 0.676996 0.123249 0.012605 0.050420
0 0.685137 0.120915 0.009979 0.055089
0 0.616597 0.052754 0.012605 0.040149
3 0.688025 0.074230 0.067227 0.058824
0 0.628151 0.065826 0.012605 0.040149
0 0.749737 0.216620 0.017332 0.059757
0 0.633666 0.055556 0.012080 0.036415