0 0.040704 0.924370 0.033088 0.089636
0 0.012868 0.929505 0.025735 0.088702
9 0.210609 0.813725 0.035714 0.081232
9 0.249737 0.661531 0.023634 0.071895
9 0.766282 0.911298 0.043067 0.042951
9 0.571429 0.714286 0.024160 0.084034
3 0.494748 0.585434 0.047269 0.110177
3 0.495798 0.424837 0.040966 0.084034
9 0.039653 0.776844 0.045693 0.044818
3 0.372899 0.927171 0.080882 0.143791
9 0.290179 0.633987 0.025735 0.061625
1 0.292017 0.604575 0.021008 0.055089
9 0.253151 0.505602 0.036765 0.043884
9 0.267595 0.443044 0.035189 0.040149
3 0.423582 0.445845 0.046744 0.122316
3 0.368697 0.375817 0.046218 0.109244
3 0.418330 0.218487 0.057248 0.059757
3 0.221376 0.314659 0.086660 0.074697
3 0.627363 0.586835 0.059349 0.133520
9 0.587185 0.447712 0.013655 0.055089
1 0.586660 0.431373 0.013655 0.046685
2 0.358718 0.286648 0.024160 0.031746
1 0.358718 0.273109 0.012605 0.047619
9 0.590861 0.377218 0.014706 0.052288
1 0.592962 0.345472 0.016807 0.054155
0 0.137605 0.295985 0.015756 0.052288
0 0.191964 0.258170 0.013130 0.045752
1 0.239496 0.291783 0.014706 0.028945
1 0.221639 0.254435 0.016807 0.053221
1 0.252626 0.275910 0.012605 0.055089
1 0.248424 0.258170 0.014706 0.055089
3 0.162553 0.207283 0.073004 0.050420
0 0.332721 0.273576 0.012080 0.048553
6 0.345588 0.229225 0.042017 0.038282
1 0.351366 0.220822 0.014706 0.032680
9 0.370273 0.219421 0.026261 0.033613
1 0.366071 0.211018 0.012605 0.039216
9 0.594800 0.196078 0.022584 0.028011
1 0.597426 0.186741 0.013130 0.039216
3 0.504202 0.138189 0.024160 0.041083
2 0.403887 0.124650 0.021008 0.032680
1 0.404149 0.113912 0.014181 0.039216
2 0.645746 0.228758 0.025735 0.029879
1 0.647584 0.230159 0.011555 0.042017
3 0.158351 0.144258 0.046744 0.042017
0 0.193015 0.151261 0.009979 0.041083
0 0.200630 0.151261 0.009454 0.033613
0 0.208771 0.151727 0.008929 0.038282
3 0.452994 0.115780 0.022584 0.044818
3 0.422006 0.088702 0.024685 0.039216
4 0.429097 0.035948 0.027311 0.071895
3 0.537027 0.067227 0.018382 0.035481
3 0.530200 0.032680 0.021534 0.041083
0 0.570116 0.695145 0.019433 0.049486
9 0.511292 0.058357 0.008929 0.027077
0 0.271796 0.101774 0.008929 0.039216
9 0.324842 0.113445 0.020483 0.032680
0 0.249212 0.095705 0.020483 0.036415
9 0.634716 0.139589 0.022584 0.034547
9 0.613708 0.133053 0.020483 0.034547
0 0.608456 0.125584 0.013130 0.045752