3 0.037815 0.053221 0.075630 0.072829
9 0.198529 0.024276 0.010504 0.042951
9 0.213235 0.032213 0.009454 0.043884
9 0.228204 0.029412 0.009979 0.047619
3 0.262080 0.031746 0.045168 0.063492
3 0.319590 0.019141 0.053046 0.038282
4 0.906513 0.232960 0.098739 0.092437
0 0.977416 0.647059 0.022059 0.052288
0 0.991597 0.643324 0.011555 0.052288
0 0.868435 0.060224 0.015231 0.043884
0 0.686450 0.021942 0.009454 0.043884
0 0.839023 0.133987 0.015231 0.047619
3 0.467174 0.803922 0.064601 0.227824
3 0.622899 0.851074 0.082983 0.210084
0 0.228466 0.947712 0.023109 0.052288
0 0.099527 0.030345 0.011029 0.049486
3 0.729517 0.378151 0.100840 0.125117
0 0.852153 0.123249 0.013130 0.044818
0 0.976891 0.130252 0.015756 0.043884
0 0.981355 0.168067 0.018382 0.044818
0 0.984244 0.155462 0.015756 0.042017
1 0.397847 0.845472 0.027836 0.047619
2 0.400473 0.867880 0.045693 0.051354
0 0.832721 0.880019 0.023634 0.056956
1 0.842700 0.846405 0.022584 0.043884
0 0.872637 0.822129 0.022584 0.047619
1 0.895746 0.786648 0.024685 0.058824
0 0.857405 0.744164 0.026786 0.057890
0 0.940389 0.851074 0.028887 0.053221
0 0.673057 0.024276 0.006828 0.039216
0 0.674107 0.015406 0.006828 0.030812
9 0.424370 0.067694 0.018908 0.030812
1 0.423319 0.050420 0.008403 0.044818
0 0.820378 0.859477 0.021008 0.053221
3 0.767332 0.162932 0.086134 0.096172
0 0.236345 0.587768 0.015756 0.058824
9 0.249737 0.365546 0.033088 0.038282
1 0.241334 0.351541 0.011029 0.040149
9 0.798057 0.274043 0.035189 0.038282
1 0.803309 0.270308 0.016282 0.051354
9 0.674107 0.153595 0.022584 0.042017
1 0.679359 0.151261 0.018382 0.048553
6 0.123687 0.316993 0.039391 0.040149
1 0.128414 0.310458 0.013130 0.045752
2 0.700368 0.140056 0.021534 0.052288
9 0.836922 0.567227 0.038340 0.043884
1 0.841124 0.550420 0.021534 0.047619
9 0.719800 0.033147 0.027836 0.036415
0 0.723477 0.023810 0.008929 0.036415
2 0.771008 0.091036 0.030462 0.025210
3 0.034926 0.231559 0.069853 0.089636