3 0.137091 0.319775 0.031622 0.032407
1 0.259301 0.535384 0.011161 0.036376
2 0.260603 0.554563 0.013765 0.032407
2 0.279390 0.549603 0.011905 0.033069
1 0.277902 0.538029 0.012649 0.045635
9 0.256696 0.609127 0.020089 0.038360
1 0.256138 0.588624 0.014509 0.042328
3 0.478237 0.501653 0.030878 0.061508
4 0.467634 0.397156 0.030506 0.056217
4 0.511533 0.386574 0.026786 0.052249
3 0.452381 0.281085 0.019345 0.029101
1 0.663876 0.579696 0.012277 0.032407
1 0.661644 0.572421 0.015253 0.042989
2 0.661086 0.580357 0.017113 0.046958
8 0.482887 0.250661 0.035714 0.064815
3 0.232329 0.927579 0.080729 0.143519
3 0.436942 0.422288 0.025670 0.049603
8 0.327939 0.539683 0.088914 0.198413
3 0.402158 0.442130 0.030506 0.054894
3 0.489397 0.334325 0.024926 0.039021
4 0.863281 0.633598 0.084449 0.088624
3 0.976562 0.716270 0.044643 0.078042
4 0.592820 0.467923 0.045015 0.050926
3 0.865513 0.621032 0.093378 0.079365
4 0.470796 0.706019 0.041295 0.103836
4 0.545201 0.662698 0.042783 0.099206
4 0.612537 0.943122 0.073289 0.104497
6 0.618862 0.455688 0.028646 0.060847
1 0.625930 0.454696 0.013021 0.039021
2 0.492374 0.234458 0.008557 0.025794
5 0.166295 0.396825 0.064732 0.056878
3 0.057478 0.376653 0.039807 0.040344
3 0.042783 0.348545 0.042411 0.042328
4 0.915365 0.245040 0.018229 0.037698
0 0.919085 0.270833 0.008557 0.032407
4 0.986049 0.352844 0.027158 0.039021
3 0.974144 0.331680 0.024182 0.031085
3 0.963728 0.319114 0.021205 0.035053
3 0.409226 0.365079 0.025298 0.047619
3 0.421875 0.324405 0.019345 0.042989
3 0.416667 0.289683 0.017113 0.031746
4 0.384859 0.333003 0.021205 0.035053
4 0.391555 0.286045 0.017485 0.032407
3 0.368862 0.401786 0.030134 0.049603
4 0.413504 0.266534 0.016741 0.029101
3 0.385045 0.250992 0.017113 0.025794
4 0.384115 0.231481 0.014509 0.030423
3 0.376302 0.218585 0.013021 0.024471
4 0.368862 0.190807 0.011533 0.027116
3 0.415365 0.240079 0.014509 0.025132
5 0.406436 0.216270 0.021205 0.030423
3 0.393415 0.209987 0.014509 0.021825
3 0.350632 0.199735 0.015253 0.025132
3 0.345424 0.159061 0.013021 0.019180
3 0.391927 0.198082 0.015253 0.020503
4 0.394903 0.189484 0.010045 0.020503
5 0.267299 0.203373 0.024926 0.044312