3 0.498140 0.495370 0.034970 0.083333
3 0.553199 0.361772 0.030506 0.056878
3 0.540551 0.134259 0.014137 0.035714
3 0.163690 0.890212 0.084821 0.164021
3 0.231399 0.712963 0.072917 0.124339
3 0.321801 0.546958 0.049851 0.085979
3 0.327753 0.464947 0.043899 0.078042
3 0.698661 0.848545 0.058036 0.125661
3 0.709821 0.695106 0.101190 0.091270
3 0.446429 0.311508 0.022321 0.046296
3 0.644717 0.554233 0.034970 0.087302
3 0.708333 0.601852 0.049107 0.103175
3 0.698661 0.351190 0.020833 0.041005
3 0.950893 0.837963 0.095238 0.154762
3 0.567708 0.180556 0.016369 0.035714
3 0.529762 0.409392 0.031250 0.059524
3 0.554688 0.240741 0.023065 0.039683
3 0.350818 0.404101 0.034970 0.067460
3 0.606399 0.291005 0.023810 0.039683
3 0.380580 0.316138 0.027530 0.060847