3 0.430208 0.519444 0.012500 0.027778
3 0.555208 0.551389 0.030208 0.025000
0 0.536458 0.604630 0.006250 0.025926
6 0.437760 0.555093 0.018229 0.026852
6 0.475260 0.673611 0.015104 0.037963
3 0.483854 0.576852 0.017708 0.031481
8 0.503385 0.478704 0.014063 0.044444
3 0.277604 0.932870 0.048958 0.089815
6 0.283073 0.874074 0.021354 0.048148
3 0.314583 0.845833 0.033333 0.073148
3 0.511979 0.685185 0.018750 0.038889
3 0.489583 0.470833 0.009375 0.019444
3 0.485677 0.512963 0.011979 0.018519
3 0.760677 0.957407 0.067187 0.072222
3 0.355729 0.683333 0.021875 0.046296
3 0.730729 0.862500 0.047917 0.067593
2 0.753646 0.887037 0.009375 0.040741
3 0.316406 0.723148 0.047396 0.038889
3 0.077083 0.806481 0.064583 0.050000
3 0.203906 0.599074 0.036979 0.024074
3 0.170052 0.625463 0.040104 0.021296
3 0.161979 0.640741 0.039583 0.025926
3 0.178646 0.663889 0.045833 0.035185
4 0.163021 0.683333 0.035417 0.031481
6 0.122396 0.728704 0.033333 0.025926
3 0.619010 0.905093 0.053646 0.069444
3 0.599479 0.812037 0.052083 0.040741
4 0.585677 0.756019 0.055729 0.045370
3 0.591146 0.696759 0.041667 0.041667
3 0.582552 0.667130 0.034896 0.028704
4 0.581510 0.643519 0.035937 0.031481
5 0.677083 0.670833 0.028125 0.060185
5 0.563021 0.631944 0.041667 0.034259
5 0.559635 0.614815 0.038021 0.029630
3 0.630469 0.587500 0.017188 0.030556
3 0.563542 0.598148 0.029167 0.022222
5 0.560417 0.581481 0.038542 0.027778
5 0.572396 0.564352 0.040625 0.028704
3 0.583073 0.731481 0.042188 0.033333
3 0.290104 0.647685 0.043750 0.028704
3 0.526563 0.595833 0.014583 0.025000
4 0.231250 0.565278 0.028125 0.025000
3 0.268750 0.582870 0.020833 0.023148
0 0.084896 0.784722 0.008333 0.030556
0 0.488281 0.751852 0.007812 0.035185
0 0.662760 0.801389 0.007812 0.036111
5 0.316406 0.574074 0.040104 0.040741
3 0.313281 0.603241 0.036979 0.032407
8 0.335938 0.622222 0.036458 0.061111
3 0.383594 0.607870 0.020313 0.032407
4 0.393750 0.569444 0.015625 0.027778
3 0.422135 0.546759 0.028646 0.026852
3 0.441406 0.652778 0.024479 0.046296
3 0.456250 0.563426 0.016667 0.032407
9 0.401823 0.673611 0.009896 0.030556
9 0.395052 0.597222 0.010937 0.022222
0 0.538021 0.614815 0.006250 0.025926