3 0.035977 0.332866 0.067752 0.079365
9 0.202468 0.325397 0.008929 0.047619
9 0.217700 0.326331 0.011029 0.043884
9 0.231355 0.323529 0.009979 0.042017
3 0.264706 0.320261 0.044118 0.067227
3 0.329569 0.300654 0.051996 0.069094
3 0.612658 0.080299 0.020483 0.050420
4 0.956145 0.482260 0.085609 0.079365
0 0.945116 0.506536 0.015231 0.055089
0 0.008403 0.346405 0.016807 0.067227
0 0.931460 0.505135 0.013130 0.056022
9 0.681985 0.195612 0.011029 0.036415
0 0.571691 0.097572 0.007878 0.040149
0 0.636292 0.044351 0.007878 0.032680
3 0.809086 0.433707 0.099265 0.096172
3 0.456408 0.624650 0.088235 0.141923
0 0.287027 0.793651 0.021534 0.093371
0 0.279412 0.861811 0.021008 0.085901
9 0.308036 0.631653 0.035189 0.042017
1 0.301733 0.610177 0.012080 0.056956
9 0.686712 0.474790 0.041492 0.045752
1 0.693015 0.469188 0.016282 0.055089
9 0.649947 0.426237 0.032038 0.040149
1 0.656775 0.415033 0.016282 0.055089
7 0.833246 0.539216 0.074055 0.055089
1 0.827994 0.521475 0.024685 0.049486
6 0.174632 0.570962 0.044643 0.045752
1 0.175158 0.558824 0.013130 0.045752
2 0.620536 0.389356 0.029937 0.052288
9 0.671744 0.971989 0.057773 0.052288
1 0.679884 0.952848 0.026786 0.075630
9 0.715074 0.355275 0.027836 0.032680
0 0.717174 0.341270 0.013130 0.045752
2 0.805410 0.374883 0.033088 0.030812
1 0.680410 0.193744 0.009979 0.049486
3 0.687763 0.094771 0.022584 0.045752
3 0.658351 0.080766 0.021534 0.040149
3 0.665704 0.031279 0.022584 0.036415
3 0.705095 0.196545 0.025735 0.068161
3 0.046481 0.482260 0.091912 0.090570