4 0.436450 0.756769 0.040966 0.079365
8 0.632090 0.645191 0.038340 0.076564
5 0.918592 0.712885 0.139706 0.142857
3 0.595326 0.603641 0.015231 0.021475
3 0.804097 0.714286 0.042017 0.041083
3 0.534664 0.705882 0.026261 0.042951
5 0.332721 0.659197 0.075105 0.123249
5 0.374212 0.633520 0.055147 0.077498
4 0.537815 0.828198 0.047269 0.091503
5 0.657826 0.589636 0.048845 0.047619
3 0.473214 0.663399 0.015756 0.032680
3 0.542279 0.628852 0.015231 0.027077
3 0.527836 0.665733 0.017857 0.031746
3 0.706145 0.758637 0.042542 0.070028
3 0.532826 0.634454 0.015231 0.027077
5 0.484506 0.610644 0.037290 0.067227
3 0.461397 0.702614 0.025735 0.045752
3 0.469013 0.675537 0.016807 0.032680
5 0.394695 0.669001 0.051996 0.101774
5 0.439338 0.614379 0.041492 0.072829
3 0.534139 0.687208 0.021008 0.037348
5 0.480042 0.631653 0.034664 0.075630
3 0.532563 0.680672 0.021008 0.033613
3 0.892595 0.773109 0.058298 0.056022
3 0.980042 0.844071 0.036765 0.061625
3 0.838761 0.733427 0.050420 0.043884
3 0.610557 0.615780 0.015231 0.021475