4 0.537027 0.265173 0.071954 0.054155
3 0.424632 0.369281 0.051996 0.084967
3 0.462710 0.323063 0.039916 0.061625
3 0.532300 0.250233 0.056197 0.037348
3 0.224527 0.561625 0.151786 0.098039
3 0.303046 0.113445 0.018908 0.028945
4 0.548057 0.229225 0.048845 0.045752
3 0.564863 0.218954 0.043592 0.032680
3 0.261555 0.429972 0.111345 0.077498
3 0.282563 0.380486 0.093487 0.060691
3 0.288866 0.359010 0.093487 0.051354
3 0.316439 0.327731 0.083508 0.056022
3 0.331145 0.311391 0.070903 0.043884
3 0.352679 0.290383 0.059349 0.054155
3 0.367384 0.276377 0.065651 0.050420
3 0.382878 0.259104 0.059874 0.055089
3 0.398634 0.256769 0.043067 0.033613
3 0.434611 0.232026 0.053046 0.038282
0 0.800158 0.312325 0.012080 0.055089
0 0.767595 0.470121 0.020483 0.077498
0 0.743172 0.489262 0.018908 0.076564
0 0.738708 0.464519 0.015231 0.077498
0 0.683298 0.652194 0.028361 0.099907
0 0.469800 0.619514 0.021534 0.090570
3 0.351103 0.084034 0.014181 0.020542
3 0.047794 0.290850 0.061975 0.060691
3 0.107668 0.250233 0.053571 0.065359
3 0.127101 0.181139 0.027311 0.044818
3 0.090599 0.190476 0.038340 0.042951
3 0.341124 0.091970 0.015231 0.021475
9 0.326681 0.112512 0.008403 0.028945
3 0.240021 0.182073 0.032563 0.041083
0 0.088498 0.437442 0.018382 0.083100
0 0.062763 0.443978 0.024685 0.083100
0 0.056460 0.434174 0.018382 0.072829
3 0.127101 0.647526 0.175420 0.183940
0 0.674107 0.221755 0.013130 0.040149
0 0.678309 0.274977 0.014181 0.045752
0 0.691964 0.210551 0.008929 0.036415
0 0.706933 0.218954 0.006303 0.036415
0 0.707721 0.218021 0.007878 0.042017
0 0.731092 0.216620 0.007353 0.041083
0 0.742647 0.219421 0.011555 0.039216
0 0.644958 0.227824 0.011555 0.033613
0 0.690389 0.221289 0.009979 0.033613
0 0.444853 0.296452 0.013655 0.043884
3 0.212710 0.172269 0.025210 0.034547
0 0.856092 0.357610 0.010504 0.046685
9 0.152836 0.206816 0.014706 0.040149
3 0.847952 0.928571 0.145483 0.137255
3 0.680672 0.864146 0.118697 0.264239
3 0.535977 0.843604 0.160189 0.262372
3 0.409926 0.780579 0.092962 0.216620
3 0.267332 0.799253 0.141807 0.233427
5 0.991071 0.621382 0.015756 0.142857
0 0.957721 0.615780 0.019433 0.092437
0 0.573004 0.792717 0.017857 0.087768
0 0.488183 0.789449 0.024685 0.116713
3 0.139443 0.750233 0.169643 0.213819
3 0.774685 0.624183 0.156513 0.112979
3 0.605305 0.592437 0.139181 0.101774
9 0.325893 0.572829 0.018382 0.075630
3 0.589023 0.533147 0.141282 0.084034
3 0.910977 0.475257 0.112920 0.078431
3 0.680147 0.475257 0.110294 0.084034
3 0.528624 0.491597 0.108718 0.092437
3 0.500525 0.458917 0.109244 0.071895
3 0.491859 0.414566 0.105567 0.070962
3 0.176996 0.243231 0.047269 0.055089
0 0.745798 0.437442 0.017857 0.071895
3 0.623950 0.445378 0.106092 0.087768
3 0.872637 0.431373 0.116071 0.072829
3 0.605042 0.416900 0.096639 0.060691
3 0.831670 0.400093 0.111870 0.066293
3 0.803309 0.369748 0.081408 0.056022
3 0.783876 0.348273 0.083508 0.054155
3 0.582721 0.381419 0.087710 0.066293
3 0.553571 0.338469 0.081933 0.055089
3 0.568540 0.358543 0.077206 0.048553
3 0.547006 0.307656 0.068803 0.043884
3 0.534401 0.288982 0.068803 0.040149