3 0.499256 0.482143 0.029762 0.072751
3 0.481771 0.763228 0.043899 0.132275
3 0.561012 0.409392 0.025298 0.054233
3 0.879836 0.604497 0.084077 0.063492
3 0.968750 0.619048 0.059524 0.055556
3 0.410342 0.443122 0.029018 0.066138
3 0.470238 0.361111 0.026786 0.058201
3 0.495536 0.250661 0.020833 0.038360
0 0.794643 0.722222 0.017857 0.055556
0 0.889137 0.699074 0.020833 0.056878
3 0.600074 0.216270 0.020089 0.038360
3 0.529762 0.117725 0.013393 0.023810
3 0.509673 0.116402 0.013393 0.023810
9 0.368676 0.410714 0.011161 0.030423
3 0.691964 0.204365 0.020833 0.033069
3 0.569196 0.200397 0.016369 0.033069
3 0.578869 0.122354 0.014881 0.030423
0 0.771577 0.433201 0.014881 0.043651
3 0.551339 0.148148 0.016369 0.029101
3 0.623140 0.453042 0.055804 0.059524
0 0.795387 0.438492 0.010417 0.041005
0 0.776042 0.436508 0.010417 0.034392
3 0.654762 0.162698 0.031250 0.018519
3 0.637277 0.151455 0.029018 0.019841
0 0.637649 0.272487 0.010417 0.029101
3 0.645833 0.079365 0.008929 0.018519
3 0.544271 0.070106 0.011161 0.023810
3 0.527902 0.068783 0.012649 0.018519
3 0.534598 0.044312 0.012649 0.017196
1 0.371280 0.394180 0.008929 0.026455
1 0.611607 0.372354 0.005952 0.017196
9 0.611235 0.388889 0.006696 0.021164
9 0.441220 0.205026 0.007440 0.021164
0 0.374256 0.245370 0.008929 0.025132