9 0.591912 0.333333 0.019958 0.069094
3 0.576155 0.275910 0.043067 0.096172
6 0.581933 0.161531 0.052521 0.070962
0 0.566702 0.146125 0.014706 0.056956
0 0.549107 0.070495 0.012080 0.051354
0 0.446429 0.073763 0.013655 0.052288
5 0.508141 0.052754 0.044643 0.103641
5 0.629464 0.064893 0.125525 0.090570
0 0.331145 0.100840 0.015231 0.059757
0 0.422532 0.027544 0.014181 0.055089
9 0.401261 0.264239 0.030462 0.061625
9 0.279412 0.888422 0.027311 0.101774
3 0.329044 0.744164 0.069853 0.197946
3 0.599002 0.525210 0.058298 0.144725
3 0.370536 0.418768 0.056197 0.152194
6 0.390231 0.320728 0.073529 0.058824
3 0.514181 0.264239 0.046218 0.098973
0 0.332458 0.151727 0.014706 0.055089