3 0.654044 0.427451 0.019853 0.031373
3 0.637868 0.389542 0.018382 0.028758
3 0.342647 0.392810 0.023529 0.037908
3 0.383088 0.371895 0.032353 0.027451
3 0.390441 0.366013 0.029412 0.028758
0 0.636765 0.413725 0.010294 0.030065
3 0.462868 0.439216 0.022794 0.039216
3 0.505515 0.433333 0.018382 0.037908
4 0.512500 0.367320 0.013235 0.031373
3 0.443750 0.355556 0.015441 0.031373
3 0.026103 0.861438 0.052206 0.083660
3 0.066544 0.701307 0.056618 0.077124
4 0.300000 0.645752 0.052941 0.086275
4 0.328309 0.581699 0.036029 0.073203
5 0.765809 0.717647 0.046324 0.112418
3 0.956618 0.927451 0.085294 0.090196
3 0.938603 0.846405 0.105147 0.074510
3 0.774265 0.630065 0.064706 0.054902
3 0.791544 0.658824 0.059559 0.054902
3 0.690809 0.530065 0.041912 0.050980
3 0.670588 0.509150 0.039706 0.035294
3 0.686765 0.488235 0.047059 0.040523
3 0.677206 0.457516 0.039706 0.031373
3 0.747794 0.547059 0.058824 0.045752
5 0.830515 0.687582 0.084559 0.094118
3 0.376103 0.481046 0.024265 0.044444
3 0.391912 0.443137 0.027941 0.047059
3 0.311397 0.403922 0.040441 0.031373
7 0.362500 0.513725 0.025000 0.044444
3 0.658824 0.447059 0.020588 0.033987
0 0.641544 0.496732 0.009559 0.036601
0 0.643750 0.507190 0.011029 0.039216
0 0.653309 0.507843 0.011029 0.043137
0 0.650000 0.498039 0.008824 0.036601
9 0.419485 0.476471 0.009559 0.022222
2 0.613603 0.411111 0.008088 0.024837
0 0.636397 0.428105 0.008088 0.024837
9 0.631985 0.518301 0.011029 0.035294