3 0.954613 0.918651 0.090030 0.078042
3 0.920573 0.813492 0.099330 0.078042
3 0.867932 0.736772 0.098214 0.066138
3 0.840216 0.696759 0.085938 0.061508
3 0.814360 0.641534 0.066964 0.060847
3 0.757812 0.460979 0.037202 0.039683
3 0.731399 0.436177 0.033482 0.037698
3 0.291481 0.685516 0.043527 0.085317
3 0.390253 0.519841 0.027530 0.048942
3 0.399182 0.476852 0.024554 0.043651
3 0.307664 0.528108 0.033482 0.052249
4 0.353051 0.516534 0.027530 0.060847
3 0.264509 0.489418 0.030506 0.043651
3 0.298735 0.445106 0.028274 0.039683
3 0.327939 0.434193 0.025670 0.035053
3 0.372954 0.457011 0.025670 0.039683
3 0.409970 0.450066 0.020833 0.035053
3 0.353237 0.384259 0.018973 0.034392
4 0.369606 0.393849 0.018229 0.037698
3 0.387649 0.412037 0.021577 0.042328
3 0.414621 0.420304 0.024926 0.035053
3 0.373140 0.345569 0.018601 0.029762
3 0.388207 0.363095 0.018229 0.029101
3 0.408110 0.366402 0.016369 0.027778
3 0.228423 0.423611 0.027530 0.040344
5 0.276042 0.401455 0.036458 0.080688
0 0.964286 0.657077 0.011905 0.050926
0 0.838170 0.534392 0.010417 0.034392
0 0.847098 0.535384 0.007440 0.040344
3 0.507254 0.352844 0.013765 0.021825
3 0.507440 0.871032 0.048363 0.117725
3 0.412016 0.843254 0.045759 0.107143
3 0.429129 0.651124 0.034598 0.064153
3 0.533110 0.615410 0.030506 0.057540
3 0.487537 0.526455 0.026414 0.044974
3 0.448661 0.527778 0.027530 0.048942
3 0.505580 0.446759 0.021577 0.035053
3 0.461868 0.394511 0.019717 0.033730
3 0.476562 0.464286 0.021577 0.043651
3 0.470052 0.325066 0.010789 0.021825
3 0.464100 0.353175 0.014509 0.033069
3 0.510603 0.384259 0.016741 0.029101
3 0.486979 0.384590 0.018601 0.029762
3 0.471354 0.297619 0.012649 0.022487
3 0.488095 0.338294 0.016369 0.025794
3 0.528274 0.506944 0.027530 0.045635
3 0.529948 0.406746 0.018229 0.027778
3 0.675595 0.865079 0.060268 0.116402
3 0.563616 0.521495 0.027530 0.048280
3 0.319382 0.786376 0.052455 0.103175
3 0.344494 0.695106 0.049851 0.097884
3 0.066220 0.802910 0.081845 0.111111
3 0.370350 0.611772 0.037574 0.066138
3 0.375000 0.560516 0.031250 0.052249
3 0.213356 0.905423 0.064360 0.109788
3 0.228423 0.700728 0.055060 0.090608
3 0.184896 0.619709 0.049107 0.070106