3 0.585347 0.320261 0.083508 0.076564
9 0.343750 0.545752 0.034139 0.098039
9 0.029412 0.709150 0.043067 0.060691
0 0.124737 0.495331 0.009979 0.062558
9 0.008666 0.506536 0.013130 0.049486
0 0.380515 0.583100 0.014181 0.075630
0 0.108981 0.473856 0.007878 0.056956
0 0.143120 0.470121 0.009979 0.030812
0 0.049107 0.380486 0.013130 0.051354
0 0.060137 0.376751 0.016282 0.058824
9 0.315914 0.425303 0.027836 0.032680
0 0.318015 0.410364 0.011029 0.047619
0 0.241859 0.429972 0.012080 0.045752
9 0.248162 0.397292 0.012080 0.040149
1 0.293855 0.412232 0.008929 0.036415
0 0.414128 0.545752 0.012080 0.045752
4 0.576418 0.672736 0.102416 0.183940
3 0.647847 0.800654 0.109769 0.210084
3 0.862658 0.108777 0.034139 0.049486
0 0.367910 0.405229 0.012080 0.046685
0 0.315389 0.368347 0.012080 0.049486
2 0.325630 0.430439 0.035714 0.074697
9 0.404149 0.438842 0.024685 0.069094
0 0.465861 0.317927 0.018908 0.060691
0 0.228204 0.943511 0.027836 0.070028
9 0.449580 0.483193 0.034664 0.066293
0 0.312237 0.514006 0.016282 0.071895
0 0.293855 0.513072 0.012080 0.068161
3 0.734769 0.246965 0.063025 0.077498
0 0.389968 0.563492 0.014181 0.070028
0 0.295956 0.498133 0.011029 0.070028
3 0.777574 0.208683 0.047794 0.064426
0 0.318015 0.490663 0.015231 0.066293
3 0.817752 0.450514 0.076681 0.114846
0 0.228992 0.696545 0.023109 0.050420
3 0.689338 0.499066 0.086660 0.118581
3 0.762342 0.386088 0.066702 0.088702
0 0.118435 0.461718 0.008929 0.047619
3 0.889443 0.332866 0.054097 0.077498
0 0.110557 0.498133 0.011029 0.060691
3 0.441964 0.589636 0.097164 0.159664
0 0.570641 0.393091 0.024685 0.074697
9 0.257090 0.408497 0.013130 0.043884
0 0.117384 0.481326 0.007878 0.040149
9 0.233456 0.949113 0.055147 0.068161
3 0.557511 0.470121 0.086660 0.111111
9 0.470326 0.447712 0.046744 0.055089
3 0.828519 0.292717 0.064601 0.109244
9 0.451943 0.387955 0.027836 0.060691
9 0.551996 0.370215 0.038866 0.055089
3 0.696691 0.309991 0.060399 0.078431
3 0.878414 0.229225 0.044643 0.068161
3 0.916229 0.171335 0.045693 0.053221
2 0.293067 0.589169 0.036765 0.069094