3 0.039653 0.703548 0.079307 0.107376
3 0.039653 0.500467 0.079307 0.072829
3 0.039128 0.290850 0.041492 0.058824
3 0.045168 0.436508 0.090336 0.077498
3 0.243960 0.282913 0.075105 0.059757
3 0.335609 0.250700 0.066176 0.058824
3 0.383403 0.392157 0.042017 0.091503
4 0.364758 0.173203 0.056197 0.051354
3 0.391544 0.093838 0.039391 0.032680
4 0.400210 0.077031 0.034664 0.040149
3 0.885767 0.441176 0.092962 0.068161
7 0.877626 0.300654 0.053571 0.061625
0 0.878676 0.318394 0.011555 0.042951
7 0.763393 0.292717 0.054097 0.058824
4 0.550420 0.294585 0.051471 0.070028
9 0.733193 0.426237 0.027311 0.036415
1 0.735557 0.407563 0.018382 0.047619
3 0.649947 0.241830 0.058298 0.054155
3 0.634191 0.212885 0.056197 0.050420
4 0.392857 0.791317 0.069328 0.223156
3 0.558298 0.170868 0.027311 0.046685
3 0.516019 0.149860 0.022584 0.040149
3 0.540704 0.131186 0.026786 0.040149
3 0.476103 0.112979 0.020483 0.046685
3 0.479254 0.077965 0.018382 0.032680
7 0.431985 0.082166 0.024685 0.042951
9 0.555410 0.100840 0.007878 0.028011
9 0.371061 0.317927 0.013130 0.036415
0 0.372111 0.298319 0.014181 0.032680
9 0.433561 0.241363 0.009979 0.032680
9 0.408876 0.315126 0.009979 0.032680
2 0.225840 0.349673 0.029412 0.028945
1 0.225578 0.336601 0.012080 0.036415
9 0.330357 0.340336 0.011555 0.043884
1 0.330095 0.333800 0.014181 0.051354
9 0.316964 0.422035 0.026786 0.041083
0 0.311712 0.406629 0.016282 0.062558
9 0.265494 0.516807 0.033088 0.040149
1 0.257616 0.500000 0.016282 0.051354
9 0.248162 0.542017 0.039391 0.040149
9 0.381565 0.030345 0.018382 0.017740
3 0.414916 0.031279 0.037815 0.028945
9 0.808036 0.398693 0.041492 0.031746
1 0.810662 0.383287 0.022584 0.040149
1 0.410452 0.300187 0.009979 0.032680
3 0.622899 0.176004 0.050420 0.047619
9 0.745011 0.401027 0.035189 0.032680
1 0.747111 0.387488 0.014181 0.046685
1 0.242122 0.530812 0.013655 0.058824
4 0.473739 0.044351 0.017857 0.036415
1 0.431723 0.231092 0.010504 0.036415
3 0.436187 0.048086 0.018382 0.040149
9 0.941702 0.394491 0.036765 0.036415
1 0.947742 0.382353 0.024685 0.040149
2 0.815389 0.594304 0.039391 0.040149
1 0.824580 0.575163 0.022059 0.057890
0 0.350578 0.052754 0.008929 0.027077
9 0.454044 0.051821 0.008929 0.023343
4 0.435137 0.035481 0.018382 0.041083
0 0.374737 0.053688 0.009979 0.036415
9 0.462973 0.035014 0.008929 0.019608