2 0.007616 0.338469 0.011029 0.049486
9 0.617910 0.166667 0.020483 0.019608
2 0.750263 0.282446 0.009979 0.027077
9 0.672532 0.248833 0.032038 0.038282
0 0.683036 0.135854 0.008929 0.040149
0 0.689863 0.133987 0.006828 0.036415
8 0.812763 0.380019 0.167542 0.125117
3 0.669118 0.613912 0.077731 0.124183
3 0.308824 0.513539 0.112395 0.078431
3 0.476891 0.519141 0.091387 0.069094
3 0.624737 0.514006 0.094013 0.083100
3 0.396796 0.391690 0.071954 0.088702
3 0.419380 0.325397 0.049895 0.068161
3 0.502101 0.404295 0.086134 0.063492
3 0.161765 0.509804 0.107143 0.084034
1 0.664128 0.773109 0.020483 0.054155
0 0.766544 0.780579 0.020483 0.069094
0 0.801733 0.783847 0.024685 0.073763
0 0.785452 0.759104 0.017332 0.063492
1 0.596639 0.611111 0.023109 0.055089
9 0.765756 0.723156 0.027311 0.056956
1 0.545956 0.577965 0.015231 0.054155
2 0.546744 0.579365 0.040966 0.040149
1 0.556985 0.577965 0.015231 0.050420
9 0.248162 0.303922 0.027836 0.034547
1 0.308824 0.396359 0.017857 0.055089
1 0.334034 0.354809 0.012605 0.050420
2 0.307773 0.403361 0.035714 0.041083
9 0.326418 0.372082 0.036239 0.036415
1 0.710084 0.339402 0.012605 0.040149
9 0.706145 0.351541 0.026786 0.032680
0 0.544643 0.218954 0.012605 0.045752
0 0.467700 0.025677 0.006828 0.034547
9 0.359506 0.192810 0.022584 0.030812
0 0.851366 0.260037 0.006303 0.034547
0 0.849002 0.255369 0.011029 0.038282
0 0.283351 0.223623 0.006828 0.042017
0 0.348477 0.172736 0.011029 0.042951
2 0.014443 0.339402 0.018382 0.043884
3 0.178571 0.841270 0.109244 0.194211
3 0.486607 0.203081 0.023634 0.066293
3 0.938813 0.814659 0.120273 0.170868
3 0.588498 0.197479 0.030987 0.055089
3 0.439601 0.062092 0.023109 0.040149
3 0.646271 0.138655 0.050945 0.043884
3 0.582195 0.014472 0.042542 0.028945
4 0.447742 0.021942 0.020483 0.036415
6 0.668592 0.796452 0.038866 0.112045
0 0.926471 0.676471 0.023109 0.064426
9 0.683561 0.289916 0.008929 0.036415
2 0.752889 0.300654 0.015231 0.031746
9 0.791229 0.293184 0.009979 0.041083
9 0.808298 0.290850 0.012605 0.036415
9 0.863445 0.306256 0.009454 0.035481
9 0.896796 0.281513 0.015231 0.036415
2 0.911239 0.309057 0.012605 0.037348
9 0.960872 0.312792 0.023634 0.050420
0 0.336922 0.856676 0.020483 0.073763
0 0.357931 0.853408 0.025735 0.074697
1 0.487920 0.266106 0.013655 0.031746
6 0.486870 0.277311 0.021008 0.052288
1 0.404149 0.293651 0.015231 0.045752
9 0.405462 0.312792 0.023109 0.041083
1 0.158351 0.640523 0.023634 0.054155
9 0.159664 0.655462 0.032563 0.050420
4 0.451681 0.579365 0.089286 0.096172
1 0.766544 0.718487 0.026786 0.049486
9 0.337973 0.248833 0.026786 0.034547
9 0.390494 0.180672 0.025735 0.030812
9 0.390494 0.158263 0.024685 0.028945
0 0.124212 0.330999 0.013130 0.045752
0 0.600578 0.268441 0.013130 0.045752
0 0.474527 0.033147 0.007878 0.038282
2 0.599002 0.627918 0.041492 0.045752
0 0.331670 0.284314 0.013130 0.049486
0 0.307511 0.288982 0.013130 0.043884
9 0.253414 0.319795 0.027836 0.030812
9 0.088498 0.340336 0.017332 0.042017
1 0.330095 0.359010 0.015231 0.045752
1 0.487658 0.274977 0.015231 0.030812
3 0.525998 0.141923 0.028887 0.052288
9 0.626050 0.575163 0.038866 0.041083
1 0.627626 0.563959 0.019958 0.054155
0 0.797006 0.776844 0.017332 0.054155
5 0.433036 0.444444 0.109769 0.093371
3 0.966387 0.600373 0.065126 0.097106
1 0.718225 0.341270 0.009979 0.036415