9 0.974527 0.445378 0.028887 0.035481
1 0.975578 0.430439 0.011029 0.037348
3 0.842700 0.302054 0.037290 0.056956
3 0.829307 0.265173 0.029412 0.042951
0 0.945116 0.401494 0.011029 0.048553
0 0.930410 0.393091 0.011029 0.052288
3 0.684349 0.962652 0.073529 0.072829
3 0.805147 0.201214 0.024160 0.038282
3 0.771796 0.123716 0.015231 0.027077
3 0.455095 0.223623 0.034139 0.047619
3 0.502101 0.140056 0.023109 0.033613
3 0.532826 0.084500 0.018382 0.034547
3 0.539128 0.072362 0.013130 0.025210
3 0.546218 0.063025 0.013655 0.021475
3 0.611607 0.244631 0.032038 0.069094
3 0.570378 0.250233 0.023109 0.052288
3 0.565389 0.217554 0.026786 0.042951
3 0.608456 0.317460 0.030987 0.061625
3 0.618435 0.180672 0.019433 0.028945
3 0.619748 0.161064 0.018908 0.028945
3 0.558824 0.298786 0.034664 0.076564
3 0.573792 0.140056 0.021534 0.033613
3 0.751313 0.383287 0.067752 0.070028
0 0.977679 0.393557 0.015231 0.055089
3 0.814338 0.234827 0.026786 0.038282
1 0.967174 0.432306 0.011029 0.033613
3 0.566964 0.015406 0.012080 0.021475
3 0.615809 0.204949 0.021534 0.034547
3 0.580882 0.189076 0.026261 0.043884
3 0.593225 0.161531 0.021534 0.033613
3 0.634454 0.372082 0.053571 0.066293
3 0.622637 0.138655 0.016282 0.028945
3 0.661765 0.061158 0.019958 0.038282
3 0.626838 0.065359 0.018382 0.033613
3 0.687237 0.173669 0.026786 0.054155
8 0.428046 0.397292 0.220588 0.161531
3 0.708771 0.242297 0.028887 0.055089
3 0.687500 0.107843 0.023109 0.038282
2 0.697479 0.273109 0.024160 0.036415
1 0.698267 0.264706 0.018382 0.047619
3 0.488445 0.959384 0.101891 0.077498
2 0.552258 0.413632 0.058298 0.070962
1 0.542805 0.406629 0.019433 0.066293
3 0.589548 0.709150 0.112920 0.133520
3 0.705357 0.474790 0.092437 0.075630
3 0.660714 0.295985 0.033613 0.061625
3 0.921481 0.506536 0.103466 0.077498
9 0.929359 0.438842 0.023634 0.033613
1 0.930410 0.422035 0.008929 0.037348
3 0.747637 0.055556 0.012080 0.021475
0 0.132616 0.335668 0.008929 0.049486
0 0.452468 0.351541 0.013130 0.049486