3 0.134454 0.823529 0.153361 0.168067
3 0.382616 0.868347 0.086660 0.259570
3 0.500000 0.743697 0.072479 0.202614
3 0.405462 0.636788 0.064076 0.197946
3 0.504989 0.541083 0.056197 0.146592
3 0.423057 0.441643 0.055147 0.121382
3 0.507353 0.397292 0.043067 0.090570
3 0.449055 0.340336 0.037815 0.077498
4 0.499737 0.305789 0.036239 0.094304
3 0.636292 0.739496 0.074055 0.173669
3 0.664391 0.340803 0.043067 0.067227
4 0.710872 0.297386 0.044643 0.071895
4 0.718750 0.251167 0.069853 0.050420
3 0.729517 0.233427 0.064076 0.050420
3 0.696691 0.205882 0.064601 0.043884
3 0.553046 0.076564 0.022059 0.033613
1 0.914128 0.691877 0.022584 0.095238
2 0.903099 0.705882 0.049895 0.054155
1 0.941176 0.632120 0.022059 0.084034
2 0.937500 0.639589 0.050420 0.052288
1 0.757616 0.626050 0.022584 0.077498
1 0.761817 0.630719 0.021534 0.062558
9 0.756040 0.635387 0.030987 0.081232
1 0.451943 0.241830 0.007878 0.037348
1 0.456408 0.234827 0.006303 0.028945
2 0.452206 0.257236 0.010504 0.038282
1 0.466387 0.154062 0.008403 0.026144
6 0.467174 0.146125 0.014181 0.042017
1 0.490284 0.153595 0.007878 0.027077
9 0.490546 0.169468 0.007353 0.027077
1 0.633403 0.321195 0.015756 0.046685
2 0.631828 0.338936 0.015756 0.046685
1 0.517857 0.041550 0.015756 0.028945
3 0.946691 0.510271 0.104517 0.154062
3 0.478204 0.050420 0.017332 0.028011
9 0.577206 0.074697 0.015756 0.035481
0 0.621586 0.164799 0.011029 0.043884
2 0.588498 0.076097 0.013130 0.040149
0 0.638918 0.153595 0.009979 0.042017
0 0.077994 0.302054 0.025735 0.073763
0 0.702468 0.096639 0.015231 0.032680
0 0.598214 0.117180 0.008403 0.043884
0 0.604779 0.118114 0.007878 0.045752
0 0.464286 0.061158 0.011555 0.038282
0 0.618960 0.136788 0.009979 0.043884
0 0.628414 0.163866 0.012080 0.053221
3 0.407826 0.120915 0.051996 0.040149
3 0.424895 0.075163 0.049370 0.036415
4 0.450630 0.045285 0.022059 0.053221
3 0.674895 0.193277 0.060924 0.048553
3 0.660714 0.165733 0.049370 0.045752
3 0.652311 0.109244 0.048319 0.037348
3 0.640756 0.098039 0.050420 0.033613
3 0.603466 0.014006 0.032563 0.022409
3 0.619223 0.048086 0.033613 0.027077
3 0.633929 0.062558 0.035714 0.031746