3 0.636555 0.022876 0.049370 0.045752
0 0.707721 0.133053 0.012080 0.045752
0 0.756828 0.147993 0.017857 0.055089
9 0.452994 0.170401 0.012080 0.043884
1 0.453519 0.154995 0.015231 0.044818
9 0.433298 0.177871 0.014706 0.042017
1 0.433298 0.161531 0.012605 0.037348
3 0.572742 0.302988 0.048845 0.086835
9 0.644958 0.296452 0.019958 0.056956
1 0.645221 0.281979 0.018382 0.048553
3 0.650210 0.605042 0.082983 0.177404
1 0.992122 0.544818 0.013655 0.060691
3 0.211660 0.432773 0.130252 0.131653
0 0.287553 0.656396 0.020483 0.072829
0 0.293855 0.627918 0.020483 0.088702
3 0.254202 0.524276 0.025210 0.086835
9 0.311975 0.514006 0.030462 0.092437
0 0.102153 0.581232 0.033088 0.083100
0 0.106880 0.568627 0.028887 0.087768
3 0.567489 0.123249 0.040441 0.063492
0 0.710872 0.455182 0.020483 0.081232
0 0.888130 0.763305 0.031513 0.092437
0 0.910452 0.826797 0.035189 0.099907
0 0.912553 0.793184 0.036239 0.092437
4 0.551471 0.063492 0.031513 0.059757
4 0.379464 0.238095 0.049895 0.125117
3 0.548582 0.024743 0.030987 0.043884
1 0.579832 0.014006 0.012605 0.028011
3 0.500788 0.794585 0.086660 0.248366
6 0.414128 0.101774 0.022584 0.050420
0 0.394433 0.150327 0.016807 0.054155
3 0.465074 0.512605 0.063550 0.166200
3 0.475840 0.325397 0.048319 0.111111
6 0.704832 0.340336 0.028361 0.077498
3 0.500788 0.112045 0.034139 0.063492
1 0.717962 0.328198 0.017857 0.045752
0 0.727941 0.335668 0.017857 0.070028
9 0.762868 0.385621 0.043592 0.054155
0 0.742384 0.255369 0.015231 0.055089
0 0.918592 0.451447 0.017857 0.083100
0 0.799107 0.385621 0.017332 0.069094
9 0.729779 0.321195 0.038340 0.048553
0 0.718750 0.178805 0.012080 0.055089
0 0.731355 0.175070 0.009979 0.055089
3 0.678834 0.057423 0.067752 0.058824
0 0.654149 0.093371 0.012080 0.048553
0 0.766544 0.287582 0.017332 0.067227
0 0.654937 0.083100 0.012605 0.048553