2 0.100053 0.228291 0.011029 0.036415
2 0.112920 0.231092 0.010504 0.036415
2 0.126313 0.228291 0.012080 0.038282
3 0.154149 0.210551 0.042542 0.066293
3 0.196691 0.171335 0.046744 0.062558
0 0.232405 0.313259 0.012080 0.047619
3 0.665704 0.255369 0.069853 0.062558
3 0.055410 0.292717 0.071954 0.053221
0 0.497374 0.127918 0.008403 0.041083
0 0.606092 0.140990 0.014706 0.033613
6 0.466649 0.258637 0.023634 0.067227
0 0.660977 0.700747 0.016282 0.028945
0 0.652574 0.665733 0.014181 0.037348
0 0.644695 0.427638 0.011029 0.041083
0 0.657300 0.429038 0.011029 0.043884
0 0.634716 0.418301 0.008929 0.037348
0 0.895221 0.866947 0.017332 0.043884
6 0.542017 0.956116 0.021008 0.076564
0 0.488708 0.131653 0.008929 0.037348
0 0.646796 0.694211 0.014181 0.043884
3 0.567227 0.229692 0.067227 0.069094
0 0.780200 0.316060 0.014181 0.040149
3 0.594013 0.889823 0.043067 0.145658
2 0.620536 0.306723 0.023634 0.032680
3 0.338498 0.475257 0.074055 0.110177
3 0.377626 0.700747 0.053571 0.139122
3 0.426733 0.413165 0.039391 0.114846
0 0.629464 0.938842 0.015231 0.047619
2 0.691964 0.866480 0.034139 0.037348
2 0.675945 0.780112 0.031513 0.040149
2 0.044905 0.937908 0.037290 0.047619
2 0.020483 0.858543 0.037815 0.042017
2 0.311187 0.611111 0.018382 0.043884
6 0.258666 0.538282 0.036239 0.096172
3 0.356355 0.271242 0.036239 0.094304
3 0.371061 0.129318 0.029937 0.075630
3 0.976366 0.535481 0.046218 0.066293
3 0.712710 0.327731 0.071429 0.059757
2 0.462447 0.151727 0.009979 0.055089
0 0.763393 0.313259 0.009979 0.043884
2 0.112658 0.605509 0.026786 0.045752
0 0.244223 0.123716 0.009454 0.042017
2 0.480305 0.172269 0.011029 0.045752
2 0.496061 0.236228 0.013130 0.048553
2 0.549632 0.388422 0.011029 0.044818
0 0.608456 0.427638 0.011029 0.044818
0 0.561712 0.394958 0.008929 0.041083
0 0.595851 0.504202 0.011029 0.044818
2 0.507616 0.204482 0.017332 0.044818
0 0.674107 0.508870 0.011029 0.041083
2 0.508666 0.282913 0.015231 0.041083
2 0.550683 0.300654 0.021534 0.041083
2 0.438025 0.256769 0.014706 0.044818
2 0.439863 0.234360 0.017332 0.044818
2 0.610557 0.286648 0.021534 0.033613
0 0.397321 0.175070 0.008929 0.043884
2 0.804622 0.964986 0.031513 0.043884
9 0.766019 0.941176 0.042542 0.070962
0 0.711922 0.961718 0.014181 0.042951
0 0.717174 0.931373 0.015231 0.043884
0 0.738183 0.867880 0.017332 0.045752
0 0.745798 0.845005 0.010504 0.042951
0 0.722164 0.856209 0.014706 0.056022
0 0.730305 0.838936 0.008929 0.056956
2 0.877889 0.942577 0.033088 0.038282
2 0.886555 0.926237 0.031513 0.039216
2 0.837973 0.869748 0.026786 0.042017
2 0.844275 0.856676 0.032038 0.028945
2 0.860557 0.857610 0.024685 0.028945
2 0.863445 0.826797 0.033613 0.036415
0 0.891282 0.742297 0.023109 0.042951
2 0.828519 0.788982 0.017332 0.069094
0 0.756040 0.745098 0.015231 0.046685
0 0.750525 0.730159 0.015756 0.046685
2 0.879202 0.637722 0.024160 0.056022
2 0.898109 0.633520 0.016807 0.058824
2 0.913866 0.637255 0.023109 0.045752
0 0.608456 0.114379 0.012080 0.038282
0 0.616597 0.100373 0.008403 0.027077
0 0.618697 0.093371 0.006303 0.026144
0 0.583246 0.065826 0.012080 0.032680