3 0.025210 0.393557 0.049370 0.079365
3 0.610032 0.104108 0.025735 0.045752
1 0.670693 0.729225 0.024160 0.059757
0 0.021534 0.793651 0.032563 0.078431
9 0.275735 0.319328 0.030462 0.044818
0 0.333508 0.306723 0.012605 0.045752
9 0.390494 0.203081 0.020483 0.032680
2 0.056460 0.338469 0.020483 0.053221
0 0.699317 0.187675 0.015231 0.044818
0 0.702994 0.188142 0.015231 0.043884
0 0.384716 0.161064 0.011029 0.042017
0 0.383141 0.134921 0.006828 0.030812
1 0.533876 0.020075 0.013130 0.034547
1 0.526523 0.019141 0.011029 0.036415
3 0.203782 0.850140 0.110294 0.204482
3 0.392332 0.800654 0.093487 0.155929
3 0.518645 0.322129 0.030987 0.080299
5 0.949055 0.862278 0.099790 0.176471
3 0.860294 0.497199 0.091387 0.073763
3 0.905725 0.442577 0.088761 0.063492
3 0.961397 0.374416 0.075105 0.061625
3 0.618960 0.215219 0.030987 0.055089
3 0.521008 0.187675 0.028361 0.059757
3 0.209296 0.417834 0.088761 0.077498
3 0.435137 0.364613 0.067752 0.092437
3 0.473477 0.076564 0.022584 0.041083
3 0.084296 0.526144 0.096113 0.084967
3 0.610557 0.164332 0.036239 0.059757
3 0.680147 0.160598 0.059874 0.041083
3 0.618435 0.028945 0.045693 0.035481
3 0.483718 0.031746 0.023109 0.041083
0 0.813813 0.611111 0.020483 0.064426
6 0.671218 0.748833 0.034664 0.093371
0 0.803309 0.472456 0.024685 0.059757
1 0.549895 0.651727 0.015756 0.044818
9 0.548057 0.671802 0.023634 0.053221
0 0.794380 0.846872 0.025735 0.059757
0 0.806985 0.862745 0.025735 0.065359
0 0.789128 0.887021 0.020483 0.069094
1 0.620798 0.694678 0.016807 0.054155
9 0.620536 0.697479 0.018382 0.056022
9 0.715336 0.313725 0.012605 0.041083
9 0.751313 0.330532 0.015231 0.041083
9 0.786502 0.325397 0.015231 0.040149
9 0.824317 0.317460 0.009979 0.041083
9 0.844013 0.311858 0.014706 0.039216
9 0.900210 0.338002 0.012605 0.041083
9 0.935662 0.308590 0.015231 0.036415
2 0.949317 0.342670 0.015231 0.041083
9 0.994223 0.347339 0.010504 0.050420
1 0.470851 0.467787 0.015231 0.041083
9 0.470326 0.491130 0.017332 0.041083
1 0.564076 0.284781 0.009454 0.033613
9 0.563813 0.302054 0.012080 0.036415
9 0.781513 0.816527 0.028361 0.073763
1 0.783351 0.785247 0.020483 0.050420
0 0.336922 0.443511 0.020483 0.057890
0 0.349002 0.444444 0.018382 0.063492
1 0.515231 0.473389 0.017857 0.054155
6 0.515756 0.471522 0.030462 0.074697
1 0.429359 0.317460 0.015231 0.041083
9 0.430672 0.335201 0.023109 0.041083
1 0.312763 0.468721 0.016282 0.056022
9 0.319590 0.479925 0.023634 0.048553
0 0.339286 0.482726 0.015756 0.054155
0 0.346639 0.485994 0.014706 0.055089
9 0.370536 0.262372 0.030987 0.031746
9 0.420956 0.199346 0.025735 0.030812
9 0.418855 0.176471 0.025735 0.031746
1 0.633666 0.502334 0.014181 0.059757
9 0.633929 0.510738 0.016807 0.050420
0 0.273634 0.297386 0.015756 0.045752
0 0.322479 0.226424 0.014706 0.045752
0 0.330095 0.231092 0.014181 0.055089
1 0.026261 0.556022 0.017857 0.053221
9 0.029149 0.578431 0.034139 0.040149
1 0.485032 0.117180 0.012080 0.040149
0 0.139443 0.308123 0.015231 0.044818
1 0.577468 0.208683 0.009979 0.045752
9 0.576155 0.217554 0.015756 0.046685
1 0.273109 0.275444 0.014706 0.039216
9 0.275473 0.288982 0.025735 0.036415
0 0.754727 0.267974 0.014706 0.041083
0 0.758666 0.275910 0.015231 0.045752
0 0.204044 0.296919 0.015231 0.044818
0 0.107143 0.315126 0.014706 0.047619
0 0.331145 0.315126 0.013130 0.045752
0 0.381828 0.246965 0.012605 0.040149
0 0.380777 0.239963 0.012605 0.041083
0 0.392069 0.136788 0.009979 0.036415
0 0.389443 0.158263 0.011029 0.040149
0 0.733718 0.205882 0.010504 0.036415
0 0.863183 0.286181 0.015231 0.045752
0 0.843750 0.288049 0.015231 0.045752
9 0.283088 0.328198 0.028361 0.045752
9 0.122374 0.346872 0.019958 0.045752
6 0.696166 0.219421 0.036239 0.050420
9 0.650998 0.187208 0.021534 0.027077