3 0.681723 0.495331 0.047269 0.103641
4 0.353729 0.731092 0.062500 0.130719
3 0.582458 0.965453 0.049370 0.067227
3 0.641019 0.813725 0.062500 0.081232
3 0.672269 0.716153 0.051471 0.110177
3 0.712973 0.614379 0.046744 0.121382
3 0.756040 0.482260 0.047794 0.105509
3 0.562500 0.676937 0.050420 0.110177
4 0.843225 0.360878 0.051996 0.055089
3 0.792805 0.337535 0.046744 0.099907
3 0.854779 0.307656 0.061450 0.055089
3 0.833246 0.236695 0.040441 0.086835
3 0.579569 0.406629 0.037290 0.096172
3 0.503939 0.630719 0.050945 0.103641
3 0.653099 0.225957 0.044643 0.093371
3 0.679097 0.136788 0.055672 0.077498
3 0.605305 0.133053 0.056197 0.055089
3 0.411765 0.801587 0.068277 0.060691
3 0.725053 0.044818 0.040441 0.089636
9 0.771271 0.289916 0.016282 0.049486
0 0.592700 0.446779 0.012080 0.028945
9 0.610032 0.322129 0.022584 0.039216
0 0.315126 0.752101 0.014706 0.021475
9 0.723477 0.122782 0.016282 0.043884
0 0.619485 0.046218 0.012080 0.032680
0 0.614233 0.036881 0.012080 0.032680