0 0.056920 0.542989 0.037946 0.130952
0 0.013393 0.620370 0.026786 0.124339
0 0.725446 0.217593 0.013393 0.083333
1 0.684896 0.216270 0.018601 0.056878
0 0.922619 0.282407 0.025298 0.099206
0 0.281622 0.143519 0.015625 0.054233
0 0.273810 0.128968 0.013393 0.051587
0 0.287574 0.156085 0.012649 0.034392
0 0.068824 0.097884 0.011161 0.047619
0 0.091890 0.095238 0.011161 0.047619
0 0.142113 0.106481 0.016369 0.048942
0 0.179688 0.087963 0.015625 0.043651
0 0.892485 0.257275 0.024554 0.051587
1 0.554688 0.025794 0.014137 0.035714
2 0.556176 0.039021 0.027530 0.025132
0 0.588914 0.396825 0.030506 0.119048
0 0.867188 0.261905 0.021577 0.052910
0 0.640625 0.177910 0.019345 0.070106
0 0.614211 0.445767 0.037946 0.145503
0 0.507812 0.465608 0.034970 0.140212
0 0.427827 0.414021 0.032738 0.134921
0 0.244048 0.531746 0.044643 0.177249
0 0.389137 0.467593 0.028274 0.152116
0 0.563616 0.465608 0.043899 0.148148
0 0.681920 0.458995 0.057292 0.150794
0 0.617560 0.609788 0.040179 0.193122
0 0.448289 0.423942 0.039435 0.130952
0 0.265253 0.338624 0.027530 0.119048
0 0.505580 0.281085 0.020089 0.109788
0 0.552455 0.294312 0.021577 0.099206
0 0.542783 0.217593 0.020089 0.083333
0 0.532738 0.277116 0.020833 0.120370
1 0.775298 0.266534 0.020833 0.078042
0 0.796875 0.265212 0.028274 0.083333
0 0.272321 0.157407 0.010417 0.037037
1 0.529018 0.316138 0.023810 0.071429
1 0.504464 0.298942 0.019345 0.076720
0 0.459449 0.163360 0.018601 0.070106
0 0.143973 0.335979 0.018601 0.063492
1 0.065104 0.333995 0.036458 0.056878
2 0.422619 0.342593 0.035714 0.074074
0 0.594494 0.148810 0.016369 0.072751
1 0.112723 0.126984 0.011161 0.026455
0 0.143973 0.148810 0.017113 0.051587
0 0.759301 0.183201 0.014137 0.054233
0 0.384301 0.113095 0.014137 0.051587
0 0.357143 0.095899 0.010417 0.051587
1 0.089286 0.123016 0.013393 0.026455
1 0.071801 0.125000 0.015625 0.030423
0 0.194196 0.130952 0.014881 0.044974
0 0.610491 0.249339 0.018601 0.099206
0 0.936756 0.310185 0.032738 0.130952
0 0.857515 0.371032 0.037946 0.133598
0 0.771577 0.218915 0.025298 0.067460
0 0.554688 0.098545 0.011161 0.038360
0 0.513021 0.082011 0.012649 0.034392
0 0.958333 0.271825 0.029762 0.112434
1 0.909598 0.186508 0.012649 0.031746
1 0.895833 0.180556 0.017857 0.033069