3 0.562872 0.753968 0.029018 0.063492
3 0.405134 0.777778 0.030506 0.076720
3 0.415179 0.613757 0.020833 0.050265
1 0.487723 0.431878 0.009673 0.017196
1 0.489955 0.458333 0.008185 0.022487
0 0.549107 0.638228 0.007440 0.030423
3 0.488467 0.870370 0.029018 0.076720
3 0.524554 0.829365 0.034226 0.076720
3 0.532366 0.648810 0.020089 0.038360
3 0.521949 0.714286 0.020089 0.052910
3 0.450521 0.822090 0.024554 0.067460
3 0.522321 0.520503 0.013393 0.027778
3 0.409226 0.451058 0.016369 0.026455
9 0.373140 0.541667 0.012649 0.022487
3 0.313988 0.529101 0.017857 0.031746
3 0.339286 0.486111 0.034226 0.022487
3 0.482515 0.685847 0.023065 0.051587
3 0.484003 0.610450 0.018601 0.038360
3 0.457217 0.581349 0.018601 0.038360
4 0.417783 0.390873 0.011161 0.022487
3 0.463542 0.492063 0.016369 0.034392
3 0.473214 0.449074 0.013393 0.022487
3 0.453125 0.392857 0.010417 0.021164
0 0.174851 0.737434 0.011905 0.033069
1 0.440848 0.541667 0.009673 0.022487
1 0.553943 0.652116 0.008185 0.018519