9 0.502418 0.570767 0.029390 0.039683
9 0.610119 0.446759 0.022321 0.062831
6 0.595052 0.292328 0.012277 0.029101
6 0.591890 0.399802 0.028274 0.045635
6 0.606027 0.361772 0.028274 0.050265
9 0.661272 0.316468 0.011533 0.029762
0 0.556734 0.293320 0.007812 0.029762
9 0.061198 0.660053 0.034598 0.034392
3 0.058780 0.642526 0.031250 0.036376
3 0.061384 0.621032 0.036458 0.034392
9 0.737165 0.229167 0.012277 0.027116
6 0.760603 0.221230 0.018973 0.029762
9 0.775670 0.195106 0.011905 0.019841
3 0.015253 0.954696 0.030506 0.087963
3 0.751302 0.830688 0.094122 0.105820
3 0.875930 0.207341 0.024182 0.037698
6 0.609375 0.793651 0.046131 0.062169
9 0.149926 0.348545 0.016369 0.033069
9 0.467634 0.561508 0.025298 0.038360
0 0.928013 0.418320 0.012277 0.036376
9 0.819568 0.934854 0.043155 0.062831
9 0.448475 0.498677 0.024182 0.043651
2 0.271391 0.682870 0.024926 0.048280
9 0.624628 0.835648 0.027530 0.044312
6 0.502418 0.735780 0.075521 0.081349
6 0.191778 0.776786 0.042783 0.091931
9 0.311384 0.819114 0.037202 0.048280
9 0.362537 0.790344 0.031622 0.034392
9 0.308408 0.635913 0.021577 0.041667
9 0.161272 0.367394 0.023438 0.035053
9 0.430990 0.566468 0.020461 0.046958
2 0.441778 0.958003 0.027158 0.061508
9 0.639509 0.351852 0.012649 0.037037
1 0.148996 0.348214 0.008557 0.046958
1 0.526042 0.544974 0.011905 0.048942
1 0.483259 0.500000 0.015625 0.044974
1 0.476749 0.330026 0.032366 0.039683
0 0.558780 0.322090 0.006696 0.027778
9 0.538504 0.364087 0.007812 0.037698
9 0.581287 0.439153 0.015997 0.042328
9 0.626674 0.825066 0.012277 0.040344
9 0.211124 0.596892 0.012277 0.042989
9 0.106957 0.873016 0.030134 0.064815
4 0.481771 0.656746 0.075149 0.099206
3 0.395461 0.617725 0.066220 0.080688
3 0.364025 0.539021 0.058408 0.068783
3 0.295201 0.492725 0.062128 0.060847
3 0.261905 0.525463 0.052827 0.080026
3 0.164435 0.739087 0.043155 0.085317
0 0.093564 0.573082 0.013021 0.045635
0 0.121280 0.720238 0.015625 0.050265
0 0.084449 0.550926 0.011905 0.039683
0 0.807106 0.697090 0.012277 0.038360
0 0.800781 0.712302 0.014509 0.044974
0 0.865513 0.614087 0.010789 0.045635
0 0.851190 0.614087 0.015625 0.053571
0 0.274740 0.875661 0.017485 0.055556
0 0.289435 0.850529 0.016369 0.055556
0 0.344308 0.572090 0.012277 0.039683
0 0.334635 0.573743 0.009301 0.041667
5 0.638393 0.383267 0.048363 0.083995
3 0.672805 0.355159 0.032366 0.054233
3 0.699219 0.319775 0.035342 0.050926
3 0.729353 0.284722 0.031622 0.045635
3 0.754278 0.261243 0.035342 0.043651
3 0.777530 0.229497 0.031250 0.038360
3 0.800409 0.206019 0.029390 0.042989
3 0.818266 0.178241 0.029390 0.041667
5 0.848586 0.136243 0.033482 0.059524
3 0.810082 0.233796 0.030134 0.045635
3 0.843936 0.192130 0.026414 0.036376
3 0.592634 0.318122 0.039435 0.043651
3 0.109747 0.306878 0.046131 0.043651
7 0.203125 0.352513 0.033482 0.043651
7 0.296875 0.381944 0.036458 0.052249
6 0.300781 0.564484 0.028646 0.056217
6 0.564360 0.605489 0.039435 0.066799
0 0.259859 0.638889 0.015253 0.048942
9 0.187314 0.564484 0.019717 0.041667
9 0.308594 0.930556 0.024926 0.058201
1 0.306734 0.925926 0.021205 0.054233
9 0.431548 0.564484 0.015625 0.040344
9 0.480469 0.509259 0.019717 0.044974
9 0.522879 0.548942 0.018229 0.044974
7 0.545387 0.436839 0.031250 0.068122
7 0.562686 0.441138 0.021205 0.050265
2 0.676339 0.456680 0.016369 0.027116
9 0.264881 0.608135 0.018601 0.040344
9 0.489583 0.976521 0.034226 0.044312
9 0.548549 0.909392 0.023438 0.059524
9 0.598028 0.899471 0.020461 0.055556
0 0.591332 0.877646 0.015997 0.050265
0 0.449963 0.429894 0.009301 0.038360
9 0.777716 0.293981 0.007812 0.028439
6 0.026042 0.756283 0.052083 0.089286
0 0.431920 0.380952 0.010417 0.039683
9 0.246838 0.692791 0.027158 0.052249
9 0.234561 0.363426 0.015253 0.033730