5 0.137605 0.671802 0.071429 0.118581
3 0.558036 0.588702 0.020483 0.030812
3 0.293855 0.705415 0.035189 0.058824
3 0.309611 0.675537 0.027836 0.043884
5 0.243697 0.631186 0.052521 0.095238
5 0.283876 0.580299 0.043592 0.071895
3 0.383403 0.683007 0.027311 0.049486
5 0.320641 0.606443 0.021534 0.049486
3 0.380252 0.663399 0.022059 0.043884
3 0.524422 0.608777 0.021534 0.037348
3 0.541754 0.596172 0.019433 0.027077
3 0.623950 0.669001 0.050420 0.049486
3 0.706408 0.726424 0.050420 0.050420
3 0.812763 0.813725 0.077206 0.068161
4 0.943277 0.896825 0.100840 0.114846
5 0.903887 0.769841 0.190126 0.202614
3 0.845588 0.676471 0.040966 0.038282
3 0.790441 0.653128 0.033613 0.038282
3 0.714548 0.619514 0.032038 0.034547
3 0.602679 0.692344 0.035189 0.049486
3 0.490546 0.582633 0.031513 0.033613