3 0.129989 0.704482 0.027836 0.043884
3 0.136555 0.679739 0.027311 0.042951
5 0.075105 0.643324 0.053571 0.115780
5 0.111607 0.586835 0.046744 0.088702
1 0.142857 0.596172 0.006303 0.027077
5 0.159926 0.577031 0.046744 0.082166
5 0.142332 0.639122 0.039916 0.079365
3 0.216912 0.701681 0.030462 0.043884
3 0.216649 0.681139 0.024685 0.043884
3 0.212185 0.653595 0.021008 0.033613
3 0.178309 0.581232 0.015231 0.021475
3 0.212710 0.628852 0.018908 0.027077
3 0.392069 0.571429 0.015231 0.020542
3 0.971376 0.803922 0.055147 0.076564
3 0.347164 0.565359 0.021008 0.027077
3 0.463498 0.657796 0.040441 0.049486
4 0.492384 0.673669 0.040441 0.055089
5 0.574055 0.666200 0.134454 0.127918
3 0.753414 0.630719 0.034139 0.027077
4 0.901261 0.664332 0.053571 0.049486
5 0.963498 0.670401 0.070903 0.070962
3 0.948004 0.641457 0.037815 0.035481
3 0.956408 0.624183 0.030462 0.025210
5 0.941439 0.613912 0.027836 0.027077
5 0.911502 0.606909 0.040441 0.042951
3 0.848477 0.626517 0.036239 0.031746
0 0.371324 0.760504 0.012605 0.055089
0 0.422006 0.750233 0.015231 0.055089
0 0.387342 0.738095 0.012080 0.055089
0 0.423845 0.757703 0.011555 0.058824
0 0.485032 0.691877 0.012080 0.048553
0 0.395483 0.758170 0.014706 0.054155
5 0.863445 0.651261 0.053571 0.043884
3 0.441439 0.559757 0.021534 0.027077
5 0.020221 0.637722 0.040441 0.104575
5 0.073267 0.597106 0.068803 0.116713
3 0.329044 0.574697 0.018382 0.027077
4 0.531775 0.703548 0.059349 0.060691
4 0.549632 0.596172 0.029937 0.030812
3 0.209821 0.631653 0.018382 0.032680
3 0.211134 0.617180 0.018908 0.031746
3 0.720326 0.776377 0.059349 0.058824
4 0.686712 0.657796 0.040441 0.042017