3 0.590599 0.061625 0.029937 0.054155
5 0.544380 0.157330 0.044643 0.118581
3 0.436187 0.247899 0.044643 0.086835
3 0.607931 0.161531 0.039391 0.070962
3 0.449580 0.116246 0.039916 0.073763
3 0.645483 0.910364 0.093487 0.173669
3 0.382353 0.699346 0.129202 0.169935
0 0.790704 0.857143 0.029937 0.085901
6 0.180147 0.932773 0.141807 0.128852
5 0.894170 0.847339 0.199055 0.193277
5 0.701943 0.454248 0.162290 0.124183
6 0.107405 0.912232 0.131828 0.168067
4 0.358193 0.859477 0.123950 0.193277
0 0.314863 0.500934 0.020483 0.084967
0 0.271796 0.515406 0.023634 0.070962
0 0.337973 0.489262 0.017332 0.076564
0 0.331933 0.467787 0.024160 0.076564
3 0.249737 0.440710 0.112920 0.098973
0 0.295693 0.445845 0.025210 0.073763
0 0.315389 0.404762 0.023634 0.084967
0 0.366071 0.394491 0.021008 0.084967
5 0.682511 0.352007 0.146534 0.110177
5 0.827731 0.343137 0.126050 0.127918
0 0.906250 0.301120 0.022584 0.058824
1 0.843750 0.181139 0.026786 0.056022