4 0.530987 0.290850 0.070378 0.055089
3 0.425683 0.377218 0.051996 0.082166
3 0.454044 0.347806 0.040441 0.062558
3 0.531250 0.273576 0.056197 0.037348
3 0.232143 0.568161 0.148109 0.098039
3 0.292279 0.144725 0.020483 0.031746
4 0.544118 0.238562 0.048319 0.045752
3 0.556985 0.247899 0.043592 0.032680
3 0.267069 0.442110 0.108718 0.075630
3 0.284401 0.393557 0.094013 0.060691
3 0.291754 0.360411 0.094013 0.048553
3 0.320903 0.338002 0.081933 0.054155
3 0.331933 0.318861 0.070378 0.043884
3 0.355830 0.308123 0.059349 0.050420
3 0.369748 0.295518 0.063025 0.047619
3 0.384454 0.278711 0.058824 0.055089
3 0.401261 0.268908 0.043067 0.033613
3 0.435924 0.251634 0.053571 0.038282
0 0.795956 0.333800 0.012080 0.055089
0 0.752889 0.491597 0.020483 0.077498
0 0.724527 0.492997 0.018382 0.076564
0 0.721901 0.485994 0.015231 0.077498
0 0.729254 0.650794 0.030987 0.100840
0 0.473739 0.591970 0.021008 0.084034
3 0.337710 0.109244 0.014706 0.022409
3 0.057511 0.303922 0.059349 0.060691
3 0.112658 0.265173 0.054097 0.065359
3 0.128676 0.199346 0.027311 0.045752
3 0.075630 0.200747 0.031513 0.041083
3 0.335872 0.117647 0.020483 0.026144
9 0.313025 0.141457 0.008403 0.028945
3 0.214811 0.222222 0.036765 0.044818
0 0.116071 0.429972 0.018908 0.077498
0 0.090336 0.443044 0.021008 0.079365
0 0.090599 0.431839 0.019433 0.066293
3 0.134979 0.652194 0.175420 0.183940
0 0.672532 0.237628 0.013130 0.040149
0 0.683036 0.286181 0.014181 0.045752
0 0.699317 0.229225 0.008929 0.036415
0 0.716912 0.234827 0.006303 0.036415
0 0.716649 0.236695 0.007878 0.042017
0 0.741597 0.232493 0.007353 0.041083
0 0.752626 0.237628 0.008403 0.040149
0 0.648109 0.245565 0.011555 0.033613
0 0.696691 0.239029 0.009979 0.033613
0 0.433824 0.316060 0.013655 0.043884
3 0.235294 0.174136 0.025210 0.034547
0 0.850053 0.367880 0.011029 0.048553
9 0.182773 0.207283 0.014706 0.033613
3 0.834821 0.925303 0.145483 0.143791
3 0.678309 0.860411 0.119223 0.269841
3 0.533876 0.836601 0.153887 0.252101
0 0.549370 0.837068 0.042017 0.094304
3 0.412815 0.779178 0.089286 0.206349
3 0.275735 0.796919 0.137605 0.223156
5 0.981880 0.632586 0.034139 0.142857
0 0.950368 0.620448 0.019433 0.088702
0 0.572479 0.795518 0.017857 0.087768
0 0.482405 0.776377 0.024685 0.116713
3 0.140494 0.749300 0.162290 0.198880
3 0.771008 0.624650 0.151261 0.108310
3 0.595588 0.597106 0.136555 0.103641
9 0.331145 0.577031 0.018382 0.072829
3 0.588235 0.538282 0.138655 0.081232
3 0.904937 0.478525 0.111345 0.075630
3 0.667805 0.498133 0.109769 0.083100
3 0.524422 0.509804 0.107668 0.093371
3 0.501576 0.471055 0.109244 0.071895
3 0.489758 0.425770 0.102416 0.069094
3 0.134716 0.299253 0.055147 0.064426
0 0.746324 0.455182 0.017857 0.071895
3 0.618172 0.462185 0.102941 0.082166
3 0.861870 0.449113 0.113445 0.074697
3 0.599002 0.430906 0.092962 0.058824
3 0.823267 0.423436 0.109769 0.066293
3 0.798582 0.388422 0.080357 0.056022
3 0.776523 0.373483 0.083508 0.054155
3 0.577994 0.399160 0.087710 0.066293
3 0.547794 0.367414 0.078782 0.056956
3 0.568803 0.379085 0.075630 0.048553
3 0.541492 0.338469 0.067227 0.045752
3 0.529149 0.309057 0.065651 0.037348