3 0.726190 0.517196 0.025298 0.039683
4 0.853795 0.708995 0.021577 0.026455
4 0.837798 0.675265 0.026786 0.033069
4 0.872024 0.593254 0.019345 0.046296
3 0.889881 0.650794 0.020833 0.047619
3 0.124628 0.600529 0.029018 0.034392
3 0.197917 0.490079 0.025298 0.033069
3 0.010789 0.621032 0.020089 0.046296
3 0.853423 0.172619 0.026786 0.033069
5 0.959821 0.114418 0.031250 0.041005
4 0.713914 0.149471 0.024554 0.042328
4 0.739211 0.227513 0.030506 0.029101
3 0.295759 0.230820 0.018601 0.054233
3 0.257812 0.208995 0.018601 0.047619
3 0.249628 0.156085 0.018601 0.052910
3 0.282738 0.151455 0.017857 0.043651
3 0.331101 0.180556 0.022321 0.051587
4 0.156994 0.646164 0.028274 0.038360
3 0.193452 0.625661 0.026786 0.031746
8 0.743676 0.296958 0.063244 0.030423
3 0.594122 0.170635 0.026042 0.039683
9 0.340402 0.243386 0.009673 0.029101
3 0.233631 0.537037 0.026786 0.039683
4 0.298735 0.494048 0.020089 0.041005
3 0.430432 0.796296 0.024554 0.044974
3 0.248512 0.589947 0.029762 0.034392
3 0.614955 0.748677 0.027530 0.029101
5 0.665551 0.708333 0.029018 0.038360
5 0.752604 0.587963 0.023065 0.038360
3 0.040551 0.688492 0.029018 0.035714
4 0.173363 0.609127 0.023810 0.030423
3 0.235863 0.567460 0.028274 0.034392
9 0.268973 0.530423 0.012649 0.018519
3 0.298363 0.534392 0.026786 0.039683
3 0.637277 0.656746 0.024554 0.041005
4 0.654018 0.681217 0.025298 0.039683
3 0.667783 0.608466 0.023065 0.039683
3 0.681176 0.636243 0.023065 0.039683
4 0.697173 0.563492 0.025298 0.037037
4 0.707589 0.597222 0.023810 0.035714
7 0.742932 0.158069 0.014137 0.033069
3 0.037202 0.219577 0.028274 0.037037
7 0.864955 0.423942 0.023065 0.035714
0 0.018229 0.670635 0.014137 0.018519