3 0.539916 0.561158 0.147059 0.235294
6 0.941964 0.893557 0.113971 0.205415
0 0.910714 0.887955 0.049370 0.136321
0 0.910714 0.660131 0.036765 0.126984
6 0.170693 0.631653 0.164916 0.221289
5 0.939076 0.565359 0.120798 0.225023
5 0.785189 0.207283 0.182773 0.143791
6 0.096113 0.574697 0.151261 0.200747
4 0.173057 0.358543 0.146534 0.169935
0 0.364233 0.211485 0.017332 0.090570
0 0.337185 0.203081 0.025210 0.086835
0 0.383141 0.186275 0.017332 0.075630
0 0.372637 0.176471 0.023634 0.076564
3 0.290441 0.158263 0.127101 0.101774
0 0.358718 0.158263 0.024160 0.077498
0 0.425420 0.125117 0.024160 0.089636
0 0.413340 0.116713 0.021008 0.087768
5 0.764968 0.098039 0.146534 0.110177
5 0.937500 0.099440 0.122899 0.129785
0 0.034401 0.181606 0.035189 0.090570