4 0.517069 0.348739 0.062500 0.049486
3 0.419118 0.429505 0.046218 0.072829
3 0.454832 0.385621 0.034664 0.054155
3 0.517595 0.331933 0.049895 0.038282
3 0.256828 0.579832 0.127101 0.087768
3 0.236082 0.288982 0.032038 0.040149
4 0.529674 0.315593 0.043592 0.039216
3 0.542805 0.314192 0.043592 0.032680
3 0.274685 0.483660 0.100840 0.061625
3 0.290704 0.444911 0.088761 0.056956
3 0.298582 0.419701 0.079307 0.049486
3 0.321429 0.398693 0.073529 0.050420
3 0.337447 0.390756 0.053046 0.043884
3 0.350578 0.372549 0.056197 0.048553
3 0.372637 0.360878 0.046744 0.043884
3 0.377889 0.346405 0.055147 0.048553
3 0.390231 0.339869 0.043067 0.033613
3 0.425945 0.321662 0.052521 0.038282
0 0.795693 0.409430 0.012605 0.055089
0 0.800420 0.647526 0.026261 0.086835
0 0.450105 0.545285 0.015756 0.065359
3 0.307511 0.224556 0.020483 0.025210
3 0.090599 0.365546 0.051996 0.053221
3 0.144695 0.325864 0.044643 0.052288
3 0.134716 0.279178 0.024685 0.042951
3 0.095851 0.263305 0.024685 0.031746
3 0.290179 0.236695 0.024685 0.032680
9 0.271534 0.262372 0.012605 0.033613
3 0.030200 0.408497 0.060399 0.064426
3 0.133141 0.374883 0.051996 0.053221
0 0.168067 0.476190 0.014706 0.067227
0 0.150210 0.470588 0.014706 0.072829
0 0.134454 0.466853 0.014706 0.065359
3 0.171744 0.643324 0.146008 0.149393
0 0.648897 0.302988 0.013130 0.040149
0 0.654674 0.341270 0.014181 0.045752
0 0.762342 0.342204 0.013130 0.038282
9 0.957721 0.723623 0.060399 0.061625
1 0.962710 0.702148 0.026261 0.070962
0 0.418067 0.377684 0.010504 0.043884
3 0.277836 0.221755 0.014706 0.027077
9 0.246586 0.244631 0.011029 0.026144
3 0.903624 0.873483 0.144433 0.182073
3 0.955620 0.848273 0.086660 0.200747
3 0.792542 0.877218 0.141807 0.221289
3 0.638918 0.788049 0.090861 0.212885
3 0.521796 0.763772 0.117122 0.188609
0 0.577731 0.760971 0.021008 0.106443
3 0.420168 0.728758 0.073529 0.155929
3 0.303571 0.742764 0.111345 0.163399
6 0.990546 0.651261 0.016807 0.083100
5 0.945903 0.614379 0.095588 0.130719
0 0.879989 0.608777 0.015231 0.084034
0 0.563550 0.732026 0.017857 0.087768
0 0.476366 0.726424 0.018908 0.106443
3 0.193540 0.710084 0.136029 0.154062
3 0.724265 0.619981 0.132353 0.091503
3 0.575630 0.591503 0.116597 0.090570
9 0.340861 0.592904 0.017857 0.059757
3 0.565126 0.553688 0.122899 0.070962
3 0.849790 0.509337 0.098739 0.070028
3 0.647321 0.512605 0.100315 0.070962
3 0.514443 0.521942 0.097164 0.084034
3 0.485294 0.501867 0.089286 0.060691
3 0.480042 0.466387 0.094538 0.070028
3 0.078256 0.460784 0.081933 0.081232
0 0.700105 0.517740 0.017857 0.068161
3 0.596901 0.487862 0.088761 0.071895
3 0.814076 0.467320 0.101891 0.058824
3 0.580620 0.469655 0.082458 0.054155
3 0.780200 0.446779 0.098214 0.056956
3 0.756303 0.433707 0.065126 0.043884
3 0.743697 0.416900 0.074580 0.043884
3 0.561712 0.438842 0.077206 0.054155
3 0.535189 0.407563 0.074580 0.047619
3 0.550683 0.424837 0.067752 0.048553
3 0.528361 0.388889 0.065126 0.043884
3 0.517069 0.367414 0.059349 0.032680