3 0.091387 0.450047 0.047269 0.037348
3 0.397059 0.852941 0.047269 0.077498
5 0.640494 0.574230 0.037290 0.070962
5 0.528624 0.373483 0.017332 0.039216
5 0.596639 0.309991 0.018908 0.039216
3 0.514706 0.269374 0.008403 0.015873
5 0.712185 0.318861 0.066176 0.049486
3 0.502889 0.265640 0.012080 0.021475
3 0.452994 0.282446 0.012080 0.021475
3 0.485294 0.276844 0.011555 0.019608
3 0.473739 0.281513 0.011555 0.021475
5 0.472426 0.265640 0.018382 0.032680
6 0.543592 0.448179 0.017857 0.022409
8 0.438025 0.662932 0.055672 0.117647
4 0.542542 0.267974 0.011555 0.024276
3 0.596901 0.278711 0.015231 0.032680
3 0.533351 0.288982 0.012080 0.021475
1 0.542542 0.437442 0.012605 0.021475
3 0.471901 0.332866 0.012080 0.021475
3 0.551208 0.260971 0.009979 0.015873
3 0.068015 0.316060 0.021534 0.021475
3 0.387342 0.293651 0.018382 0.021475
3 0.438550 0.289449 0.017857 0.020542