3 0.050420 0.207283 0.084034 0.063492
2 0.209296 0.176471 0.013130 0.033613
2 0.221901 0.184407 0.011029 0.042017
2 0.234506 0.178805 0.012080 0.038282
3 0.262868 0.170401 0.038340 0.077498
3 0.315914 0.133987 0.047794 0.088702
0 0.246324 0.723156 0.014706 0.049486
3 0.847689 0.374883 0.084034 0.083100
0 0.773372 0.319328 0.016282 0.042951
0 0.783613 0.321662 0.014706 0.043884
3 0.157300 0.241363 0.079307 0.064426
2 0.633403 0.514472 0.014706 0.054155
0 0.653361 0.160131 0.008403 0.045752
0 0.784926 0.207750 0.015231 0.043884
0 0.116334 0.180205 0.011029 0.048553
0 0.793855 0.196545 0.015231 0.042017
0 0.787027 0.968254 0.016282 0.031746
0 0.783088 0.952848 0.017857 0.042017
0 0.802784 0.915500 0.016282 0.040149
0 0.824055 0.901027 0.015756 0.042951
0 0.800683 0.888422 0.018382 0.043884
6 0.510767 0.437442 0.025735 0.062558
2 0.433036 0.133987 0.015231 0.014006
1 0.433036 0.110644 0.007878 0.027077
0 0.643645 0.159197 0.011029 0.038282
0 0.764706 0.972456 0.015756 0.034547
3 0.722689 0.301587 0.071429 0.078431
0 0.195116 0.721289 0.020483 0.049486
2 0.264968 0.519608 0.026786 0.040149
9 0.075630 0.453782 0.049370 0.048553
2 0.716387 0.357610 0.023109 0.037348
0 0.743172 0.079365 0.015756 0.042951
3 0.383141 0.696078 0.062500 0.167134
3 0.606355 0.042484 0.033088 0.060691
3 0.454569 0.391223 0.047794 0.134454
3 0.562763 0.633987 0.042542 0.166200
3 0.067752 0.296452 0.086134 0.088702
3 0.313288 0.279645 0.074055 0.092437
2 0.659664 0.251167 0.014706 0.044818
0 0.775473 0.245098 0.013130 0.043884
0 0.176208 0.172736 0.013130 0.044818
2 0.010242 0.512605 0.019433 0.044818
0 0.790179 0.056022 0.011029 0.039216
0 0.753939 0.129318 0.014181 0.038282
9 0.023897 0.808123 0.029937 0.040149
9 0.019433 0.873483 0.038866 0.038282
9 0.034401 0.916433 0.055147 0.047619
0 0.152048 0.082633 0.023634 0.049486
3 0.047532 0.388889 0.094013 0.079365