3 0.201418 0.309057 0.080357 0.061625
0 0.806723 0.321195 0.012605 0.050420
6 0.257353 0.276844 0.032563 0.049486
9 0.357668 0.305322 0.015756 0.039216
9 0.369748 0.312792 0.015756 0.044818
9 0.381828 0.319328 0.013655 0.044818
3 0.416492 0.313725 0.037815 0.063492
3 0.475578 0.296919 0.045693 0.067227
4 0.734506 0.228291 0.033088 0.070028
9 0.678834 0.161998 0.020483 0.021475
3 0.959821 0.503268 0.078256 0.095238
3 0.056197 0.320261 0.075630 0.069094
0 0.762342 0.958917 0.023634 0.080299
2 0.545693 0.745098 0.056723 0.074697
1 0.546481 0.726891 0.018382 0.071895
6 0.611870 0.681606 0.066176 0.080299
1 0.631303 0.680205 0.022059 0.064426
9 0.347164 0.407096 0.033613 0.039216
1 0.346901 0.398693 0.017332 0.050420
9 0.360294 0.394491 0.036765 0.038282
1 0.363708 0.388422 0.017332 0.052288
6 0.539391 0.456583 0.056723 0.057890
1 0.529674 0.444911 0.023634 0.053221
6 0.842962 0.793184 0.059874 0.062558
1 0.845326 0.779178 0.020483 0.058824
2 0.538078 0.695612 0.039391 0.052288
1 0.539128 0.682073 0.020483 0.062558
2 0.409926 0.378618 0.029937 0.036415
1 0.412027 0.365079 0.013130 0.048553
2 0.875263 0.396359 0.029937 0.036415
1 0.878939 0.383754 0.014181 0.052288
0 0.895746 0.302988 0.014181 0.047619
2 0.978466 0.440243 0.037815 0.042017
3 0.056460 0.270775 0.070903 0.056022
4 0.206408 0.443978 0.085084 0.092437
9 0.015494 0.766106 0.030987 0.045752
9 0.008666 0.890289 0.017332 0.034547
1 0.858981 0.114379 0.008929 0.038282
3 0.870011 0.059290 0.019433 0.032680
3 0.844275 0.025677 0.017332 0.032680
3 0.849002 0.007937 0.018382 0.015873
3 0.794380 0.213819 0.026786 0.054155
9 0.693540 0.149860 0.017332 0.023343
3 0.449317 0.487862 0.096113 0.083100
4 0.870536 0.232493 0.029937 0.061625