3 0.030987 0.049486 0.061975 0.070962
9 0.190389 0.027077 0.011029 0.037348
9 0.204569 0.024743 0.007878 0.042017
9 0.218750 0.022876 0.009979 0.045752
3 0.254989 0.031746 0.043592 0.054155
4 0.931985 0.218487 0.107668 0.091503
0 0.854779 0.173203 0.015231 0.055089
3 0.395746 0.387021 0.080357 0.142857
3 0.873950 0.526611 0.122899 0.112045
3 0.598477 0.344071 0.054097 0.142857
3 0.518382 0.479458 0.059874 0.150327
4 0.429097 0.151261 0.036765 0.104575
0 0.862132 0.163866 0.012080 0.053221
0 0.943277 0.076564 0.015756 0.050420
0 0.930672 0.098973 0.018908 0.044818
0 0.934874 0.092904 0.015756 0.042017
0 0.948004 0.095238 0.016807 0.050420
0 0.973477 0.068161 0.020483 0.052288
1 0.380515 0.832400 0.017332 0.055089
2 0.379464 0.869748 0.050945 0.062558
0 0.878939 0.883754 0.034139 0.064426
1 0.886817 0.858543 0.024685 0.043884
0 0.923582 0.819328 0.032038 0.053221
1 0.938813 0.782913 0.030987 0.058824
0 0.908876 0.704482 0.026786 0.060691
0 0.987920 0.866947 0.022059 0.060691
9 0.313288 0.366947 0.022584 0.052288
1 0.312237 0.340336 0.013130 0.066293
9 0.600578 0.766106 0.046744 0.077498
1 0.600053 0.768908 0.033088 0.064426
9 0.683561 0.038282 0.016282 0.037348
0 0.860557 0.874416 0.022584 0.064426
3 0.783613 0.154062 0.091387 0.097106
0 0.210872 0.561158 0.020483 0.072829
0 0.079569 0.480859 0.023634 0.070962
9 0.229779 0.342204 0.033088 0.038282
1 0.221376 0.335668 0.011029 0.040149
9 0.820116 0.262838 0.038340 0.040149
1 0.829044 0.251634 0.016282 0.051354
9 0.688813 0.147993 0.027836 0.047619
1 0.693540 0.137722 0.018382 0.055089
6 0.100053 0.302988 0.039391 0.045752
1 0.106880 0.295518 0.013130 0.045752
2 0.712185 0.140523 0.022059 0.051354
9 0.759191 0.697946 0.038340 0.056956
1 0.767069 0.684874 0.021534 0.071895
9 0.695116 0.062092 0.027836 0.028945
0 0.700368 0.045285 0.008929 0.043884
2 0.787553 0.086368 0.033088 0.030812
1 0.688550 0.018674 0.007353 0.037348
3 0.022847 0.211018 0.045693 0.089636