5 0.658613 0.606443 0.052521 0.066293
3 0.614233 0.708683 0.032038 0.046685
3 0.632090 0.634454 0.024685 0.027077
3 0.479517 0.790850 0.040966 0.072829
5 0.212447 0.703548 0.110819 0.170868
5 0.304622 0.632586 0.050420 0.071895
3 0.823529 0.716620 0.046218 0.043884
3 0.713235 0.732960 0.044118 0.048553
3 0.762605 0.913632 0.080882 0.103641
3 0.399685 0.714286 0.025210 0.044818
3 0.405200 0.697012 0.027836 0.043884
5 0.336922 0.661531 0.058298 0.120448
5 0.378414 0.609244 0.043592 0.070028
3 0.476628 0.706349 0.024685 0.049486
5 0.414128 0.637255 0.021534 0.049486
3 0.473739 0.686741 0.022059 0.043884
3 0.761555 0.717087 0.049370 0.056022
3 0.813025 0.754902 0.051471 0.053221
3 0.687237 0.667134 0.037290 0.047619