3 0.526414 0.915344 0.020089 0.047619
3 0.538318 0.974206 0.021577 0.046296
4 0.853795 0.710317 0.021577 0.026455
3 0.837798 0.676587 0.026786 0.030423
4 0.870908 0.593254 0.018601 0.046296
3 0.888765 0.658730 0.020089 0.044974
3 0.794271 0.507937 0.023065 0.042328
3 0.763021 0.561508 0.023065 0.041005
3 0.123884 0.606481 0.030506 0.035714
3 0.197173 0.497354 0.025298 0.034392
3 0.009673 0.623016 0.019345 0.047619
3 0.853795 0.175926 0.027530 0.034392
5 0.959821 0.115079 0.031250 0.039683
3 0.713914 0.150794 0.024554 0.042328
3 0.739211 0.231481 0.030506 0.029101
3 0.297991 0.232143 0.018601 0.054233
3 0.256696 0.209656 0.017857 0.046296
3 0.249256 0.157407 0.017857 0.050265
3 0.280878 0.153439 0.018601 0.044974
3 0.328869 0.183862 0.020833 0.050265
3 0.314732 0.130952 0.019345 0.044974
3 0.302083 0.064153 0.020833 0.046296
4 0.389137 0.299603 0.016369 0.046296
3 0.363095 0.162037 0.020833 0.048942
3 0.354167 0.219577 0.011905 0.034392
8 0.744048 0.297619 0.063988 0.031746
6 0.960938 0.243386 0.021577 0.026455
3 0.594122 0.171958 0.026042 0.039683
9 0.346726 0.279101 0.010417 0.026455
0 0.368304 0.428571 0.008929 0.018519
0 0.309896 0.577381 0.008185 0.019841
9 0.389137 0.740079 0.010417 0.022487
9 0.537574 0.804894 0.009673 0.019841
3 0.618304 0.660053 0.013393 0.018519
3 0.530878 0.259259 0.014137 0.015873
0 0.952009 0.572751 0.012649 0.013228
0 0.946429 0.228836 0.013393 0.013228
3 0.328497 0.020503 0.023065 0.041005
7 0.741443 0.160714 0.014137 0.033069
3 0.035714 0.222884 0.026786 0.033069