0 0.210662 0.717647 0.015441 0.060131
0 0.078309 0.581046 0.015441 0.045752
7 0.065809 0.698693 0.072794 0.071895
5 0.325000 0.409804 0.023529 0.043137
9 0.452574 0.392810 0.011029 0.030065
9 0.426471 0.368627 0.008824 0.028758
9 0.433088 0.421569 0.008824 0.030065
6 0.127206 0.629412 0.073529 0.053595
0 0.234926 0.585621 0.013971 0.039216
6 0.348897 0.507843 0.018382 0.037908
0 0.839706 0.937255 0.022059 0.073203
3 0.536397 0.617647 0.028676 0.061438
3 0.187132 0.707843 0.050735 0.071895
3 0.883456 0.775817 0.091912 0.069281
3 0.841176 0.694771 0.080882 0.061438
7 0.249265 0.711765 0.042647 0.069281
5 0.801838 0.627451 0.083088 0.057516
3 0.786397 0.579085 0.069853 0.047059
3 0.660294 0.496078 0.023529 0.037908
3 0.737132 0.544444 0.052206 0.040523
3 0.412132 0.460131 0.019853 0.036601
4 0.288971 0.538562 0.048529 0.049673
3 0.379412 0.467320 0.035294 0.045752
7 0.324632 0.592157 0.034559 0.057516
0 0.214706 0.770588 0.016176 0.056209
3 0.286397 0.481046 0.056618 0.041830
9 0.323162 0.639216 0.013971 0.033987
0 0.705515 0.588235 0.012500 0.041830
1 0.144485 0.632026 0.013971 0.035294
9 0.147426 0.653595 0.031618 0.033987
9 0.291544 0.605229 0.036029 0.054902
3 0.316912 0.437255 0.044118 0.032680
7 0.177941 0.596732 0.041176 0.048366
7 0.192279 0.616993 0.065441 0.057516
3 0.372794 0.449020 0.020588 0.035294
7 0.151838 0.751634 0.058088 0.073203
3 0.667279 0.467320 0.038971 0.035294
3 0.362868 0.390196 0.036029 0.035294
7 0.143382 0.596078 0.036765 0.054902
3 0.564706 0.409150 0.019118 0.031373
6 0.336397 0.528758 0.021324 0.037908
3 0.349265 0.367974 0.033824 0.027451
3 0.345956 0.347712 0.025735 0.026144
9 0.236765 0.640523 0.023529 0.031373
0 0.217647 0.715033 0.017647 0.060131
6 0.387868 0.503268 0.018382 0.036601
3 0.680515 0.401961 0.041912 0.035294
0 0.213971 0.447059 0.013235 0.031373
3 0.657721 0.384967 0.036029 0.032680
6 0.321691 0.383660 0.021324 0.024837
1 0.604044 0.390850 0.009559 0.023529
0 0.773529 0.770588 0.016176 0.058824
3 0.347794 0.714379 0.061765 0.092810
6 0.031985 0.611111 0.062500 0.053595
6 0.020588 0.711765 0.041176 0.069281