3 0.048057 0.187675 0.084559 0.063492
2 0.206670 0.153128 0.013130 0.033613
2 0.219800 0.163866 0.011029 0.042017
2 0.231880 0.155462 0.012080 0.038282
3 0.262868 0.150794 0.038340 0.077498
3 0.315914 0.111578 0.047794 0.088702
0 0.231880 0.767040 0.017332 0.051354
3 0.854254 0.355275 0.084559 0.084967
0 0.784139 0.341737 0.015756 0.044818
0 0.795956 0.342204 0.015231 0.043884
3 0.155725 0.219888 0.079307 0.064426
2 0.631303 0.351074 0.014706 0.048553
0 0.657563 0.141457 0.008403 0.045752
0 0.794380 0.194678 0.015231 0.043884
0 0.111082 0.163399 0.011029 0.048553
0 0.803309 0.180672 0.015231 0.042017
0 0.849790 0.183473 0.014706 0.043884
2 0.403887 0.958917 0.044118 0.059757
0 0.785714 0.971989 0.015756 0.039216
0 0.786239 0.936041 0.017857 0.042017
0 0.809611 0.902428 0.016282 0.042017
0 0.831933 0.886088 0.018908 0.042951
0 0.803309 0.879085 0.015231 0.043884
6 0.474002 0.364146 0.035189 0.057890
2 0.384979 0.181139 0.026261 0.028011
1 0.385767 0.160598 0.006828 0.029879
0 0.646008 0.141923 0.010504 0.041083
0 0.765756 0.953782 0.015756 0.034547
3 0.727941 0.284314 0.073529 0.083100
0 0.212973 0.710084 0.020483 0.049486
2 0.261292 0.499066 0.026786 0.040149
9 0.116071 0.442577 0.049370 0.046685
2 0.701943 0.319328 0.025735 0.041083
0 0.763130 0.067227 0.015756 0.042951
3 0.315651 0.943511 0.066176 0.112979
3 0.422532 0.513072 0.062500 0.161531
3 0.566439 0.346872 0.035189 0.122316
3 0.185924 0.288515 0.081933 0.076564
2 0.665966 0.196078 0.014706 0.044818
0 0.767595 0.190009 0.015231 0.043884
0 0.137080 0.148459 0.013655 0.044818
0 0.800945 0.062092 0.010504 0.045752
0 0.756040 0.112512 0.014181 0.040149
9 0.015494 0.786648 0.028887 0.040149
9 0.016282 0.850140 0.032563 0.038282
9 0.027048 0.900560 0.050945 0.047619
0 0.098477 0.064893 0.023634 0.049486
3 0.044905 0.367414 0.089811 0.079365