3 0.474265 0.420915 0.020588 0.041830
3 0.509559 0.379085 0.014706 0.026144
3 0.530147 0.361438 0.014706 0.024837
3 0.762500 0.652288 0.039706 0.060131
3 0.717647 0.549673 0.032353 0.045752
3 0.246691 0.573203 0.041912 0.071895
3 0.324632 0.511765 0.055147 0.043137
3 0.208088 0.567320 0.044118 0.070588
3 0.336765 0.500000 0.051471 0.043137
3 0.299632 0.416340 0.022794 0.037908
3 0.682721 0.409804 0.034559 0.030065
0 0.722794 0.597386 0.010294 0.041830
9 0.343750 0.623529 0.012500 0.044444
9 0.361029 0.622876 0.020588 0.032680
3 0.418382 0.596732 0.032353 0.071895
3 0.462868 0.622222 0.030147 0.073203
3 0.850000 0.950327 0.077941 0.096732
3 0.863235 0.865359 0.088235 0.081046
3 0.826838 0.745752 0.081618 0.066667
3 0.248897 0.843137 0.068382 0.122876
3 0.302941 0.722222 0.058824 0.105882
3 0.188235 0.598039 0.069118 0.058824
7 0.191176 0.965359 0.067647 0.064052
3 0.781985 0.708497 0.043382 0.070588
3 0.930147 0.804575 0.107353 0.087582
3 0.916544 0.764706 0.088971 0.070588
0 0.764706 0.801961 0.014706 0.061438
0 0.782353 0.843137 0.019118 0.057516
0 0.800000 0.844444 0.016176 0.062745
0 0.775000 0.800654 0.013235 0.058824
3 0.210294 0.698693 0.042647 0.079739
0 0.158456 0.709150 0.011029 0.043137
0 0.178309 0.698039 0.011029 0.044444
2 0.682721 0.523529 0.008088 0.024837
0 0.741912 0.655556 0.013235 0.053595
0 0.753309 0.687582 0.012500 0.052288