4 0.538603 0.274043 0.074055 0.053221
3 0.420168 0.378618 0.053571 0.090570
3 0.462710 0.337068 0.039916 0.067227
3 0.533876 0.249300 0.056197 0.037348
3 0.208246 0.601307 0.164391 0.112045
3 0.328519 0.094304 0.016282 0.026144
4 0.550158 0.233894 0.048845 0.045752
3 0.566439 0.223623 0.043592 0.032680
3 0.250000 0.450980 0.117647 0.078431
3 0.276261 0.393557 0.096639 0.062558
3 0.281513 0.361811 0.095588 0.055089
3 0.310662 0.338936 0.085609 0.059757
3 0.326418 0.321662 0.070903 0.045752
3 0.347164 0.297852 0.064076 0.054155
3 0.363183 0.288049 0.065651 0.055089
3 0.379727 0.266106 0.061975 0.054155
3 0.397059 0.258637 0.043067 0.033613
3 0.432248 0.235761 0.055672 0.038282
0 0.797532 0.318861 0.012080 0.055089
0 0.777836 0.460784 0.021008 0.077498
0 0.775998 0.489262 0.018382 0.076564
0 0.753414 0.466387 0.016282 0.077498
0 0.596113 0.712885 0.034664 0.105509
0 0.471113 0.739963 0.025210 0.109244
3 0.362658 0.074697 0.014181 0.020542
3 0.030987 0.305789 0.053571 0.068161
3 0.094538 0.256303 0.056723 0.066293
3 0.117647 0.183007 0.027311 0.044818
3 0.107931 0.202614 0.050945 0.048553
3 0.354779 0.078898 0.015231 0.021475
9 0.339286 0.096639 0.008403 0.027077
3 0.276261 0.147526 0.025210 0.031746
0 0.022321 0.492063 0.017332 0.082166
0 0.001838 0.496732 0.003676 0.089636
3 0.100840 0.696078 0.191176 0.206349
0 0.669380 0.225490 0.013130 0.040149
0 0.673057 0.296452 0.014181 0.045752
0 0.677784 0.213352 0.008929 0.036415
0 0.692227 0.226891 0.006303 0.035481
0 0.693015 0.223623 0.007878 0.042017
0 0.713761 0.225957 0.007353 0.041083
0 0.725315 0.226891 0.011555 0.039216
0 0.640231 0.232493 0.011555 0.033613
0 0.681460 0.226891 0.009979 0.033613
0 0.466912 0.297386 0.013655 0.043884
3 0.170431 0.200747 0.032038 0.046685
0 0.881040 0.378618 0.015231 0.045752
0 0.893645 0.384220 0.009979 0.055089
9 0.111870 0.234827 0.019958 0.053221
3 0.694853 0.901027 0.118697 0.186741
3 0.536239 0.889823 0.168067 0.212885
3 0.406513 0.840803 0.101891 0.213819
3 0.250525 0.860878 0.156513 0.235294
0 0.991597 0.672269 0.014706 0.093371
0 0.578782 0.855275 0.017857 0.087768
0 0.490284 0.860411 0.024685 0.116713
3 0.113445 0.820261 0.182773 0.249300
3 0.795168 0.670401 0.174370 0.125117
3 0.612658 0.624650 0.149685 0.112045
9 0.316176 0.607843 0.019958 0.080299
3 0.594275 0.561625 0.148634 0.092437
3 0.931460 0.502334 0.111870 0.082166
3 0.694590 0.507937 0.119223 0.097106
3 0.533613 0.526611 0.115546 0.102708
3 0.501050 0.484594 0.116597 0.082166
3 0.493172 0.441176 0.112395 0.079365
3 0.233456 0.185341 0.035189 0.043884
0 0.747899 0.432773 0.017857 0.071895
3 0.635242 0.474323 0.113971 0.100840
3 0.889443 0.450047 0.122374 0.078431
3 0.612395 0.437908 0.102941 0.065359
3 0.850053 0.421569 0.117122 0.071895
3 0.816176 0.387488 0.082983 0.057890
3 0.797532 0.368347 0.083508 0.053221
3 0.587710 0.398693 0.091387 0.072829
3 0.555410 0.356676 0.086660 0.054155
3 0.571954 0.373016 0.079832 0.047619
3 0.549107 0.322129 0.073004 0.054155
3 0.534926 0.298319 0.068803 0.040149