3 0.947545 0.443122 0.069196 0.071429
9 0.489583 0.121032 0.010417 0.022487
3 0.520461 0.406746 0.023065 0.056878
3 0.508929 0.265212 0.019345 0.043651
5 0.599330 0.363757 0.026042 0.066138
3 0.484747 0.718915 0.034970 0.112434
3 0.501116 0.505291 0.026042 0.066138
3 0.479539 0.296296 0.020089 0.044974
3 0.542039 0.833333 0.043899 0.132275
3 0.861607 0.670635 0.043155 0.068783
4 0.284970 0.775132 0.043155 0.132275
7 0.319568 0.486772 0.021577 0.052910
3 0.375000 0.439815 0.031250 0.083333
3 0.406250 0.107804 0.013393 0.033069
3 0.978051 0.791667 0.040923 0.107143
5 0.775298 0.658730 0.059524 0.113757
7 0.675223 0.494048 0.039435 0.048942
5 0.758557 0.499339 0.063244 0.046296