0 0.018973 0.533730 0.037946 0.146825
0 0.681548 0.234127 0.022321 0.084656
1 0.710193 0.242725 0.017113 0.043651
0 0.927083 0.296296 0.026786 0.103175
0 0.674107 0.145503 0.013393 0.047619
0 0.266741 0.139550 0.017113 0.054233
0 0.266741 0.126323 0.014137 0.051587
0 0.280878 0.147487 0.012649 0.038360
0 0.093750 0.103836 0.016369 0.048942
0 0.108259 0.105820 0.011161 0.047619
0 0.133185 0.109127 0.016369 0.048942
0 0.614955 0.465608 0.039435 0.153439
1 0.904390 0.276455 0.026042 0.058201
0 0.633185 0.192460 0.016369 0.075397
0 0.787574 0.539021 0.033482 0.197090
0 0.544271 0.557540 0.043899 0.167989
0 0.487723 0.498016 0.051339 0.162698
0 0.359003 0.708333 0.051339 0.236772
0 0.424851 0.560185 0.031250 0.181217
0 0.681548 0.519180 0.037202 0.173280
0 0.642485 0.632937 0.057292 0.173280
0 0.870164 0.585979 0.060268 0.201058
0 0.518601 0.479497 0.038690 0.165344
0 0.373140 0.341270 0.029018 0.126984
0 0.590030 0.319444 0.020833 0.120370
0 0.646949 0.309524 0.023065 0.111111
0 0.575149 0.259921 0.028274 0.056878
0 0.623512 0.298280 0.020833 0.120370
1 0.806176 0.277778 0.021577 0.082011
0 0.830357 0.274471 0.028274 0.083333
0 0.249256 0.143519 0.008929 0.030423
1 0.549851 0.356481 0.023810 0.078042
1 0.520089 0.337963 0.034226 0.056878
0 0.464658 0.173942 0.018601 0.070106
0 0.130208 0.367063 0.017857 0.070106
1 0.043527 0.362434 0.037946 0.066138
2 0.428199 0.377646 0.046875 0.088624
0 0.601190 0.151455 0.016369 0.072751
1 0.092634 0.125661 0.011161 0.026455
0 0.130580 0.156746 0.012649 0.059524
0 0.803199 0.189815 0.014137 0.054233
0 0.392485 0.122354 0.014137 0.051587
0 0.353051 0.102513 0.011161 0.067460
1 0.080357 0.133598 0.014881 0.034392
1 0.059152 0.131614 0.015625 0.030423
0 0.184524 0.138889 0.016369 0.047619
0 0.562500 0.256614 0.016369 0.089947
0 0.973214 0.331349 0.032738 0.130952
0 0.719866 0.382275 0.030506 0.134921
0 0.729167 0.241402 0.029762 0.064815
0 0.555060 0.099868 0.008929 0.038360
0 0.530134 0.085979 0.014137 0.034392
0 0.978795 0.279762 0.024554 0.080688
1 0.942336 0.195767 0.012649 0.031746
1 0.925967 0.190476 0.018601 0.034392