2 0.193540 0.634921 0.054097 0.063492
0 0.184086 0.645191 0.024685 0.076564
3 0.048845 0.291317 0.090336 0.089636
3 0.056197 0.204949 0.105042 0.094304
3 0.311187 0.287582 0.108718 0.087768
3 0.523634 0.379552 0.121849 0.142857
0 0.413866 0.619514 0.027311 0.071895
1 0.431197 0.612512 0.015756 0.028011
0 0.410714 0.592437 0.022059 0.071895
9 0.724790 0.505602 0.050420 0.055089
7 0.877363 0.517740 0.106618 0.109244
6 0.951943 0.471055 0.086660 0.077498
1 0.978204 0.466387 0.021534 0.062558
6 0.750788 0.462185 0.067752 0.069094
1 0.764443 0.460317 0.021534 0.061625
1 0.736345 0.453782 0.022059 0.048553
9 0.903361 0.404762 0.050420 0.055089
1 0.905462 0.401961 0.024160 0.055089
0 0.090074 0.137255 0.021534 0.059757
0 0.138393 0.084500 0.020483 0.066293
0 0.113708 0.051821 0.018382 0.060691
0 0.088761 0.073296 0.022059 0.070028
1 0.728992 0.499533 0.025210 0.065359
6 0.100840 0.038282 0.042017 0.039216
9 0.052521 0.091036 0.015756 0.060691
3 0.207721 0.169468 0.097164 0.103641
6 0.817489 0.685341 0.076155 0.160598
2 0.276523 0.056956 0.021534 0.063492
1 0.275210 0.049953 0.018908 0.056956
0 0.482143 0.048086 0.013655 0.055089
0 0.586922 0.125584 0.015231 0.058824
0 0.595326 0.119514 0.012080 0.054155
0 0.591649 0.109711 0.013130 0.058824
1 0.702731 0.134921 0.018908 0.034547
0 0.725053 0.138655 0.019433 0.056956
9 0.875000 0.873016 0.060924 0.076564
2 0.884716 0.889823 0.061450 0.056022
3 0.796744 0.320728 0.117647 0.105509
0 0.482405 0.042017 0.015231 0.059757