3 0.146796 0.701681 0.027836 0.043884
3 0.154149 0.677404 0.026786 0.038282
5 0.085084 0.642390 0.053571 0.115780
5 0.119485 0.592437 0.046744 0.090570
1 0.152574 0.597572 0.006828 0.028011
5 0.174370 0.588702 0.046218 0.077498
3 0.236082 0.692344 0.024685 0.049486
5 0.167542 0.612979 0.028361 0.055089
3 0.233456 0.676471 0.024685 0.043884
3 0.229779 0.661531 0.024685 0.043884
3 0.227416 0.637722 0.021008 0.033613
3 0.196691 0.582166 0.015231 0.021475
3 0.226891 0.617647 0.018908 0.027077
5 0.323267 0.594304 0.034139 0.066293
3 0.408088 0.577031 0.015756 0.022409
3 0.544380 0.602708 0.026786 0.027077
3 0.639443 0.646125 0.030987 0.031746
3 0.366334 0.574697 0.015231 0.021475
3 0.740021 0.689542 0.046218 0.043884
3 0.505252 0.676937 0.043067 0.042951
3 0.536239 0.695145 0.040966 0.049486
4 0.567752 0.718487 0.046218 0.058824
5 0.627889 0.678338 0.141282 0.126050
3 0.771008 0.634454 0.034664 0.027077
4 0.915966 0.671802 0.053571 0.049486
5 0.969538 0.669468 0.057773 0.072829
3 0.948004 0.641457 0.037815 0.035481
3 0.956408 0.624183 0.030462 0.025210
5 0.961922 0.621382 0.027836 0.027077
5 0.929622 0.613445 0.040966 0.042951
3 0.866334 0.633520 0.034139 0.032680
1 0.675158 0.820261 0.018382 0.066293
0 0.705882 0.805322 0.017857 0.060691
0 0.665704 0.808123 0.018382 0.066293
0 0.712447 0.812792 0.018382 0.071895
0 0.719013 0.765173 0.015756 0.060691
0 0.708771 0.821195 0.018382 0.060691
4 0.891544 0.751634 0.067752 0.059757
3 0.365284 0.584967 0.018382 0.032680
5 0.881828 0.658730 0.053571 0.045752
3 0.851891 0.711951 0.058824 0.049486
5 0.026523 0.627451 0.053046 0.104575
5 0.077994 0.600373 0.056197 0.104575
3 0.345326 0.579365 0.018382 0.027077