0 0.624256 0.440476 0.025298 0.150794
0 0.824777 0.624339 0.051339 0.190476
0 0.638765 0.191799 0.021577 0.068783
0 0.548363 0.459656 0.034226 0.154762
0 0.331845 0.518519 0.053571 0.169312
0 0.388765 0.384921 0.027530 0.140212
0 0.351562 0.452381 0.033482 0.158730
0 0.318452 0.373016 0.034226 0.134921
0 0.372768 0.382937 0.040179 0.115079
0 0.437872 0.401455 0.026042 0.138889
0 0.413318 0.373677 0.040923 0.144180
0 0.252604 0.433862 0.029018 0.171958
0 0.134301 0.371693 0.033482 0.124339
0 0.405878 0.301587 0.020089 0.105820
0 0.539807 0.203704 0.018601 0.084656
0 0.957961 0.282407 0.034970 0.117725
0 0.415923 0.290344 0.023810 0.107143
1 0.787574 0.273810 0.021577 0.089947
0 0.809524 0.268519 0.025298 0.084656
0 0.579985 0.181217 0.017113 0.044974
0 0.968378 0.935185 0.058780 0.121693
1 0.539062 0.317460 0.030506 0.087302
0 0.518601 0.291005 0.023810 0.068783
0 0.488467 0.156746 0.017113 0.054233
0 0.097470 0.319444 0.017857 0.062169
1 0.091890 0.309524 0.033482 0.058201
2 0.430432 0.343254 0.040923 0.070106
0 0.605655 0.140212 0.013393 0.071429
1 0.215774 0.217593 0.017857 0.038360
0 0.178199 0.135582 0.014137 0.056878
0 0.781250 0.181217 0.016369 0.060847
0 0.412946 0.118386 0.016369 0.059524
0 0.389137 0.105820 0.016369 0.047619
1 0.135789 0.119048 0.017113 0.031746
0 0.834821 0.176587 0.014881 0.051587
1 0.116071 0.123016 0.014881 0.029101
1 0.253348 0.117063 0.012649 0.030423
0 0.687128 0.134259 0.011161 0.048942
0 0.558780 0.107804 0.011905 0.051587
0 0.468006 0.219577 0.014881 0.052910
0 0.946801 0.322090 0.037946 0.117725
0 0.957961 0.324735 0.040923 0.128307
0 0.936756 0.216931 0.017857 0.076720
0 0.185268 0.101852 0.011905 0.039683
0 0.591518 0.099868 0.010417 0.035714
0 0.561384 0.083333 0.008185 0.037037
0 0.743676 0.136243 0.017113 0.052910
0 0.500000 0.072751 0.016369 0.052910
1 0.955729 0.172619 0.020089 0.064815
1 0.905878 0.187831 0.020089 0.039683
1 0.941592 0.192460 0.020089 0.033069
1 0.925967 0.189815 0.018601 0.035714