3 0.360819 0.495331 0.042017 0.092437
3 0.478466 0.600373 0.086134 0.078431
3 0.264706 0.030812 0.014706 0.024276
9 0.481092 0.297852 0.017857 0.039216
1 0.482405 0.293651 0.012080 0.034547
4 0.245798 0.006069 0.014706 0.012138
3 0.318277 0.231092 0.026261 0.042017
3 0.265756 0.133520 0.019958 0.035481
4 0.659139 0.633987 0.066176 0.095238
0 0.016019 0.873016 0.022584 0.069094
2 0.171481 0.875817 0.033088 0.070962
3 0.888655 0.190476 0.042017 0.035481
3 0.710347 0.069561 0.026786 0.025210
4 0.717700 0.106909 0.026786 0.027077
3 0.951418 0.238562 0.043592 0.036415
3 0.945116 0.221289 0.036239 0.035481
3 0.978992 0.180672 0.034664 0.040149
4 0.383666 0.158730 0.021534 0.039216
3 0.303571 0.078898 0.030462 0.027077
3 0.149160 0.633053 0.100840 0.084034
3 0.280200 0.565359 0.089811 0.079365
3 0.412290 0.347339 0.030462 0.054155
0 0.033876 0.864146 0.023634 0.075630
0 0.049895 0.849673 0.022059 0.078431
9 0.062763 0.798319 0.032038 0.054155
1 0.059874 0.779178 0.018908 0.056956
0 0.017069 0.849206 0.025735 0.068161
3 0.925158 0.236695 0.040441 0.034547
3 0.923582 0.208217 0.036239 0.031746
4 0.856355 0.195612 0.037290 0.032680
4 0.839286 0.190009 0.031513 0.036415
4 0.854779 0.173669 0.036239 0.033613
4 0.839023 0.165266 0.035189 0.031746
3 0.827468 0.187675 0.036239 0.028011
3 0.808561 0.175537 0.033088 0.029879
3 0.788603 0.171802 0.027836 0.026144
3 0.775998 0.160131 0.027836 0.025210
3 0.862132 0.133520 0.027836 0.024276
3 0.842700 0.129785 0.026786 0.028011
3 0.834296 0.113445 0.032038 0.030812
3 0.815914 0.110177 0.025735 0.026144
3 0.798057 0.101774 0.030987 0.031746
3 0.770221 0.093371 0.029937 0.026144
3 0.729517 0.074230 0.026261 0.028945