9 0.827939 0.678902 0.022693 0.073413
6 0.552827 0.327050 0.012649 0.029762
6 0.639881 0.363095 0.023810 0.039683
6 0.699219 0.278439 0.025670 0.041005
9 0.782924 0.209325 0.011533 0.029762
0 0.523810 0.321759 0.007440 0.029762
9 0.072731 0.653770 0.034598 0.035053
3 0.069196 0.633929 0.031250 0.036376
3 0.070312 0.617063 0.036458 0.034392
9 0.781064 0.196759 0.012277 0.027116
3 0.444940 0.740079 0.081101 0.076720
3 0.499070 0.656746 0.075521 0.079365
3 0.562686 0.757937 0.092634 0.079365
3 0.656994 0.543981 0.058780 0.060185
6 0.452195 0.677579 0.037574 0.053571
2 0.796689 0.988095 0.044271 0.021164
9 0.593750 0.997685 0.019345 0.004630
9 0.838914 0.396825 0.014881 0.039683
9 0.838542 0.350860 0.015625 0.037698
2 0.797247 0.383929 0.020089 0.040344
9 0.400670 0.472884 0.017857 0.034392
9 0.333705 0.439484 0.021577 0.033730
9 0.290737 0.411045 0.020461 0.031085
9 0.549107 0.498677 0.025298 0.038360
9 0.731585 0.707672 0.015997 0.046296
0 0.924479 0.476852 0.012649 0.044974
9 0.793899 0.520503 0.015625 0.044974
9 0.447917 0.650794 0.027530 0.038360
9 0.181920 0.370040 0.023065 0.027116
9 0.489769 0.465939 0.022693 0.041667
2 0.278460 0.686177 0.027158 0.048280
9 0.400856 0.672619 0.021949 0.035714
6 0.258185 0.565476 0.052827 0.070106
9 0.688616 0.778770 0.042411 0.048280
9 0.742001 0.822751 0.035342 0.044974
9 0.791667 0.577050 0.013393 0.048280
9 0.486607 0.416667 0.026786 0.031746
2 0.447917 0.953373 0.026786 0.061508
9 0.762835 0.226521 0.011533 0.032407
0 0.591332 0.886905 0.015253 0.056878
1 0.401600 0.471230 0.008557 0.046958
1 0.537202 0.534392 0.011905 0.048942
1 0.294271 0.407407 0.014137 0.044974
1 0.502232 0.501984 0.016369 0.044974
1 0.476749 0.330026 0.032366 0.039683
0 0.531250 0.357804 0.006696 0.027778
9 0.542411 0.363757 0.015625 0.038360
0 0.600074 0.276124 0.007440 0.035053
9 0.597470 0.376653 0.013393 0.039021
9 0.397507 0.661706 0.012277 0.040344
2 0.119606 0.328373 0.018229 0.027116
9 0.144531 0.340939 0.018973 0.029762
9 0.163876 0.359458 0.023438 0.028439
6 0.200335 0.365410 0.022693 0.032407
0 0.168713 0.512235 0.011533 0.040344
9 0.206659 0.627976 0.026414 0.036376
9 0.214472 0.573082 0.016741 0.046958
4 0.381324 0.571759 0.065476 0.090608
3 0.312314 0.534392 0.056176 0.067460
3 0.177641 0.421958 0.053199 0.055556
3 0.123140 0.385582 0.051339 0.055556
3 0.223958 0.467262 0.055060 0.068122
3 0.173363 0.738426 0.043155 0.085317
0 0.129092 0.749669 0.015625 0.050926
0 0.846540 0.639550 0.012277 0.038360
0 0.827939 0.642196 0.014509 0.043651
0 0.861049 0.744709 0.015253 0.050265
0 0.850446 0.736111 0.019345 0.054233
0 0.261347 0.916667 0.017485 0.055556
0 0.272879 0.910714 0.016741 0.055556
0 0.386161 0.534392 0.012649 0.039683
0 0.373512 0.536706 0.009673 0.041667
5 0.647693 0.385251 0.048363 0.083995
3 0.681362 0.356812 0.032366 0.053571
3 0.709635 0.321098 0.035342 0.050926
3 0.738653 0.288029 0.031622 0.045635
3 0.763579 0.264550 0.035342 0.043651
3 0.788318 0.230489 0.031250 0.037698
3 0.810082 0.208003 0.029390 0.042989
3 0.828683 0.179563 0.029390 0.041667
5 0.888951 0.108796 0.031622 0.053571
3 0.920015 0.108135 0.021577 0.036376
3 0.928757 0.083333 0.018973 0.027778
3 0.600632 0.322421 0.039062 0.048280
3 0.120164 0.302249 0.046131 0.043651
7 0.212240 0.348876 0.033854 0.045635
7 0.305804 0.378638 0.036458 0.052249
6 0.267299 0.530423 0.028646 0.055556
0 0.357143 0.718585 0.015625 0.048280
9 0.522321 0.470569 0.015625 0.040344
9 0.497768 0.500992 0.019345 0.045635
9 0.535342 0.542328 0.018601 0.044974
7 0.574591 0.417659 0.031622 0.062831
7 0.571429 0.442460 0.021577 0.050265
2 0.693080 0.415013 0.016369 0.027116
9 0.498512 0.975198 0.034226 0.046958
9 0.551153 0.929563 0.023438 0.058862
0 0.495350 0.393519 0.007068 0.030423
9 0.888021 0.160053 0.007440 0.027778
6 0.031064 0.748347 0.062128 0.089286
0 0.400670 0.395503 0.010417 0.039683
9 0.258743 0.687500 0.034598 0.052249
9 0.244606 0.359458 0.015253 0.033730