2 0.749737 0.439776 0.030987 0.037348
1 0.753676 0.430439 0.013655 0.052288
0 0.602679 0.176004 0.008929 0.030812
0 0.589286 0.087768 0.008403 0.035481
9 0.891807 0.505602 0.030462 0.040149
1 0.893382 0.490196 0.011555 0.042951
0 0.713761 0.251167 0.011555 0.042951
3 0.966124 0.447712 0.066702 0.066293
3 0.669380 0.287582 0.036239 0.056022
1 0.526523 0.077965 0.007878 0.025210
3 0.654937 0.252101 0.029412 0.042951
0 0.785452 0.415966 0.013130 0.049486
0 0.769170 0.413632 0.011029 0.050420
3 0.583508 0.571895 0.059874 0.126050
3 0.526261 0.457516 0.044118 0.082166
3 0.633403 0.189076 0.024160 0.038282
3 0.596639 0.115780 0.015756 0.028011
3 0.289128 0.239496 0.035189 0.047619
3 0.334559 0.152194 0.022059 0.033613
3 0.360819 0.090570 0.018908 0.033613
3 0.366597 0.077965 0.013655 0.025210
3 0.374737 0.066293 0.014181 0.020542
3 0.396534 0.048553 0.015756 0.028011
3 0.445378 0.314659 0.037815 0.084034
3 0.399947 0.304855 0.030987 0.070028
3 0.392595 0.249767 0.028887 0.049486
3 0.429359 0.535948 0.047794 0.112045
3 0.453519 0.192810 0.022584 0.040149
3 0.456670 0.166200 0.019433 0.029879
3 0.369748 0.455649 0.054622 0.119514
3 0.425420 0.117180 0.018908 0.036415
3 0.409401 0.145191 0.021534 0.034547
3 0.515231 0.097572 0.022059 0.034547
3 0.533088 0.215219 0.027311 0.049486
0 0.830357 0.425770 0.013655 0.050420
3 0.643645 0.226424 0.026786 0.038282
1 0.884191 0.485528 0.012080 0.039216
3 0.397584 0.015406 0.012605 0.021475
3 0.448529 0.246032 0.029412 0.056956
3 0.412815 0.210084 0.026261 0.042951
3 0.425945 0.169468 0.022059 0.034547
3 0.491334 0.077498 0.017332 0.029879
3 0.457458 0.140990 0.016807 0.029879
3 0.431723 0.149393 0.018908 0.033613
3 0.508403 0.022876 0.014706 0.023343
3 0.488971 0.019608 0.012605 0.022409
3 0.469800 0.017274 0.013130 0.019608
0 0.055935 0.338002 0.011029 0.052288
1 0.050158 0.338936 0.011029 0.048553
3 0.574317 0.056489 0.012080 0.021475
2 0.252101 0.418768 0.033613 0.043884
1 0.251838 0.406162 0.015231 0.059757
0 0.111082 0.384220 0.013130 0.051354
9 0.569328 0.384220 0.014706 0.051354
9 0.559874 0.309991 0.012605 0.041083
1 0.571166 0.372549 0.013130 0.044818
1 0.562500 0.300187 0.013655 0.040149