5 0.632878 0.431373 0.019958 0.041083
3 0.536765 0.327264 0.022059 0.068161
3 0.584296 0.547152 0.023634 0.042951
3 0.611345 0.649860 0.036765 0.057890
3 0.609769 0.334734 0.031513 0.023343
3 0.754464 0.240430 0.018382 0.027077
4 0.555147 0.293651 0.009454 0.019608
3 0.407300 0.643324 0.020483 0.052288
3 0.454832 0.403828 0.013655 0.032680
5 0.431723 0.163866 0.013655 0.030812
3 0.513918 0.242297 0.009979 0.017740
3 0.392332 0.473856 0.019958 0.038282
3 0.412553 0.400560 0.015231 0.033613
5 0.498687 0.204949 0.012080 0.025210
3 0.423057 0.344071 0.012080 0.027077
3 0.450893 0.341270 0.012080 0.025210
4 0.476891 0.268908 0.014706 0.035481
5 0.548582 0.179739 0.014181 0.030812