3 0.268645 0.026144 0.017332 0.026144
2 0.161239 0.820728 0.030462 0.069094
3 0.410452 0.736228 0.099265 0.137255
3 0.888918 0.188142 0.042542 0.036415
3 0.702468 0.055556 0.026786 0.025210
4 0.708771 0.087302 0.026786 0.027077
3 0.945116 0.218021 0.043592 0.032680
3 0.941439 0.190476 0.039391 0.035481
3 0.973477 0.156863 0.037290 0.039216
3 0.387868 0.516807 0.054097 0.098039
4 0.339023 0.359010 0.043592 0.098039
5 0.404674 0.393557 0.050945 0.086835
3 0.604254 0.602708 0.073004 0.098039
3 0.680935 0.598039 0.076155 0.103641
3 0.443277 0.392157 0.030462 0.061625
3 0.440126 0.309991 0.044118 0.056022
3 0.367647 0.226424 0.029412 0.045752
4 0.376313 0.129318 0.020483 0.036415
3 0.370536 0.316993 0.034139 0.056956
3 0.311450 0.293651 0.030462 0.049486
3 0.298845 0.199346 0.029412 0.047619
3 0.258666 0.114379 0.018382 0.034547
3 0.320641 0.108777 0.020483 0.028945
3 0.253676 0.049020 0.023109 0.028945
3 0.293067 0.056956 0.017857 0.024276
3 0.257353 0.037348 0.014706 0.024276
0 0.222689 0.761438 0.018908 0.075630
0 0.215861 0.744164 0.021008 0.078431
0 0.183298 0.684407 0.018908 0.061625
1 0.205095 0.688142 0.016282 0.039216
9 0.050420 0.726424 0.027311 0.061625
1 0.046744 0.706816 0.018908 0.056022
0 0.010242 0.784314 0.019433 0.070962
3 0.920693 0.207750 0.039916 0.036415
3 0.919380 0.178805 0.036239 0.032680
4 0.852679 0.168534 0.037290 0.032680
4 0.835347 0.161998 0.032038 0.036415
4 0.850578 0.146125 0.036239 0.034547
4 0.833771 0.137722 0.035189 0.032680
3 0.823792 0.158263 0.036239 0.028945
3 0.803309 0.147993 0.033088 0.030812
3 0.780725 0.145191 0.027836 0.027077
3 0.772321 0.137722 0.027836 0.025210
3 0.855305 0.109711 0.027836 0.025210
3 0.835872 0.105976 0.026786 0.028945
3 0.827994 0.097572 0.032038 0.030812
3 0.813288 0.095705 0.025735 0.027077
3 0.800158 0.089169 0.030987 0.032680
3 0.763918 0.074230 0.029937 0.027077
3 0.721376 0.059290 0.026786 0.028945