9 0.974527 0.446312 0.028887 0.035481
1 0.975578 0.431373 0.011029 0.037348
3 0.841649 0.302988 0.037290 0.056956
3 0.828256 0.267040 0.029412 0.042951
0 0.944590 0.402428 0.011029 0.048553
0 0.929884 0.394958 0.011029 0.052288
3 0.684349 0.963585 0.073529 0.070962
3 0.804359 0.202148 0.024685 0.038282
3 0.771271 0.123716 0.015231 0.027077
3 0.454307 0.224556 0.034664 0.047619
3 0.501576 0.140990 0.023109 0.033613
3 0.532038 0.086368 0.018908 0.034547
3 0.538603 0.072362 0.013130 0.025210
3 0.545693 0.063959 0.013655 0.021475
3 0.611607 0.246032 0.032038 0.068161
3 0.569853 0.252101 0.023109 0.052288
3 0.565389 0.218487 0.026786 0.042951
3 0.608456 0.318394 0.030987 0.061625
3 0.618172 0.182073 0.018908 0.029879
3 0.619748 0.161998 0.018908 0.028945
3 0.558824 0.299720 0.034664 0.076564
3 0.573792 0.140990 0.021534 0.033613
3 0.743697 0.374883 0.057773 0.070028
0 0.978204 0.394491 0.015231 0.055089
3 0.813813 0.235761 0.026786 0.038282
1 0.966649 0.432306 0.011029 0.033613
3 0.566964 0.016340 0.012080 0.021475
3 0.614758 0.204949 0.021534 0.034547
3 0.580357 0.190009 0.026261 0.043884
3 0.592437 0.161531 0.022059 0.033613
3 0.643382 0.365546 0.052521 0.066293
3 0.622637 0.138655 0.016282 0.028945
3 0.662553 0.054155 0.016282 0.033613
3 0.625788 0.072829 0.018382 0.033613
3 0.686450 0.163399 0.026261 0.052288
8 0.399160 0.387488 0.218487 0.158730
3 0.706145 0.232026 0.028887 0.051354
3 0.687500 0.098506 0.023109 0.038282
2 0.700630 0.268441 0.024160 0.036415
1 0.702468 0.258170 0.018382 0.047619
2 0.524422 0.413632 0.058298 0.070962
1 0.512605 0.403828 0.018908 0.066293
3 0.558561 0.753501 0.112920 0.160598
3 0.677521 0.470121 0.092437 0.075630
3 0.660714 0.280112 0.033613 0.061625
3 0.881565 0.502801 0.103466 0.079365
9 0.929359 0.439776 0.023634 0.033613
1 0.930410 0.423903 0.008929 0.037348
3 0.747111 0.055556 0.012080 0.021475
0 0.125263 0.332866 0.008929 0.049486
0 0.439076 0.350140 0.012605 0.048553
9 0.251576 0.460317 0.034664 0.041083
1 0.252626 0.447246 0.015756 0.057890