3 0.763393 0.512605 0.032038 0.052288
3 0.751838 0.486928 0.026786 0.038282
0 0.818540 0.523810 0.006828 0.033613
0 0.800683 0.526611 0.008929 0.029879
3 0.630515 0.349206 0.018382 0.033613
3 0.410452 0.568627 0.058298 0.057890
3 0.444328 0.464986 0.029412 0.042951
3 0.480305 0.399627 0.021534 0.033613
3 0.502889 0.357143 0.015231 0.028945
3 0.509716 0.348273 0.014181 0.024276
3 0.516282 0.343137 0.012605 0.023343
3 0.135242 0.513539 0.050945 0.048553
3 0.575368 0.474323 0.026786 0.052288
3 0.546744 0.446312 0.018908 0.033613
3 0.559874 0.387488 0.013655 0.028011
3 0.572742 0.521942 0.026786 0.050420
3 0.930672 0.665266 0.068277 0.056956
3 0.580620 0.425770 0.016282 0.028011
3 0.583508 0.405696 0.015756 0.028945
3 0.534139 0.502801 0.026261 0.055089
3 0.542017 0.402428 0.018908 0.033613
9 0.637342 0.338002 0.013130 0.029879
9 0.647321 0.338469 0.011029 0.025210
1 0.636029 0.338469 0.008403 0.027077
1 0.645483 0.339402 0.010504 0.025210
0 0.798057 0.477124 0.011029 0.037348
0 0.815389 0.528011 0.006828 0.028945
0 0.541492 0.553688 0.008403 0.041083
0 0.541754 0.563025 0.008929 0.041083
3 0.741597 0.461251 0.024160 0.033613
1 0.572479 0.565359 0.011555 0.043884
2 0.569065 0.578431 0.021534 0.025210
9 0.550683 0.579365 0.022584 0.030812
1 0.548582 0.568161 0.011029 0.038282
0 0.935399 0.557423 0.007353 0.041083
0 0.816964 0.504202 0.011029 0.044818
0 0.941439 0.552754 0.008929 0.029879
9 0.736345 0.514939 0.011555 0.028945
1 0.738183 0.499533 0.009979 0.029879
3 0.533613 0.307190 0.013655 0.024276
3 0.576943 0.446779 0.020483 0.038282
3 0.585609 0.384687 0.013655 0.024276
3 0.516282 0.485528 0.021008 0.042951
2 0.448529 0.741830 0.030462 0.040149
1 0.449055 0.727824 0.016807 0.053221
0 0.842700 0.521008 0.008929 0.037348
0 0.542805 0.559290 0.008929 0.041083
0 0.640494 0.503268 0.008929 0.037348