3 0.849265 0.901961 0.067647 0.120261
3 0.940074 0.764706 0.094853 0.073203
7 0.198897 0.894771 0.058088 0.116340
5 0.913971 0.702614 0.079412 0.077124
1 0.832721 0.969281 0.016912 0.048366
0 0.862132 0.524183 0.009559 0.018301
3 0.519118 0.128758 0.010294 0.016993
3 0.538603 0.125490 0.008088 0.018301
2 0.640074 0.401961 0.008088 0.022222
4 0.531250 0.147059 0.011029 0.022222
1 0.626838 0.444444 0.011029 0.020915
3 0.606618 0.174510 0.027941 0.024837
3 0.594485 0.153595 0.028676 0.024837
1 0.533824 0.256209 0.010294 0.023529
0 0.270221 0.858824 0.012500 0.052288
0 0.476471 0.277778 0.010294 0.024837
3 0.681250 0.319608 0.031618 0.022222
3 0.672426 0.297386 0.030147 0.019608
3 0.660662 0.277778 0.034559 0.024837
3 0.638235 0.255556 0.020588 0.024837
3 0.606618 0.222222 0.023529 0.023529
1 0.626471 0.432680 0.007353 0.026144
0 0.642279 0.391503 0.009559 0.027451
0 0.515441 0.318954 0.010294 0.036601
3 0.452206 0.490850 0.025000 0.074510
3 0.452941 0.354248 0.017647 0.039216
3 0.178676 0.629412 0.050000 0.074510
3 0.197794 0.443137 0.033824 0.049673
3 0.221324 0.468627 0.027941 0.048366
3 0.855515 0.552288 0.077206 0.064052
3 0.883088 0.533987 0.066176 0.050980
3 0.755515 0.503922 0.038971 0.050980
0 0.534559 0.393464 0.010294 0.031373