1 0.446691 0.092904 0.012080 0.032680
1 0.465074 0.096639 0.012080 0.032680
9 0.449055 0.115313 0.015756 0.030812
9 0.466387 0.112512 0.012605 0.032680
0 0.697742 0.083567 0.011029 0.038282
0 0.707195 0.081699 0.008929 0.038282
1 0.713498 0.078898 0.008929 0.043884
0 0.753676 0.065359 0.014706 0.039216
0 0.698267 0.065826 0.012080 0.038282
2 0.733456 0.061158 0.012080 0.032680
3 0.263918 0.261438 0.118172 0.082166
3 0.637342 0.554622 0.127626 0.196078
6 0.587973 0.356209 0.082458 0.101774
3 0.396534 0.220355 0.101891 0.070962
3 0.330620 0.401961 0.142332 0.101774
3 0.808298 0.396825 0.079832 0.125117
3 0.355567 0.335668 0.111345 0.084967
3 0.161502 0.326331 0.125525 0.101774
3 0.672532 0.214286 0.101366 0.068161
3 0.844275 0.198413 0.085609 0.071895
3 0.084034 0.401027 0.130252 0.094304
3 0.936450 0.228758 0.097689 0.082166
0 0.220063 0.164332 0.012605 0.059757
0 0.231092 0.163399 0.014706 0.059757
2 0.838235 0.756303 0.074580 0.076564
1 0.841912 0.727358 0.039916 0.098973
9 0.361607 0.297852 0.036239 0.042951
1 0.357931 0.277311 0.023634 0.056022
3 0.477416 0.055089 0.029412 0.059757
3 0.668067 0.024743 0.036765 0.047619
0 0.607405 0.903361 0.040441 0.137255
0 0.603466 0.864146 0.030462 0.122316
1 0.164653 0.074230 0.012080 0.049486
1 0.155725 0.071895 0.011029 0.044818
1 0.148372 0.069561 0.012080 0.043884
1 0.137342 0.077498 0.012080 0.044818
1 0.125788 0.073763 0.012080 0.042951
1 0.116597 0.088235 0.012605 0.043884