0 0.276523 0.799720 0.019433 0.083100
0 0.286239 0.730159 0.012605 0.046685
0 0.309086 0.710084 0.019433 0.055089
3 0.312763 0.730626 0.049895 0.066293
0 0.529412 0.675070 0.018908 0.078431
0 0.965599 0.609244 0.012080 0.066293
0 0.912553 0.891223 0.018382 0.071895
0 0.936187 0.909897 0.018382 0.060691
0 0.856092 0.773576 0.021008 0.066293
0 0.815914 0.775444 0.015231 0.060691
0 0.775998 0.801587 0.018382 0.055089
0 0.710872 0.746965 0.035189 0.061625
0 0.927521 0.561625 0.025210 0.055089
0 0.248424 0.794118 0.017857 0.094304
4 0.506828 0.187208 0.086134 0.084967
3 0.631828 0.105042 0.082983 0.081232
0 0.637080 0.690009 0.027311 0.076564
6 0.584034 0.627451 0.108193 0.138189
4 0.812500 0.594771 0.114496 0.126984
0 0.658613 0.867880 0.024160 0.094304
0 0.688288 0.881419 0.030987 0.072829
0 0.518382 0.906629 0.025210 0.089636
0 0.546218 0.828198 0.024160 0.093371
9 0.600840 0.793184 0.068277 0.094304
0 0.519170 0.816060 0.024685 0.076564
0 0.527311 0.768908 0.022059 0.084967
1 0.409926 0.781513 0.029937 0.061625
1 0.422269 0.740430 0.025210 0.067227
0 0.326155 0.746965 0.028361 0.093371
3 0.192227 0.667134 0.151261 0.161531
0 0.281250 0.906162 0.029937 0.090570
0 0.476628 0.753968 0.015231 0.051354
0 0.477679 0.715686 0.015231 0.051354
0 0.389443 0.671335 0.018382 0.065359
0 0.427521 0.671335 0.015756 0.070962
0 0.414653 0.654995 0.017332 0.070028
6 0.681985 0.642390 0.058298 0.070962
9 0.467700 0.094771 0.038340 0.030812
1 0.470588 0.079832 0.014706 0.042017
1 0.475315 0.084034 0.012605 0.039216
0 0.289653 0.235761 0.023634 0.073763
0 0.266019 0.381419 0.022584 0.075630
0 0.198004 0.375817 0.025210 0.073763
0 0.214548 0.359477 0.020483 0.070962
0 0.198529 0.341270 0.024160 0.073763
0 0.180935 0.357143 0.020483 0.068161
9 0.174370 0.517274 0.058824 0.054155
1 0.168067 0.497199 0.014706 0.070028
1 0.158351 0.494398 0.019433 0.062558
3 0.868697 0.087768 0.076681 0.061625