4 0.441702 0.725490 0.037815 0.059757
8 0.619485 0.624183 0.030987 0.055089
5 0.920168 0.713352 0.154412 0.134454
3 0.585347 0.596172 0.015231 0.019608
3 0.790966 0.710084 0.042017 0.038282
3 0.526261 0.696545 0.023109 0.041083
5 0.329044 0.661064 0.074055 0.119514
5 0.380777 0.624650 0.053571 0.076564
4 0.523109 0.749300 0.033613 0.064426
5 0.671481 0.598506 0.038340 0.042951
3 0.467437 0.656396 0.015756 0.031746
5 0.642332 0.603641 0.027311 0.034547
3 0.537553 0.625117 0.015231 0.027077
3 0.521271 0.654995 0.015231 0.032680
3 0.761292 0.851074 0.065651 0.084967
3 0.662553 0.700747 0.028887 0.047619
3 0.525998 0.628852 0.015231 0.027077
5 0.480830 0.608310 0.037290 0.066293
3 0.459034 0.690943 0.024160 0.044818
3 0.465599 0.668067 0.015231 0.032680
5 0.392595 0.669935 0.049895 0.103641
5 0.435399 0.612045 0.039916 0.073763
3 0.529412 0.673669 0.021008 0.038282
5 0.481092 0.629785 0.034664 0.075630
3 0.527311 0.673669 0.021008 0.032680
3 0.881565 0.769374 0.059349 0.056022
3 0.826681 0.730159 0.050420 0.044818
3 0.599002 0.606443 0.015231 0.021475