3 0.033613 0.302054 0.033613 0.060691
3 0.037027 0.238562 0.039391 0.055089
3 0.523109 0.843137 0.037815 0.054155
3 0.455620 0.929038 0.027836 0.061625
9 0.469800 0.587768 0.012080 0.021475
2 0.515494 0.340803 0.014181 0.016807
9 0.401786 0.728758 0.009454 0.021475
0 0.366597 0.766573 0.009454 0.014939
9 0.531775 0.335668 0.015231 0.025210
0 0.800420 0.924837 0.012605 0.021475
0 0.640231 0.656863 0.012605 0.025210
0 0.627101 0.593371 0.008403 0.014006
0 0.350053 0.760504 0.007878 0.015873
3 0.310662 0.589169 0.039391 0.039216
3 0.328782 0.556489 0.037815 0.044818
3 0.338761 0.518207 0.037815 0.044818
3 0.256040 0.557423 0.039391 0.044818
3 0.284664 0.529412 0.037815 0.041083
3 0.289916 0.485061 0.038866 0.045752
3 0.215599 0.529412 0.037290 0.037348
4 0.234244 0.497666 0.039916 0.044818
3 0.244223 0.453782 0.033613 0.041083
3 0.168592 0.505135 0.040966 0.044818
3 0.186187 0.469188 0.039391 0.047619
3 0.189601 0.425770 0.037815 0.044818
3 0.717174 0.680205 0.040441 0.043884
3 0.751313 0.659197 0.040441 0.046685
3 0.721113 0.588235 0.035714 0.039216
3 0.743172 0.559757 0.039916 0.043884
3 0.750525 0.706349 0.033613 0.036415
3 0.844275 0.711485 0.040441 0.046685
3 0.884979 0.691877 0.043067 0.046685
3 0.802258 0.598039 0.040441 0.045752
3 0.790704 0.730626 0.038340 0.043884
3 0.837185 0.759570 0.039916 0.043884
3 0.881828 0.784781 0.042017 0.045752
3 0.925420 0.808123 0.039916 0.045752
3 0.027574 0.353875 0.041492 0.039216
3 0.111345 0.473856 0.040966 0.047619
3 0.069590 0.442577 0.039391 0.048553
3 0.116859 0.288515 0.038340 0.042951
3 0.170431 0.316993 0.043592 0.049486
4 0.071691 0.281046 0.039391 0.039216
8 0.476366 0.778711 0.059874 0.143791
3 0.624212 0.795985 0.037290 0.040149
3 0.776261 0.827731 0.034664 0.036415
5 0.555410 0.558357 0.028887 0.061625
5 0.442227 0.781046 0.079832 0.210084
3 0.377626 0.891223 0.030462 0.066293
3 0.663603 0.285714 0.025735 0.061625
3 0.594800 0.584034 0.020483 0.071895
3 0.599527 0.466387 0.023634 0.068161
8 0.589548 0.278245 0.065651 0.134454
3 0.717700 0.144258 0.032038 0.064426
3 0.754202 0.057423 0.030462 0.060691
3 0.642069 0.232960 0.027836 0.062558
3 0.638918 0.169935 0.028887 0.061625
4 0.973214 0.835668 0.048319 0.048553
3 0.039653 0.401494 0.024685 0.065359
3 0.014443 0.409897 0.028887 0.042951