3 0.133141 0.704482 0.027836 0.043884
3 0.139443 0.682073 0.027836 0.040149
5 0.075105 0.643324 0.053571 0.115780
5 0.111607 0.586835 0.046744 0.088702
1 0.142857 0.596172 0.006303 0.027077
5 0.160714 0.577965 0.046218 0.082166
5 0.146796 0.633987 0.034139 0.067227
3 0.221639 0.697946 0.030462 0.043884
3 0.219275 0.681139 0.024685 0.043884
3 0.214811 0.653595 0.021008 0.033613
3 0.181985 0.583100 0.015231 0.021475
3 0.215336 0.629785 0.018908 0.027077
8 0.664128 0.927171 0.213761 0.141923
3 0.393645 0.574230 0.015231 0.020542
3 0.888130 0.758170 0.074580 0.065359
3 0.353729 0.571895 0.020483 0.027077
3 0.483456 0.674603 0.040441 0.049486
4 0.511817 0.688609 0.040441 0.055089
5 0.610032 0.673669 0.141282 0.127918
3 0.756565 0.634454 0.034139 0.027077
4 0.902836 0.666200 0.053571 0.049486
5 0.963498 0.670401 0.070903 0.070962
3 0.948004 0.641457 0.037815 0.035481
3 0.956408 0.624183 0.030462 0.025210
5 0.944065 0.618581 0.027836 0.027077
5 0.914128 0.609711 0.040441 0.042951
3 0.852153 0.632120 0.035189 0.031746
0 0.440389 0.763305 0.012080 0.060691
0 0.486607 0.764239 0.015231 0.060691
0 0.437763 0.758637 0.012080 0.060691
0 0.488183 0.764706 0.015231 0.059757
0 0.508666 0.707283 0.012080 0.049486
0 0.463498 0.764239 0.015231 0.055089
5 0.866597 0.654062 0.053571 0.043884
3 0.443015 0.561625 0.021534 0.027077
5 0.020221 0.637722 0.040441 0.104575
5 0.073267 0.597106 0.068803 0.116713
3 0.329569 0.575630 0.018382 0.027077
4 0.567489 0.722222 0.059349 0.060691
4 0.666229 0.645658 0.037290 0.040149
3 0.212447 0.628852 0.018382 0.032680
3 0.214286 0.614379 0.018908 0.031746
3 0.815651 0.829599 0.076681 0.062558
4 0.876050 0.739029 0.065126 0.062558