3 0.608631 0.711640 0.025298 0.039683
4 0.596354 0.802249 0.026042 0.043651
4 0.853795 0.708995 0.021577 0.026455
4 0.837798 0.675926 0.026786 0.031746
4 0.870908 0.593254 0.018601 0.046296
3 0.889881 0.657407 0.020833 0.047619
3 0.702381 0.696429 0.020833 0.048942
3 0.673363 0.771825 0.020833 0.046296
3 0.123512 0.605820 0.031250 0.037037
3 0.196429 0.490741 0.025298 0.034392
3 0.009673 0.623016 0.019345 0.047619
3 0.853423 0.175265 0.026786 0.035714
5 0.959821 0.114418 0.031250 0.041005
4 0.713914 0.149471 0.024554 0.042328
4 0.739211 0.230159 0.030506 0.029101
3 0.296503 0.232143 0.018601 0.054233
3 0.255952 0.209656 0.016369 0.046296
3 0.249256 0.156746 0.017857 0.051587
3 0.281250 0.151455 0.017857 0.043651
3 0.328869 0.182540 0.020833 0.047619
3 0.307664 0.096561 0.021577 0.047619
4 0.338542 0.515212 0.025298 0.041005
3 0.380208 0.410714 0.020833 0.043651
3 0.354167 0.219577 0.011905 0.034392
8 0.743676 0.296958 0.063244 0.030423
7 0.989955 0.224868 0.015625 0.037037
3 0.594122 0.170635 0.026042 0.039683
9 0.338914 0.242725 0.009673 0.030423
4 0.047991 0.693122 0.023065 0.037037
3 0.377976 0.267196 0.014881 0.050265
3 0.545387 0.972884 0.020833 0.048942
4 0.529018 0.895503 0.014881 0.042328
4 0.573661 0.897487 0.022321 0.038360
7 0.740699 0.160053 0.014137 0.034392
3 0.035342 0.222222 0.027530 0.034392