3 0.725840 0.529412 0.031513 0.048553
3 0.713498 0.503735 0.030987 0.043884
0 0.804622 0.581699 0.008403 0.041083
0 0.791754 0.580766 0.009979 0.041083
3 0.658876 0.383287 0.015231 0.027077
3 0.381565 0.480392 0.034139 0.045752
3 0.418067 0.410364 0.021008 0.036415
3 0.444853 0.362278 0.017857 0.033613
3 0.450630 0.352941 0.012605 0.033613
3 0.457195 0.343604 0.013130 0.020542
3 0.023372 0.559757 0.046744 0.047619
3 0.524685 0.493931 0.031513 0.050420
3 0.486345 0.494865 0.024160 0.042951
3 0.480830 0.471522 0.025735 0.042951
3 0.523372 0.543417 0.025735 0.050420
3 0.526523 0.441176 0.019433 0.028945
3 0.528361 0.422035 0.018908 0.028011
3 0.479517 0.535481 0.031513 0.066293
3 0.486082 0.412232 0.021534 0.034547
0 0.834034 0.583567 0.008403 0.041083
0 0.304359 0.592904 0.008929 0.041083
0 0.302258 0.594771 0.006828 0.041083
3 0.698792 0.473856 0.028887 0.038282
9 0.770746 0.610644 0.023634 0.033613
1 0.771271 0.603175 0.011029 0.037348
0 0.930147 0.567694 0.007353 0.041083
0 0.939863 0.569561 0.008929 0.029879
3 0.475578 0.309991 0.012080 0.020542
3 0.524685 0.461718 0.021008 0.032680
3 0.493435 0.449580 0.021534 0.038282
3 0.506828 0.412232 0.015756 0.034547
3 0.529674 0.399627 0.016282 0.029879
3 0.749212 0.753501 0.102416 0.078431
3 0.531775 0.623249 0.065651 0.062558
3 0.376838 0.654062 0.076155 0.073763
3 0.357143 0.605509 0.075630 0.060691
3 0.232143 0.629785 0.076681 0.056956
8 0.750263 0.630252 0.207458 0.151261
3 0.847952 0.652194 0.068803 0.070028
3 0.676733 0.600373 0.049895 0.054155
2 0.277311 0.683473 0.034664 0.039216
1 0.277574 0.679739 0.019433 0.046685
3 0.960872 0.705415 0.075105 0.075630
2 0.950630 0.846405 0.033613 0.042017
1 0.950368 0.831466 0.017332 0.056956
2 0.697479 0.581699 0.026261 0.033613
1 0.696166 0.575163 0.015231 0.033613
0 0.268120 0.550420 0.008929 0.040149
0 0.286239 0.551821 0.011555 0.044818
0 0.758929 0.494398 0.008403 0.032680
9 0.727153 0.567694 0.013130 0.033613
1 0.727153 0.553221 0.009979 0.036415
3 0.497637 0.263772 0.011029 0.015873
3 0.636029 0.328198 0.011555 0.021475
2 0.510767 0.309991 0.005777 0.014939
2 0.519433 0.316993 0.008403 0.023343
0 0.302784 0.589636 0.009979 0.049486
0 0.525998 0.570495 0.011029 0.037348