3 0.578519 0.657796 0.037290 0.068161
3 0.566176 0.535948 0.028361 0.048553
4 0.529937 0.428105 0.019958 0.042017
3 0.513918 0.338936 0.014181 0.024276
5 0.504989 0.281046 0.009979 0.018674
3 0.653361 0.740430 0.037815 0.078431
3 0.524160 0.303922 0.014706 0.025210
3 0.152048 0.625117 0.063550 0.047619
3 0.511817 0.264706 0.017332 0.025210
3 0.424895 0.470121 0.025210 0.045752
3 0.469013 0.638189 0.034664 0.075630
3 0.482143 0.530812 0.027311 0.053221
4 0.573792 0.861345 0.044643 0.111111
3 0.464286 0.402428 0.022059 0.035481
3 0.468750 0.460784 0.022584 0.043884
4 0.446954 0.500934 0.024160 0.060691
4 0.430410 0.423903 0.020483 0.042951
0 0.703519 0.741363 0.012080 0.050420
4 0.839023 0.651261 0.068803 0.062558
3 0.133141 0.660131 0.067752 0.067227
3 0.232668 0.567694 0.067227 0.056022
4 0.309086 0.406629 0.046744 0.038282
3 0.353204 0.494398 0.030987 0.043884
9 0.335872 0.897759 0.019433 0.060691
0 0.795956 0.703548 0.017332 0.040149
9 0.510767 0.629785 0.016282 0.034547
0 0.357405 0.838002 0.016282 0.053221
6 0.898372 0.828665 0.058298 0.064426
9 0.555410 0.376751 0.012080 0.036415
9 0.410977 0.749300 0.012080 0.062558
6 0.348477 0.745565 0.048845 0.049486
9 0.342437 0.698413 0.033613 0.046685
0 0.206145 0.507470 0.016282 0.028945
4 0.616334 0.538282 0.026786 0.055089
0 0.876838 0.775444 0.011029 0.042017
0 0.628939 0.695145 0.015231 0.045752
0 0.761292 0.609244 0.017332 0.042017
5 0.684611 0.579365 0.020483 0.073763
6 0.355305 0.590570 0.040441 0.043884
0 0.523372 0.615780 0.015231 0.049486
0 0.537553 0.599907 0.014181 0.056956
3 0.308036 0.362745 0.016282 0.036415
9 0.538603 0.302054 0.007878 0.021475
9 0.495011 0.246965 0.007878 0.021475
5 0.754989 0.751634 0.066702 0.140056
3 0.268120 0.465453 0.056197 0.040149
9 0.432773 0.355742 0.008403 0.026144
9 0.454044 0.309057 0.007878 0.018674
0 0.709034 0.617180 0.011555 0.044818
0 0.702994 0.600373 0.014181 0.041083
6 0.341649 0.547619 0.020483 0.043884