3 0.502363 0.401027 0.043592 0.094304
3 0.298845 0.813259 0.153361 0.156863
4 0.495011 0.314659 0.037290 0.085901
3 0.105830 0.950047 0.183298 0.098039
3 0.751576 0.786181 0.165966 0.141923
3 0.551208 0.053221 0.017332 0.029879
3 0.653361 0.334267 0.046218 0.069094
3 0.884979 0.633987 0.163866 0.125117
4 0.702468 0.300654 0.044643 0.063492
4 0.710872 0.254435 0.069853 0.051354
3 0.726103 0.234827 0.063550 0.045752
3 0.686712 0.209150 0.054097 0.041083
1 0.862658 0.703081 0.022584 0.087768
2 0.858456 0.708683 0.049895 0.056022
1 0.590599 0.605509 0.022584 0.077498
2 0.589286 0.626984 0.049370 0.045752
1 0.603729 0.172736 0.012080 0.031746
1 0.604254 0.177871 0.012080 0.032680
9 0.601891 0.179739 0.014706 0.034547
1 0.444065 0.419701 0.018382 0.064426
1 0.448529 0.398226 0.009454 0.045752
2 0.443015 0.434641 0.015231 0.043884
1 0.436975 0.236695 0.011555 0.034547
6 0.440126 0.233894 0.018908 0.056956
1 0.457458 0.379085 0.015756 0.057890
9 0.457983 0.401027 0.010504 0.045752
1 0.588761 0.093838 0.009454 0.034547
2 0.586397 0.102241 0.008929 0.027077
2 0.599790 0.289449 0.013655 0.037348
1 0.600578 0.286181 0.015231 0.060691
3 0.502101 0.233894 0.029412 0.058824
3 0.882090 0.489262 0.110819 0.095238
3 0.509454 0.144725 0.025210 0.044818
3 0.474527 0.128852 0.024685 0.044818
4 0.510242 0.078431 0.018382 0.042951
3 0.476628 0.051821 0.017332 0.027077
1 0.496061 0.965920 0.028887 0.064426
9 0.495011 0.966853 0.061450 0.062558
3 0.519433 0.011204 0.013655 0.022409
0 0.609506 0.120915 0.011029 0.043884
0 0.651523 0.226424 0.009979 0.042017
0 0.696691 0.099440 0.015231 0.032680
0 0.456670 0.066760 0.012080 0.038282
0 0.617910 0.168534 0.009979 0.043884
0 0.616859 0.126517 0.012080 0.053221
3 0.405200 0.123716 0.051996 0.040149
3 0.420693 0.076564 0.049370 0.037348
4 0.447742 0.046218 0.022584 0.055089
0 0.604254 0.105509 0.007878 0.035481
0 0.611870 0.106443 0.008403 0.039216
3 0.671744 0.198880 0.060924 0.048553
3 0.657300 0.173203 0.049895 0.043884
3 0.647321 0.113445 0.047794 0.036415
3 0.639181 0.101774 0.050420 0.033613
3 0.601891 0.014006 0.032563 0.022409
3 0.618697 0.053688 0.033613 0.025210
3 0.632353 0.066293 0.035714 0.031746
9 0.493960 0.059290 0.005777 0.025210
9 0.498687 0.049020 0.007878 0.021475