5 0.614233 0.555556 0.017332 0.039216
3 0.545168 0.608310 0.036765 0.101774
3 0.854517 0.519608 0.053571 0.047619
3 0.416229 0.936975 0.020483 0.056956
3 0.716912 0.463119 0.029412 0.024276
9 0.584296 0.905696 0.013130 0.037348
1 0.583771 0.906629 0.007878 0.028011
3 0.573267 0.283380 0.014181 0.023343
4 0.545693 0.382353 0.010504 0.017740
3 0.447742 0.401961 0.009979 0.021475
3 0.460609 0.339869 0.009454 0.016807
5 0.437237 0.223156 0.013130 0.028011
3 0.476891 0.324463 0.010504 0.014006
3 0.440651 0.333333 0.009454 0.020542
3 0.493960 0.203081 0.009979 0.014006
3 0.445903 0.300187 0.009454 0.017740
5 0.502889 0.359010 0.012080 0.027077
3 0.453256 0.279645 0.009454 0.017740
3 0.462710 0.314659 0.009454 0.016807
4 0.478992 0.229692 0.010504 0.020542
5 0.544905 0.250700 0.013130 0.030812