3 0.164391 0.245098 0.060924 0.071895
0 0.475315 0.858543 0.018908 0.086835
0 0.431460 0.866013 0.020483 0.071895
9 0.252101 0.509337 0.027311 0.068161
1 0.251838 0.499066 0.022584 0.068161
3 0.717174 0.800654 0.143382 0.159664
6 0.594275 0.867414 0.061450 0.141923
6 0.530200 0.602708 0.032038 0.101774
6 0.379989 0.551821 0.071954 0.070962
6 0.582195 0.454715 0.029937 0.078431
6 0.448529 0.334734 0.034664 0.058824
4 0.463235 0.281979 0.039916 0.093371
1 0.441702 0.357610 0.010504 0.033613
3 0.046218 0.109244 0.053571 0.063492
3 0.177258 0.093371 0.037290 0.056022
4 0.579569 0.296919 0.030987 0.087768
6 0.359769 0.359010 0.036765 0.064426
9 0.426733 0.066293 0.015231 0.029879
1 0.429097 0.056489 0.012605 0.030812
6 0.397059 0.515406 0.067227 0.061625
1 0.383929 0.511204 0.018908 0.047619
0 0.408613 0.823996 0.015756 0.068161
0 0.451681 0.838002 0.018908 0.083100
0 0.427784 0.811391 0.021534 0.072829
0 0.524685 0.725490 0.022059 0.082166
0 0.606880 0.456583 0.021534 0.063492
0 0.615284 0.305322 0.015231 0.054155
0 0.575105 0.685341 0.017857 0.072829
0 0.598214 0.667600 0.015756 0.072829
0 0.580882 0.633987 0.015756 0.070962
0 0.603729 0.308123 0.011029 0.050420
0 0.707195 0.316060 0.011029 0.043884
0 0.716387 0.308123 0.009454 0.041083
0 0.697742 0.198880 0.014181 0.041083
0 0.683561 0.161531 0.011029 0.041083
0 0.559349 0.444444 0.012605 0.061625
0 0.450893 0.530812 0.014181 0.055089
0 0.466912 0.527077 0.017857 0.073763
0 0.500525 0.459851 0.012605 0.053221
0 0.527836 0.480392 0.013655 0.064426
0 0.490021 0.442110 0.012605 0.047619
0 0.461922 0.459384 0.012080 0.050420
0 0.451418 0.456583 0.012080 0.061625
0 0.492647 0.472923 0.012605 0.053221
0 0.474002 0.486461 0.012080 0.050420
0 0.472689 0.440243 0.014706 0.056956
0 0.483981 0.445378 0.011029 0.050420
0 0.554359 0.344071 0.013130 0.047619
3 0.209559 0.063492 0.039916 0.048553
3 0.244485 0.056489 0.029937 0.043884
3 0.612920 0.137722 0.012605 0.047619
0 0.854779 0.931839 0.013130 0.054155
0 0.797532 0.925770 0.015231 0.055089
0 0.468487 0.058357 0.027311 0.043884
0 0.524685 0.325397 0.011555 0.043884
0 0.531775 0.287115 0.008929 0.038282
0 0.537553 0.310458 0.008929 0.038282
0 0.540704 0.247432 0.008929 0.031746
0 0.537290 0.271242 0.009454 0.032680
0 0.526261 0.249300 0.010504 0.039216
0 0.534926 0.208683 0.012080 0.040149
0 0.527574 0.246965 0.005777 0.032680
0 0.548057 0.207750 0.008929 0.034547
0 0.558036 0.173203 0.008929 0.038282
0 0.503414 0.240896 0.008929 0.037348
0 0.493960 0.246032 0.008929 0.043884
0 0.498687 0.279178 0.012080 0.048553
0 0.517069 0.204015 0.008929 0.032680
0 0.501838 0.204015 0.008929 0.032680
0 0.506565 0.182540 0.012080 0.027077
0 0.551208 0.141457 0.008929 0.032680
0 0.553046 0.118581 0.008403 0.033613
0 0.553571 0.060224 0.008403 0.038282
0 0.527311 0.116713 0.009454 0.039216
0 0.535452 0.122782 0.008929 0.032680
3 0.614758 0.045285 0.046744 0.042017
0 0.537027 0.077031 0.009979 0.032680
0 0.544905 0.084967 0.008929 0.031746
0 0.575893 0.071895 0.007878 0.028011
0 0.564863 0.081699 0.008929 0.027077
0 0.559086 0.067694 0.008929 0.030812
1 0.722164 0.930906 0.017857 0.057890
1 0.705357 0.913632 0.018908 0.053221
1 0.602679 0.817460 0.017332 0.053221
1 0.350578 0.352941 0.020483 0.050420
0 0.513655 0.475257 0.013655 0.061625
1 0.538340 0.605509 0.018908 0.047619
0 0.488971 0.486928 0.012605 0.047619