5 0.869223 0.380019 0.022059 0.046685
3 0.828519 0.399160 0.017332 0.025210
6 0.563550 0.676937 0.023109 0.067227
3 0.794380 0.435107 0.025735 0.033613
3 0.798057 0.467320 0.030987 0.040149
3 0.695641 0.541083 0.037290 0.051354
3 0.034926 0.898693 0.069853 0.139122
5 0.444328 0.590103 0.082983 0.084034
3 0.547532 0.521008 0.045693 0.050420
3 0.641544 0.471522 0.036239 0.041083
5 0.663866 0.415966 0.037815 0.040149
3 0.731355 0.418768 0.028887 0.034547
3 0.398372 0.586835 0.071954 0.071895
3 0.575893 0.545752 0.049895 0.060691
3 0.776786 0.382353 0.023109 0.027077
3 0.745273 0.368814 0.019958 0.024276
0 0.392069 0.530812 0.015231 0.053221