3 0.520221 0.781046 0.064601 0.182073
4 0.569328 0.098039 0.023109 0.050420
2 0.561975 0.274977 0.013655 0.032680
1 0.561712 0.248833 0.008929 0.027077
3 0.528099 0.449113 0.038340 0.076564
9 0.540704 0.136321 0.008929 0.022409
3 0.530725 0.177871 0.027836 0.049486
3 0.224265 0.878151 0.113445 0.230626
3 0.795168 0.836601 0.130252 0.113912
3 0.766019 0.684407 0.117122 0.097106
4 0.589286 0.285247 0.034664 0.071895
0 0.917805 0.816993 0.023634 0.076564
9 0.938288 0.736695 0.042542 0.052288
0 0.967700 0.711018 0.023634 0.083100
0 0.924107 0.542017 0.016282 0.066293
0 0.927784 0.535948 0.014181 0.061625
0 0.903887 0.526144 0.016807 0.060691
9 0.298845 0.651727 0.036765 0.070962
3 0.709034 0.468721 0.086134 0.070962
3 0.778624 0.553221 0.033088 0.049486
3 0.689076 0.389356 0.092437 0.065359
9 0.775210 0.382820 0.030462 0.041083
3 0.720063 0.273576 0.043067 0.072829
0 0.702731 0.303922 0.009454 0.032680
0 0.698267 0.303922 0.011029 0.042017
0 0.702731 0.306723 0.009454 0.038282
9 0.374737 0.531279 0.015231 0.054155
1 0.375525 0.505135 0.017857 0.041083
9 0.400735 0.272176 0.011555 0.032680
3 0.324842 0.396825 0.084559 0.061625
3 0.620536 0.192344 0.053046 0.044818
3 0.313813 0.316527 0.064601 0.044818
3 0.349002 0.283847 0.059349 0.054155
0 0.941439 0.853875 0.020483 0.086835
0 0.957458 0.820261 0.014706 0.083100
3 0.522847 0.098506 0.024685 0.036415
3 0.516807 0.054155 0.017857 0.031746
3 0.518908 0.028945 0.017857 0.031746
3 0.511555 0.009804 0.014706 0.019608
0 0.540179 0.123716 0.007878 0.019608