2 0.160714 0.819795 0.030462 0.069094
3 0.888918 0.188142 0.042542 0.036415
3 0.701418 0.055556 0.026786 0.025210
4 0.707721 0.086368 0.026786 0.027077
3 0.944590 0.216153 0.043592 0.032680
3 0.940389 0.188609 0.039391 0.035481
3 0.972952 0.155929 0.037290 0.039216
3 0.446691 0.665266 0.066702 0.126050
8 0.370798 0.441176 0.050420 0.112979
5 0.427521 0.443044 0.058824 0.103641
3 0.498162 0.421569 0.049895 0.068161
3 0.513130 0.361345 0.049370 0.059757
3 0.420693 0.329132 0.030462 0.047619
3 0.373424 0.216620 0.033613 0.044818
3 0.325630 0.161998 0.027311 0.042017
4 0.368960 0.120448 0.021534 0.035481
3 0.384454 0.349206 0.037815 0.061625
3 0.337447 0.357143 0.036239 0.060691
3 0.334296 0.267507 0.034139 0.055089
3 0.266544 0.152661 0.020483 0.036415
3 0.295956 0.069094 0.017332 0.026144
3 0.258929 0.049486 0.025210 0.028011
3 0.269958 0.025210 0.014706 0.024276
3 0.242647 0.017740 0.016807 0.024276
3 0.180410 0.031279 0.016282 0.034547
0 0.238971 0.749300 0.018908 0.075630
0 0.216124 0.742764 0.020483 0.077498
0 0.223477 0.675070 0.021534 0.063492
1 0.243960 0.677871 0.013130 0.033613
9 0.048057 0.717554 0.027836 0.066293
1 0.049107 0.704015 0.019433 0.056022
0 0.010767 0.780579 0.021534 0.072829
3 0.919905 0.207283 0.039391 0.037348
3 0.918855 0.178805 0.036239 0.032680
4 0.851628 0.167600 0.037290 0.032680
3 0.835084 0.161064 0.031513 0.036415
4 0.849790 0.145191 0.035714 0.034547
8 0.833246 0.137722 0.035189 0.032680
3 0.823792 0.158263 0.036239 0.028945
3 0.802784 0.147526 0.033088 0.031746
3 0.809349 0.140990 0.030462 0.035481
3 0.780200 0.143324 0.027836 0.027077
3 0.771796 0.136788 0.027836 0.025210
3 0.779937 0.121382 0.034664 0.029879
4 0.756303 0.103641 0.031513 0.031746
3 0.854779 0.108777 0.027836 0.025210
3 0.834821 0.105042 0.026786 0.028945
3 0.827731 0.096639 0.031513 0.030812
3 0.812763 0.094771 0.025735 0.027077
3 0.800158 0.088235 0.030987 0.032680
3 0.763393 0.072829 0.029937 0.026144
4 0.721376 0.058824 0.026786 0.028011