9 0.584559 0.036415 0.012605 0.028011
3 0.645221 0.032213 0.049895 0.045752
0 0.743172 0.084500 0.011555 0.045752
1 0.647584 0.241363 0.014706 0.064426
1 0.732405 0.311391 0.013130 0.060691
1 0.743697 0.316060 0.016807 0.049486
3 0.307511 0.435107 0.121324 0.140056
0 0.242647 0.739029 0.021008 0.073763
0 0.253676 0.707750 0.025210 0.095238
3 0.246061 0.583100 0.030987 0.086835
9 0.301733 0.566760 0.034139 0.102708
3 0.651261 0.614379 0.091387 0.190476
0 0.819590 0.824463 0.027836 0.110177
0 0.919380 0.854342 0.033088 0.097106
0 0.944328 0.928571 0.037815 0.105509
0 0.948529 0.898693 0.035714 0.114846
4 0.585609 0.331933 0.053571 0.107376
3 0.464811 0.567694 0.067227 0.181139
4 0.377626 0.265640 0.053571 0.133520
3 0.561187 0.219421 0.044643 0.078431
3 0.489496 0.344538 0.051471 0.121382
3 0.564076 0.123716 0.034664 0.055089
9 0.454044 0.267507 0.015231 0.045752
1 0.453256 0.244631 0.017857 0.050420
1 0.646008 0.248366 0.022059 0.057890
3 0.498950 0.225957 0.040966 0.084034
6 0.413866 0.119514 0.023109 0.054155
3 0.553834 0.042017 0.029937 0.048553
3 0.501313 0.122316 0.035189 0.067227
3 0.501313 0.030345 0.027836 0.055089
2 0.602679 0.102241 0.013130 0.045752
6 0.722164 0.394024 0.045168 0.063492
1 0.604517 0.091036 0.013655 0.040149
1 0.716387 0.385154 0.016807 0.045752
0 0.733456 0.386555 0.025735 0.059757
9 0.776523 0.423436 0.041492 0.049486
0 0.775473 0.341270 0.015231 0.064426
0 0.778887 0.309057 0.015756 0.070962
9 0.738971 0.323529 0.036765 0.064426
0 0.753414 0.272176 0.013130 0.064426
9 0.745798 0.354809 0.042017 0.044818
0 0.636817 0.100840 0.015231 0.050420
0 0.641544 0.096172 0.009979 0.054155
0 0.623424 0.063025 0.012605 0.045752
3 0.684086 0.070495 0.066702 0.058824
0 0.621324 0.050887 0.012605 0.040149
0 0.726628 0.178805 0.017332 0.058824
0 0.617910 0.039216 0.012080 0.035481