2 0.072742 0.333333 0.011029 0.033613
2 0.084821 0.327264 0.011029 0.042017
2 0.099527 0.320728 0.012080 0.040149
3 0.128939 0.320728 0.047794 0.077498
3 0.179359 0.269841 0.053046 0.082166
0 0.203519 0.524276 0.012080 0.047619
3 0.685137 0.365079 0.073004 0.069094
0 0.590861 0.190476 0.008403 0.037348
0 0.599002 0.191877 0.007878 0.036415
3 0.033876 0.396825 0.067752 0.059757
0 0.503151 0.218487 0.008403 0.041083
0 0.621586 0.232493 0.015231 0.033613
0 0.686187 0.896359 0.015231 0.044818
0 0.679622 0.867414 0.015756 0.042951
0 0.674632 0.707750 0.011029 0.041083
0 0.693540 0.716153 0.011029 0.044818
0 0.666229 0.702148 0.009979 0.042951
6 0.560137 0.804388 0.023634 0.084967
0 0.494485 0.225957 0.008929 0.037348
0 0.673057 0.901961 0.015231 0.056022
3 0.578782 0.334734 0.066176 0.060691
0 0.887080 0.566293 0.014706 0.040149
2 0.595588 0.394491 0.022059 0.032680
3 0.102153 0.536881 0.086660 0.080299
3 0.348214 0.894958 0.069328 0.133520
3 0.430672 0.198413 0.037815 0.088702
2 0.299370 0.908030 0.018908 0.058824
3 0.332983 0.576564 0.045168 0.135387
3 0.343225 0.423436 0.040441 0.112979
3 0.569065 0.447712 0.075105 0.062558
3 0.372637 0.188142 0.030987 0.098039
3 0.340599 0.059290 0.032038 0.081232
0 0.861082 0.572829 0.012080 0.043884
0 0.243697 0.142390 0.009454 0.042017
2 0.329044 0.166200 0.011029 0.042951
2 0.485294 0.103641 0.010504 0.041083
2 0.528361 0.380952 0.014706 0.044818
0 0.625525 0.464986 0.010504 0.044818
0 0.542805 0.374416 0.008929 0.041083
0 0.598477 0.841737 0.013130 0.047619
2 0.477153 0.024743 0.008929 0.038282
0 0.730830 0.880019 0.013130 0.042017
2 0.477679 0.159664 0.013130 0.039216
2 0.804622 0.626984 0.029412 0.040149
2 0.599002 0.539683 0.024685 0.041083
2 0.598214 0.504202 0.027311 0.042951
2 0.523897 0.332866 0.017332 0.038282
0 0.290179 0.284314 0.011029 0.045752
0 0.870273 0.978525 0.024160 0.041083
0 0.851103 0.942110 0.016282 0.046685
0 0.842962 0.923436 0.015756 0.044818
2 0.931197 0.827264 0.024160 0.057890
2 0.951155 0.827731 0.024160 0.058824
2 0.970851 0.829132 0.023634 0.052288
0 0.575893 0.144258 0.012080 0.038282
0 0.586397 0.126517 0.008929 0.027077
0 0.581408 0.114846 0.008403 0.026144
0 0.665704 0.227358 0.012080 0.043884
0 0.217174 0.121849 0.017332 0.049486