3 0.879044 0.962745 0.077206 0.071895
3 0.964706 0.831373 0.066176 0.086275
7 0.153676 0.962092 0.069118 0.073203
5 0.947794 0.758824 0.083824 0.082353
0 0.890809 0.550327 0.008088 0.026144
3 0.519118 0.105882 0.010294 0.018301
3 0.539706 0.101307 0.007353 0.016993
2 0.642647 0.379739 0.007353 0.019608
4 0.530515 0.114379 0.011029 0.022222
1 0.613235 0.393464 0.010294 0.018301
3 0.608088 0.156209 0.027941 0.024837
3 0.594485 0.130065 0.028676 0.024837
1 0.536029 0.237908 0.010294 0.023529
0 0.487500 0.271895 0.007353 0.026144
3 0.686029 0.316340 0.033824 0.020915
3 0.679044 0.297386 0.030147 0.019608
3 0.666544 0.272549 0.034559 0.024837
3 0.641544 0.240523 0.022794 0.023529
0 0.331250 0.367974 0.012500 0.037908
3 0.610294 0.203922 0.023529 0.023529
1 0.613971 0.383007 0.007353 0.026144
0 0.643015 0.369281 0.008088 0.027451
0 0.519853 0.324837 0.010294 0.037908
3 0.435294 0.566667 0.027941 0.090196
3 0.426103 0.416993 0.021324 0.049673
3 0.141176 0.668627 0.060294 0.092810
3 0.170221 0.454248 0.040441 0.058824
3 0.192647 0.480392 0.027941 0.048366
3 0.880147 0.587582 0.085294 0.069281
3 0.909559 0.562745 0.072059 0.053595
3 0.770956 0.522876 0.043382 0.052288
0 0.534559 0.446405 0.010294 0.043137
0 0.246324 0.319608 0.011765 0.035294
0 0.258088 0.319608 0.008824 0.032680