3 0.584077 0.835979 0.032738 0.079365
3 0.408854 0.746032 0.027530 0.071429
1 0.490699 0.419974 0.009673 0.017196
1 0.491443 0.458333 0.008185 0.022487
0 0.561012 0.698413 0.007440 0.031746
3 0.491071 0.886243 0.029762 0.079365
3 0.529390 0.843254 0.034970 0.078042
3 0.545759 0.697751 0.021577 0.043651
3 0.527158 0.746032 0.024554 0.058201
3 0.454613 0.790344 0.023810 0.062169
3 0.530134 0.543651 0.017113 0.029101
3 0.404762 0.498016 0.016369 0.027778
9 0.360491 0.601852 0.012649 0.026455
3 0.301339 0.556217 0.017857 0.043651
3 0.334821 0.503968 0.035714 0.023810
3 0.485863 0.654101 0.022321 0.048942
3 0.487723 0.586640 0.018601 0.035714
3 0.462054 0.560185 0.017857 0.038360
4 0.417039 0.414683 0.011161 0.022487
3 0.470238 0.472884 0.017857 0.033069
3 0.404018 0.395503 0.008929 0.018519
3 0.474330 0.435185 0.012649 0.021164
3 0.456101 0.392857 0.011905 0.021164
0 0.139137 0.816799 0.011905 0.033069
1 0.442336 0.535053 0.009673 0.022487
1 0.571429 0.704365 0.010417 0.022487