3 0.040179 0.727824 0.039391 0.068161
9 0.223477 0.819328 0.032038 0.073763
9 0.237658 0.850140 0.033088 0.083100
9 0.265494 0.850140 0.032038 0.094304
3 0.323004 0.851541 0.060924 0.179272
3 0.442227 0.795051 0.082983 0.195145
2 0.689076 0.799720 0.026261 0.051354
1 0.692752 0.766106 0.021008 0.075630
3 0.981618 0.824930 0.033613 0.178338
9 0.916754 0.833333 0.020483 0.058824
4 0.886292 0.595238 0.055147 0.148459
9 0.770221 0.367880 0.025735 0.022409
3 0.836922 0.333333 0.037290 0.087768
3 0.913603 0.252568 0.027836 0.058824
3 0.910452 0.190476 0.026786 0.044818
0 0.869485 0.104108 0.005777 0.025210
0 0.855830 0.061625 0.005777 0.026144
0 0.866597 0.060224 0.006303 0.021475
2 0.887868 0.097572 0.008929 0.019608
3 0.970326 0.223623 0.029937 0.053221
3 0.915179 0.059757 0.018382 0.029879
3 0.919905 0.031279 0.015231 0.027077
3 0.920168 0.011204 0.015756 0.016807
0 0.896796 0.037348 0.004727 0.016807
9 0.874737 0.045285 0.011029 0.015873
9 0.975315 0.024743 0.005252 0.014006
1 0.976103 0.017740 0.004727 0.014939
0 0.986082 0.016340 0.004727 0.023343
0 0.993435 0.018207 0.003676 0.025210
0 0.997374 0.016807 0.004202 0.020542
1 0.876313 0.042484 0.007878 0.025210
3 0.887868 0.472923 0.043592 0.090570
3 0.900998 0.385154 0.036239 0.070028
9 0.631040 0.626984 0.035189 0.047619
9 0.777311 0.340336 0.023109 0.025210
2 0.865546 0.161531 0.007353 0.024276
0 0.866334 0.154995 0.007878 0.026144
3 0.878939 0.071429 0.025735 0.032680
0 0.888130 0.084967 0.006303 0.020542
3 0.917017 0.155462 0.021008 0.038282
3 0.924632 0.106443 0.019433 0.039216
3 0.956145 0.011671 0.016282 0.017740
3 0.952468 0.030345 0.016282 0.028945
9 0.896008 0.049020 0.007353 0.012138
9 0.918330 0.802521 0.024685 0.077498
3 0.889443 0.302054 0.030987 0.062558
0 0.862132 0.108777 0.007878 0.025210
3 0.822479 0.440710 0.045168 0.121382