3 0.709034 0.448646 0.034664 0.042017
3 0.548057 0.715686 0.077206 0.090570
5 0.726366 0.538749 0.079832 0.145658
3 0.670693 0.532213 0.040966 0.052288
3 0.711922 0.502801 0.030987 0.051354
4 0.755515 0.458917 0.028887 0.045752
3 0.762342 0.437442 0.025735 0.032680
3 0.789128 0.417834 0.023634 0.030812
5 0.798057 0.396825 0.024685 0.037348
3 0.816439 0.381419 0.018382 0.025210
3 0.832195 0.367414 0.017332 0.025210
3 0.782300 0.384220 0.019433 0.027077
3 0.756565 0.406629 0.024685 0.032680
3 0.287290 0.747432 0.103992 0.112979
3 0.116334 0.775910 0.100315 0.123249
5 0.642332 0.420168 0.043067 0.070962
3 0.696429 0.423436 0.029412 0.034547
6 0.764181 0.384687 0.011555 0.022409
3 0.374475 0.782913 0.102941 0.105509
3 0.699580 0.398226 0.021008 0.032680
3 0.747899 0.366013 0.018908 0.028011
3 0.776786 0.345005 0.014706 0.023343
0 0.105830 0.660598 0.024685 0.071895