4 0.529149 0.326331 0.077206 0.056956
3 0.389443 0.497199 0.071954 0.124183
3 0.439863 0.403828 0.046744 0.075630
3 0.522059 0.290850 0.060924 0.043884
3 0.101366 0.872549 0.202731 0.159664
3 0.340074 0.078431 0.013130 0.020542
4 0.538603 0.266573 0.054097 0.051354
3 0.556197 0.260504 0.052521 0.037348
3 0.167542 0.596172 0.157563 0.111111
3 0.207721 0.499066 0.130777 0.083100
3 0.220851 0.455649 0.119223 0.070962
3 0.256828 0.415966 0.107143 0.075630
3 0.280200 0.387955 0.085609 0.056956
3 0.306460 0.360411 0.073004 0.069094
3 0.330095 0.339869 0.065651 0.059757
3 0.349002 0.318861 0.074055 0.060691
3 0.370011 0.307656 0.047794 0.043884
3 0.409139 0.271709 0.066176 0.046685
0 0.837185 0.380486 0.012605 0.056956
0 0.795431 0.495331 0.021534 0.077498
0 0.839286 0.554155 0.024160 0.083100
0 0.780462 0.527544 0.021008 0.087768
3 0.047532 0.218021 0.034139 0.053221
3 0.043592 0.247432 0.058824 0.059757
3 0.048057 0.148926 0.021534 0.032680
9 0.338761 0.091970 0.008403 0.027077
3 0.301996 0.115313 0.017857 0.025210
3 0.011555 0.940710 0.023109 0.116713
0 0.662553 0.266573 0.013130 0.040149
0 0.747111 0.406629 0.014181 0.055089
0 0.663603 0.255369 0.008929 0.036415
0 0.668592 0.256769 0.006303 0.033613
0 0.657038 0.250233 0.007353 0.041083
0 0.700105 0.291317 0.007353 0.041083
0 0.701681 0.290383 0.011555 0.039216
0 0.642595 0.272642 0.011029 0.033613
0 0.668592 0.269841 0.009454 0.041083
0 0.492122 0.349673 0.013655 0.053221
0 0.944590 0.373016 0.015231 0.042017
0 0.965074 0.371615 0.014181 0.042951
3 0.074317 0.265173 0.051996 0.061625
0 0.996849 0.511671 0.005252 0.063492
0 0.994223 0.472456 0.010504 0.065359
3 0.910714 0.948179 0.177521 0.092437
3 0.666754 0.901494 0.211660 0.155929
9 0.242122 0.881886 0.028361 0.127918
3 0.632090 0.784781 0.203256 0.154062
3 0.753414 0.670401 0.151786 0.132586
3 0.547794 0.707750 0.160714 0.145658
3 0.497637 0.643791 0.153887 0.120448
3 0.484769 0.562092 0.139706 0.113912
3 0.281513 0.108310 0.018908 0.028011
0 0.765756 0.459851 0.017857 0.071895
3 0.664391 0.604108 0.139706 0.145658
3 0.955357 0.581232 0.085084 0.103641
3 0.636029 0.556489 0.126050 0.091503
3 0.918855 0.529412 0.132878 0.095238
3 0.877101 0.481793 0.103992 0.078431
3 0.849002 0.450980 0.103466 0.070962
3 0.601628 0.499533 0.112920 0.100840
3 0.558298 0.429038 0.098739 0.075630
3 0.577468 0.464052 0.096113 0.061625
3 0.546744 0.383754 0.086134 0.059757
3 0.530987 0.359944 0.078782 0.060691