3 0.499628 0.508598 0.033482 0.062169
3 0.505952 0.251984 0.034226 0.027778
3 0.525670 0.395503 0.023065 0.042328
3 0.547247 0.534392 0.026042 0.066138
3 0.212798 0.794312 0.072917 0.130952
3 0.812500 0.794312 0.071429 0.130952
3 0.267485 0.671296 0.054315 0.104497
3 0.332961 0.771164 0.058780 0.124339
3 0.401786 0.498016 0.035714 0.075397
3 0.316220 0.558862 0.046131 0.078042
3 0.705357 0.544312 0.069940 0.059524
3 0.725818 0.480159 0.057292 0.047619
3 0.205357 0.572090 0.072917 0.059524
3 0.446429 0.404101 0.028274 0.054233
4 0.636161 0.400132 0.025298 0.048942
3 0.414062 0.322751 0.026042 0.044974
3 0.599330 0.306878 0.018601 0.034392
3 0.491443 0.233466 0.018601 0.030423
5 0.465402 0.226190 0.021577 0.052910
7 0.439360 0.253307 0.020089 0.030423
3 0.595238 0.282407 0.028274 0.030423
9 0.345238 0.546958 0.016369 0.043651
0 0.227679 0.616402 0.016369 0.047619
3 0.547247 0.252646 0.015625 0.029101
3 0.518601 0.658069 0.037202 0.099206
3 0.149926 0.931217 0.087054 0.129630