3 0.146140 0.546078 0.113603 0.085621
9 0.442463 0.055229 0.009926 0.028105
1 0.441728 0.046078 0.009926 0.033333
4 0.888787 0.557190 0.094485 0.079085
3 0.948713 0.679412 0.101103 0.090850
3 0.675184 0.625817 0.096691 0.088235
3 0.467463 0.623203 0.095956 0.072549
3 0.660110 0.517974 0.073897 0.071242
3 0.871140 0.496405 0.085662 0.069935
0 0.095037 0.481373 0.020956 0.056863
1 0.426838 0.421895 0.018382 0.046405
2 0.428676 0.432680 0.009559 0.039216
0 0.434559 0.418627 0.012500 0.050327
0 0.441912 0.426471 0.010294 0.051634
6 0.366544 0.407516 0.051471 0.046405
1 0.370404 0.390523 0.009191 0.038562
1 0.253309 0.222549 0.013235 0.030719
0 0.563603 0.321569 0.012500 0.043137
0 0.286029 0.129412 0.010294 0.039216
0 0.303125 0.122876 0.008456 0.039216
3 0.022059 0.385294 0.044118 0.098693
5 0.136213 0.399673 0.070221 0.122222
3 0.224816 0.350654 0.043015 0.088235
3 0.299449 0.042810 0.040809 0.039869
3 0.465074 0.050000 0.027206 0.034641
1 0.928676 0.286601 0.013971 0.034641
0 0.739706 0.464052 0.012500 0.049673
1 0.644301 0.110458 0.011397 0.022222
1 0.441544 0.018954 0.008088 0.036601
0 0.537868 0.326144 0.009559 0.044444
0 0.552390 0.333007 0.009191 0.045098
0 0.509559 0.161765 0.009559 0.046405
9 0.157537 0.965033 0.032721 0.067320
9 0.131066 0.961111 0.026103 0.075163