2 0.075368 0.322129 0.011029 0.033613
2 0.088498 0.329132 0.011029 0.042017
2 0.103729 0.324463 0.012080 0.038282
3 0.131040 0.309991 0.046744 0.076564
3 0.181460 0.260971 0.051996 0.077498
0 0.207195 0.507470 0.012080 0.047619
3 0.683824 0.354809 0.070378 0.065359
0 0.590861 0.174603 0.008403 0.037348
0 0.599002 0.179739 0.007878 0.032680
3 0.036239 0.402894 0.072479 0.056956
0 0.503151 0.212885 0.008403 0.041083
0 0.620536 0.221289 0.015231 0.033613
0 0.683036 0.878618 0.015231 0.044818
0 0.678046 0.849673 0.015756 0.042951
0 0.673582 0.678805 0.011029 0.041083
0 0.690389 0.689076 0.011029 0.044818
0 0.663340 0.673203 0.009454 0.041083
6 0.562237 0.812792 0.022584 0.084967
0 0.494485 0.216620 0.008929 0.037348
0 0.671481 0.884687 0.015231 0.055089
3 0.576155 0.327264 0.065126 0.060691
0 0.876313 0.545752 0.014181 0.040149
2 0.597164 0.380486 0.022059 0.032680
3 0.135242 0.531746 0.083508 0.083100
3 0.353466 0.879085 0.069328 0.133520
3 0.427521 0.207750 0.037815 0.088702
2 0.706408 0.976657 0.031513 0.031746
2 0.301208 0.885621 0.018382 0.058824
3 0.334821 0.551354 0.042542 0.127918
3 0.344013 0.406629 0.032563 0.103641
3 0.579569 0.438375 0.075105 0.058824
3 0.375525 0.157330 0.029412 0.094304
3 0.343225 0.041550 0.033088 0.071895
0 0.851628 0.545752 0.012080 0.043884
0 0.243172 0.134921 0.009454 0.042017
2 0.335084 0.134454 0.009454 0.039216
2 0.490546 0.013539 0.007353 0.027077
2 0.484769 0.112045 0.010504 0.041083
2 0.528887 0.367880 0.014706 0.044818
0 0.624475 0.459384 0.010504 0.044818
0 0.542805 0.374416 0.008929 0.041083
0 0.598739 0.808590 0.012605 0.046685
2 0.480830 0.035948 0.008929 0.038282
0 0.724527 0.845938 0.009979 0.041083
2 0.476366 0.171335 0.012605 0.040149
2 0.782563 0.601774 0.029412 0.045752
2 0.575368 0.514472 0.023634 0.041083
2 0.567227 0.482260 0.025210 0.042017
2 0.530200 0.327264 0.016282 0.034547
0 0.302258 0.279178 0.011029 0.044818
0 0.871324 0.954715 0.024160 0.043884
0 0.843225 0.932773 0.016282 0.046685
0 0.837185 0.912232 0.015756 0.044818
2 0.925420 0.805789 0.024160 0.057890
2 0.948267 0.809057 0.023634 0.058824
2 0.964811 0.809057 0.024160 0.045752
0 0.580620 0.134921 0.012080 0.038282
0 0.588498 0.119514 0.008929 0.028011
0 0.581670 0.105509 0.006828 0.026144
0 0.656250 0.211485 0.012080 0.043884
0 0.221901 0.105042 0.017332 0.049486