3 0.721113 0.515873 0.031513 0.049486
3 0.710609 0.490663 0.028361 0.040149
0 0.800158 0.569094 0.007878 0.038282
0 0.783613 0.567694 0.010504 0.037348
3 0.605042 0.986928 0.057773 0.024276
3 0.657826 0.378618 0.015231 0.027077
3 0.384454 0.469188 0.032563 0.045752
3 0.422006 0.401494 0.021534 0.037348
3 0.443277 0.354342 0.017857 0.034547
3 0.449055 0.348739 0.013655 0.032680
3 0.457458 0.341737 0.013655 0.018674
3 0.028361 0.543884 0.054622 0.047619
3 0.526523 0.478992 0.030987 0.052288
3 0.486870 0.486928 0.024160 0.042017
3 0.482143 0.461251 0.026261 0.041083
3 0.523372 0.535948 0.026786 0.052288
3 0.528361 0.433240 0.017857 0.028011
3 0.528361 0.411765 0.017857 0.028011
3 0.480830 0.525677 0.030987 0.065359
3 0.486607 0.403828 0.020483 0.034547
0 0.823004 0.567227 0.008403 0.038282
0 0.322216 0.573296 0.008929 0.041083
0 0.320116 0.573296 0.006828 0.041083
3 0.695903 0.463119 0.027311 0.035481
9 0.772584 0.591036 0.023109 0.033613
1 0.771271 0.579832 0.011029 0.037348
0 0.911239 0.561158 0.007353 0.041083
0 0.751313 0.482726 0.011029 0.044818
0 0.918855 0.563025 0.008929 0.029879
3 0.475840 0.302521 0.012605 0.022409
3 0.525210 0.451914 0.021008 0.035481
3 0.492910 0.439776 0.020483 0.039216
3 0.507090 0.397759 0.015231 0.029879
3 0.529674 0.392157 0.016282 0.028011
3 0.609506 0.720822 0.087710 0.080299
3 0.506303 0.623716 0.069328 0.059757
3 0.351628 0.638655 0.079307 0.070962
3 0.385504 0.585434 0.059874 0.059757
3 0.295956 0.617647 0.070903 0.056956
8 0.781775 0.631186 0.200105 0.140056
3 0.877889 0.632586 0.068803 0.070028
3 0.705095 0.611111 0.049895 0.053221
2 0.257090 0.661531 0.034139 0.038282
1 0.259191 0.655929 0.019433 0.045752
2 0.887342 0.815126 0.033088 0.041083
1 0.890756 0.801120 0.017857 0.048553
2 0.671481 0.586368 0.025735 0.033613
1 0.668330 0.574230 0.015231 0.041083
0 0.267857 0.540616 0.008403 0.039216
0 0.286502 0.535948 0.011029 0.044818
0 0.761029 0.491597 0.008403 0.034547
9 0.709821 0.535481 0.013130 0.032680
1 0.709296 0.529879 0.008929 0.038282
3 0.497637 0.261905 0.011029 0.015873
3 0.633403 0.320728 0.011555 0.021475
2 0.509716 0.309057 0.005777 0.014939
2 0.518120 0.308123 0.005777 0.020542
0 0.323267 0.571895 0.008929 0.040149
0 0.536502 0.554155 0.009979 0.038282