3 0.133185 0.534061 0.037946 0.027116
3 0.623512 0.562831 0.037946 0.030423
0 0.586310 0.670966 0.009673 0.040344
3 0.514509 0.875661 0.036458 0.078042
0 0.074591 0.941468 0.012277 0.054894
0 0.040365 0.824735 0.012277 0.046296
0 0.056920 0.771825 0.009673 0.046296
2 0.024368 0.729828 0.013765 0.033730
1 0.158854 0.704696 0.010417 0.036376
2 0.159784 0.715608 0.009301 0.030423
1 0.208333 0.746362 0.012649 0.035053
9 0.207961 0.758267 0.012649 0.033730
0 0.212054 0.725860 0.005208 0.039021
1 0.216518 0.798280 0.011905 0.041005
2 0.216332 0.809854 0.013021 0.035053
1 0.190290 0.809193 0.010789 0.040344
9 0.189546 0.826058 0.015997 0.039683
3 0.396577 0.582341 0.050595 0.037698
3 0.391555 0.567460 0.047991 0.033069
3 0.474516 0.540675 0.036830 0.025794
3 0.134859 0.566799 0.047991 0.027778
3 0.126302 0.557209 0.043527 0.032407
0 0.252418 0.635913 0.007068 0.035053
1 0.353609 0.630952 0.008557 0.031746
2 0.355469 0.640873 0.021949 0.019841
1 0.235305 0.626653 0.009301 0.031085
2 0.236421 0.636243 0.017485 0.023810
1 0.197731 0.625661 0.008557 0.027778
2 0.198103 0.633267 0.021205 0.020503
1 0.410528 0.617394 0.008557 0.025794
9 0.410900 0.626653 0.020461 0.017857
0 0.435268 0.660384 0.007440 0.037698
3 0.193824 0.562831 0.046131 0.023810
3 0.188616 0.551587 0.044643 0.023810
3 0.248884 0.598876 0.052827 0.032407
3 0.287016 0.579696 0.048735 0.036376
3 0.281622 0.566468 0.048363 0.028439
3 0.153460 0.591601 0.052455 0.040344
3 0.050409 0.505952 0.033110 0.026455
0 0.007812 0.508929 0.006696 0.025794
1 0.498698 0.644841 0.007812 0.026455
3 0.500558 0.654431 0.018229 0.017857
3 0.022135 0.536376 0.036086 0.025132
8 0.175781 0.496032 0.105283 0.068783
3 0.233259 0.522817 0.043899 0.028439
3 0.314360 0.509921 0.035714 0.025132
3 0.306548 0.502315 0.030506 0.020503
3 0.606771 0.467262 0.031994 0.019180
0 0.325893 0.481481 0.003720 0.021164
1 0.297247 0.527447 0.007440 0.024471
2 0.296317 0.533399 0.012277 0.012566
0 0.548363 0.703042 0.007440 0.038360
0 0.539993 0.681217 0.007068 0.043651
0 0.608259 0.664021 0.006696 0.033069
0 0.571243 0.661045 0.006324 0.035053
0 0.562128 0.654431 0.006696 0.035053
0 0.574033 0.647156 0.007440 0.036376
0 0.723586 0.504960 0.005952 0.024471
1 0.740141 0.558532 0.007812 0.020503
9 0.739025 0.569114 0.010789 0.019180
0 0.475260 0.674603 0.006324 0.037037
0 0.492746 0.657077 0.007068 0.032407
0 0.502418 0.673942 0.008557 0.038360
1 0.337612 0.660714 0.007068 0.031746
2 0.334635 0.676257 0.021205 0.019180
0 0.516369 0.666005 0.008929 0.030423
1 0.532180 0.593915 0.007068 0.026455
3 0.039249 0.669974 0.052455 0.046296
3 0.034598 0.590278 0.042411 0.035053
1 0.132812 0.659722 0.008929 0.035053
2 0.136719 0.667328 0.026414 0.023810
3 0.625930 0.498347 0.033110 0.016534
3 0.687128 0.478175 0.029018 0.019841
3 0.706101 0.493717 0.031994 0.024471
3 0.744234 0.479497 0.028646 0.018519
3 0.755022 0.478836 0.027158 0.018519
8 0.581101 0.540013 0.093006 0.066799
4 0.712054 0.528439 0.038690 0.035714
1 0.611793 0.606151 0.007068 0.025794
2 0.611049 0.611111 0.014509 0.019841
1 0.577939 0.588294 0.007068 0.025794
2 0.577009 0.597884 0.014881 0.023810
1 0.543527 0.588624 0.006696 0.031746
2 0.545573 0.593254 0.018229 0.018519
1 0.660342 0.564484 0.007440 0.023148
2 0.662016 0.575066 0.014509 0.019180
1 0.626860 0.583995 0.007440 0.025132
2 0.627790 0.588624 0.014509 0.019841
1 0.614955 0.579365 0.006696 0.023810
9 0.615141 0.589616 0.014509 0.017857
2 0.447731 0.622685 0.021205 0.023148
1 0.447731 0.615410 0.010789 0.032407
0 0.617374 0.813823 0.013765 0.037698
3 0.392113 0.966601 0.043899 0.064153
3 0.455729 0.928571 0.038690 0.080688
3 0.503534 0.737765 0.030878 0.054894
3 0.456101 0.842923 0.031250 0.069444
3 0.402158 0.860119 0.031994 0.074735
3 0.460565 0.773479 0.027530 0.056217
4 0.546689 0.625992 0.036086 0.052249
3 0.408110 0.782077 0.031250 0.061508
3 0.933408 0.896164 0.094494 0.072751
3 0.747954 0.949405 0.091146 0.057540
3 0.710938 0.875331 0.093750 0.066799
0 0.648624 0.816468 0.012277 0.054894
3 0.700893 0.833664 0.078125 0.049603
3 0.679688 0.779762 0.071429 0.054233
3 0.663318 0.752315 0.062500 0.044312
3 0.654204 0.728836 0.059896 0.037037
0 0.808222 0.932540 0.014509 0.059524
9 0.814174 0.941468 0.021205 0.042989
3 0.835751 0.751323 0.075521 0.046296
3 0.819940 0.724537 0.065476 0.045635
0 0.930618 0.804563 0.010789 0.046958
0 0.937128 0.804233 0.008929 0.047619
0 0.916481 0.777447 0.008557 0.049603
0 0.906994 0.779762 0.008929 0.044974
0 0.719866 0.669974 0.007440 0.039683
0 0.840960 0.685185 0.007068 0.035714
0 0.826823 0.691138 0.008557 0.039683
0 0.831473 0.681878 0.006696 0.035714
0 0.600632 0.747354 0.007068 0.038360
4 0.620350 0.641865 0.051711 0.042989
3 0.665923 0.623016 0.040179 0.039683
3 0.690662 0.617394 0.036830 0.039021
3 0.719122 0.609788 0.035714 0.038360
3 0.743304 0.605489 0.033482 0.041667
3 0.765067 0.600860 0.034598 0.039021
3 0.790179 0.599868 0.040179 0.042328
4 0.812872 0.596230 0.036458 0.044312
0 0.811570 0.633267 0.007068 0.035053
0 0.816406 0.633929 0.007068 0.035053
0 0.856585 0.607804 0.007068 0.035714
3 0.785714 0.555556 0.032738 0.031746
3 0.697731 0.585648 0.038318 0.025794
3 0.452381 0.512897 0.036458 0.025794
3 0.425595 0.502976 0.032738 0.028439
3 0.450521 0.493386 0.032738 0.025132
3 0.658482 0.471561 0.025298 0.017196
3 0.705729 0.474206 0.029018 0.019841
3 0.592820 0.489418 0.031622 0.021164
3 0.786458 0.496362 0.029018 0.016534
0 0.838914 0.602513 0.005208 0.035714
0 0.845238 0.605489 0.008185 0.029762
0 0.858073 0.592262 0.008557 0.029762
0 0.859003 0.594577 0.005208 0.031746
0 0.834263 0.568122 0.005580 0.025132
8 0.776042 0.530093 0.088542 0.070767
3 0.682292 0.544974 0.040923 0.031746
3 0.019531 0.549934 0.039062 0.029762