3 0.736082 0.504202 0.032038 0.052288
3 0.725053 0.479458 0.026786 0.038282
0 0.813813 0.544351 0.006828 0.033613
0 0.790179 0.540616 0.008929 0.029879
3 0.409664 0.455649 0.029412 0.042951
3 0.444065 0.391690 0.021534 0.032680
3 0.469013 0.350140 0.015756 0.028011
3 0.476891 0.338936 0.013655 0.024276
3 0.482931 0.330999 0.013130 0.023343
3 0.067752 0.517274 0.052521 0.048553
3 0.544905 0.464052 0.026786 0.052288
3 0.508141 0.465920 0.020483 0.035481
3 0.502101 0.444444 0.019958 0.041083
3 0.543855 0.515873 0.026786 0.051354
3 0.491859 0.899160 0.062500 0.121382
3 0.547794 0.421569 0.015756 0.028945
3 0.549107 0.404762 0.016282 0.028945
3 0.503939 0.505135 0.025735 0.061625
3 0.506303 0.394491 0.018908 0.034547
0 0.827994 0.547152 0.006828 0.029879
0 0.377889 0.548086 0.008929 0.041083
0 0.375263 0.549953 0.008929 0.041083
3 0.713235 0.453782 0.024160 0.033613
9 0.735819 0.577965 0.023109 0.033613
1 0.734506 0.566293 0.011029 0.038282
0 0.910189 0.544351 0.007353 0.041083
0 0.761292 0.473389 0.011029 0.044818
0 0.916754 0.546218 0.008929 0.029879
3 0.499475 0.292250 0.013655 0.024276
3 0.545168 0.442110 0.021008 0.038282
3 0.519170 0.416433 0.018382 0.033613
3 0.531775 0.372549 0.013130 0.024276
3 0.550420 0.387488 0.013655 0.024276
3 0.397321 0.668534 0.086660 0.063492
3 0.479779 0.612512 0.069853 0.056022
3 0.309349 0.605509 0.084034 0.062558
3 0.439863 0.556022 0.049895 0.051354
3 0.449580 0.593371 0.071429 0.066293
8 0.875000 0.614379 0.200630 0.138189
2 0.783876 0.774977 0.029937 0.041083
1 0.784139 0.760971 0.016807 0.052288
2 0.617384 0.570495 0.025735 0.029879
1 0.618172 0.560691 0.011555 0.051354
0 0.287027 0.531746 0.007878 0.042017
0 0.300420 0.528478 0.009454 0.039216
0 0.770746 0.487395 0.008929 0.037348
0 0.375788 0.547152 0.008929 0.041083
0 0.563813 0.530345 0.008929 0.037348