9 0.499628 0.188492 0.011161 0.033069
3 0.486979 0.365079 0.023065 0.050265
3 0.479539 0.244709 0.021577 0.050265
3 0.396949 0.390212 0.024554 0.074074
3 0.470238 0.909392 0.040179 0.152116
3 0.498512 0.491402 0.029762 0.072751
3 0.448289 0.355820 0.026042 0.058201
3 0.516369 0.698413 0.038690 0.111111
3 0.451265 0.622354 0.031994 0.099206
3 0.192336 0.261905 0.040923 0.039683
3 0.047247 0.267857 0.051339 0.038360
3 0.590030 0.138228 0.031250 0.051587
0 0.247024 0.648810 0.019345 0.046296
1 0.549107 0.319444 0.007440 0.022487
9 0.548735 0.325397 0.008185 0.023810
1 0.268229 0.841931 0.011161 0.046296
9 0.267113 0.849206 0.017857 0.055556
4 0.733631 0.199735 0.017857 0.029101
3 0.644345 0.169974 0.026786 0.030423
3 0.706845 0.158730 0.035714 0.029101
3 0.165923 0.242063 0.043155 0.037037
3 0.760789 0.146825 0.023065 0.034392
3 0.390625 0.207011 0.014881 0.038360
3 0.391369 0.133598 0.011905 0.034392
3 0.373884 0.091270 0.011161 0.026455
3 0.376488 0.023148 0.013393 0.030423
4 0.361607 0.126323 0.017857 0.043651
5 0.349330 0.251323 0.020089 0.042328
3 0.348214 0.334656 0.020833 0.066138