0 0.106985 0.869935 0.018382 0.066667
5 0.272794 0.452288 0.025000 0.054902
9 0.404779 0.490850 0.011029 0.030065
9 0.379412 0.412418 0.008824 0.027451
9 0.411765 0.373203 0.013235 0.027451
9 0.381250 0.501307 0.011029 0.032680
0 0.151838 0.677778 0.016912 0.043137
6 0.296691 0.567320 0.022794 0.039216
3 0.508088 0.527451 0.025000 0.045752
3 0.080147 0.864706 0.070588 0.095425
3 0.943382 0.928758 0.110294 0.082353
3 0.881985 0.808497 0.093382 0.084967
7 0.157353 0.866013 0.061765 0.095425
5 0.824265 0.716993 0.095588 0.069281
3 0.816544 0.684314 0.069853 0.056209
0 0.840809 0.975163 0.018382 0.044444
3 0.796691 0.649020 0.072794 0.058824
3 0.648897 0.547712 0.031618 0.049673
3 0.869485 0.771895 0.080147 0.053595
3 0.741912 0.604575 0.058824 0.053595
3 0.365074 0.531373 0.025735 0.053595
4 0.223897 0.612418 0.058088 0.061438
3 0.331985 0.515686 0.041912 0.050980
7 0.262132 0.685621 0.040441 0.069281
0 0.105515 0.963399 0.018382 0.067974
3 0.224265 0.539869 0.063235 0.041830
1 0.157353 0.973856 0.026471 0.044444
7 0.262500 0.638562 0.038235 0.056209
0 0.718750 0.690196 0.012500 0.049673
1 0.094853 0.769935 0.016176 0.047059
9 0.097426 0.781699 0.038971 0.036601
1 0.222059 0.679739 0.017647 0.039216
6 0.222794 0.705882 0.044118 0.060131
3 0.262868 0.479085 0.047794 0.035294
7 0.076103 0.701961 0.041912 0.065359
7 0.098162 0.726797 0.078676 0.078431
3 0.228676 0.525490 0.060294 0.041830
7 0.143750 0.696078 0.033088 0.066667
3 0.331618 0.495425 0.025000 0.041830
7 0.030147 0.936601 0.060294 0.098039
3 0.657721 0.509804 0.046324 0.041830
3 0.317279 0.418301 0.041912 0.033987
7 0.038235 0.703268 0.044118 0.065359
3 0.523162 0.360784 0.013971 0.026144
6 0.280515 0.594771 0.024265 0.041830
3 0.304044 0.392157 0.034559 0.028758
3 0.302206 0.368627 0.027941 0.026144
3 0.318015 0.406536 0.033088 0.026144
4 0.390074 0.361438 0.021324 0.027451
4 0.395956 0.347712 0.015441 0.026144
1 0.043382 0.754902 0.017647 0.043137
9 0.044853 0.771242 0.032353 0.031373
0 0.119485 0.879085 0.016912 0.074510
6 0.328676 0.590196 0.017647 0.037908
5 0.579412 0.370588 0.020588 0.037908
3 0.663603 0.428758 0.041912 0.036601
3 0.702941 0.504575 0.050000 0.039216
3 0.672059 0.463399 0.044118 0.032680
3 0.637500 0.407843 0.038235 0.028758
9 0.712132 0.547712 0.012500 0.031373
1 0.382353 0.494771 0.008824 0.027451
1 0.406618 0.483007 0.008824 0.024837
0 0.143015 0.492810 0.011029 0.031373
1 0.379412 0.409150 0.007353 0.020915
3 0.633456 0.407190 0.040441 0.035294
3 0.625735 0.393464 0.044118 0.039216
6 0.630147 0.437255 0.025000 0.027451
6 0.273162 0.412418 0.030147 0.027451
3 0.566912 0.339869 0.022059 0.023529
3 0.592279 0.348366 0.031618 0.027451
5 0.605882 0.366013 0.036765 0.033987
1 0.418015 0.339869 0.006618 0.015686
1 0.410662 0.369281 0.006618 0.019608
0 0.329412 0.383660 0.007353 0.027451
0 0.336029 0.384967 0.008824 0.030065
0 0.343750 0.383660 0.009559 0.024837
1 0.568750 0.388889 0.008088 0.019608