3 0.506040 0.336601 0.034139 0.064426
3 0.564863 0.284314 0.035189 0.064426
3 0.051208 0.731092 0.102416 0.112045
4 0.133666 0.655462 0.105567 0.136321
3 0.340861 0.338002 0.048319 0.084034
3 0.420168 0.507937 0.045168 0.112045
3 0.484244 0.226891 0.035714 0.063492
3 0.500525 0.047152 0.022059 0.038282
7 0.527048 0.157796 0.036239 0.050420
3 0.430672 0.221755 0.028361 0.060691
3 0.442489 0.137722 0.021534 0.047619
3 0.455620 0.081232 0.023634 0.050420
3 0.552258 0.124650 0.038340 0.042017
3 0.597164 0.692344 0.058824 0.150327
3 0.463235 0.046218 0.017857 0.038282
3 0.434349 0.046218 0.018908 0.032680
9 0.372899 0.435574 0.016807 0.047619
1 0.370536 0.410364 0.015231 0.040149
1 0.328782 0.567227 0.017857 0.055089
9 0.330882 0.587302 0.022059 0.067227
1 0.261817 0.928571 0.030987 0.083100
6 0.272321 0.921569 0.051996 0.153128
1 0.534926 0.032213 0.006828 0.019608
9 0.535189 0.039683 0.007353 0.025210
1 0.529412 0.043884 0.007353 0.020542
9 0.529412 0.054155 0.009454 0.022409
9 0.372111 0.385154 0.012080 0.036415
1 0.371586 0.366013 0.011029 0.028011
1 0.635242 0.531279 0.016282 0.059757
9 0.635504 0.548553 0.016807 0.058824
0 0.324580 0.330532 0.012605 0.050420
0 0.211134 0.365546 0.018908 0.056956
0 0.229779 0.319328 0.015231 0.050420
1 0.298319 0.216153 0.009454 0.032680
6 0.409664 0.147059 0.016807 0.036415
1 0.410189 0.135854 0.009454 0.025210
0 0.483718 0.098039 0.010504 0.039216
1 0.417805 0.103175 0.008929 0.025210
9 0.416754 0.109244 0.008929 0.028011
1 0.419905 0.086835 0.007878 0.024276
9 0.420431 0.094304 0.009979 0.024276
9 0.906775 0.143324 0.008929 0.027077
9 0.878939 0.133520 0.012080 0.029879
0 0.879202 0.115780 0.010504 0.029879
0 0.879727 0.126517 0.010504 0.038282
0 0.868435 0.113445 0.008929 0.032680
0 0.823792 0.133987 0.008929 0.032680
3 0.403361 0.011204 0.029412 0.022409
3 0.447742 0.010738 0.019433 0.021475
3 0.215599 0.276844 0.069853 0.064426
3 0.193015 0.214753 0.062500 0.050420
3 0.191702 0.180672 0.075630 0.055089
3 0.369223 0.094771 0.049370 0.036415
3 0.389706 0.054155 0.037815 0.035481
3 0.737132 0.177871 0.060399 0.049486
5 0.827468 0.171802 0.067752 0.054155
9 0.767595 0.167134 0.022584 0.022409
1 0.769958 0.161998 0.012605 0.030812
3 0.596113 0.082633 0.051471 0.049486
3 0.585872 0.070962 0.046744 0.037348
3 0.511817 0.496732 0.045693 0.098973
9 0.606618 0.479925 0.018908 0.063492
1 0.605305 0.463585 0.017332 0.055089
9 0.352941 0.406629 0.019958 0.049486
1 0.351366 0.389356 0.017857 0.048553
9 0.334821 0.217554 0.022584 0.026144
1 0.332983 0.206349 0.011555 0.031746
9 0.301208 0.224556 0.023634 0.025210
9 0.051471 0.548086 0.040966 0.050420