3 0.433333 0.503704 0.012500 0.027778
3 0.553906 0.532870 0.029687 0.025000
0 0.531771 0.586111 0.006250 0.025926
6 0.438802 0.529167 0.018229 0.026852
6 0.471875 0.704167 0.016667 0.041667
3 0.479687 0.602778 0.017708 0.038889
8 0.503906 0.478241 0.015104 0.045370
3 0.295833 0.873611 0.043750 0.078704
6 0.299740 0.821296 0.019271 0.042593
3 0.327083 0.795833 0.034375 0.063889
3 0.514844 0.689815 0.018229 0.038889
3 0.487240 0.477778 0.009896 0.020370
3 0.486979 0.525926 0.014583 0.025926
3 0.738802 0.890741 0.060937 0.066667
3 0.363542 0.651852 0.020833 0.040741
3 0.472917 0.933333 0.064583 0.074074
3 0.714583 0.808333 0.044792 0.061111
2 0.735938 0.833333 0.009375 0.035185
3 0.336458 0.689815 0.045833 0.037037
6 0.031250 0.832407 0.046875 0.050000
3 0.108073 0.760648 0.057813 0.047222
3 0.218229 0.576389 0.034375 0.025000
3 0.187500 0.600926 0.038542 0.022222
3 0.179688 0.614815 0.036458 0.025926
3 0.196875 0.634259 0.042708 0.031481
4 0.183333 0.651852 0.033333 0.027778
6 0.145833 0.690278 0.032292 0.025000
3 0.610938 0.845833 0.053125 0.062037
3 0.593490 0.765741 0.048438 0.037037
4 0.576823 0.717593 0.043229 0.042593
3 0.586979 0.662500 0.038542 0.036111
3 0.578906 0.637500 0.031771 0.025000
4 0.578385 0.616667 0.034896 0.029630
5 0.668229 0.640741 0.026042 0.055556
5 0.560677 0.606944 0.038021 0.030556
5 0.557813 0.591204 0.034375 0.030556
3 0.625260 0.566204 0.016146 0.026852
3 0.560677 0.575000 0.025521 0.020370
5 0.558594 0.558796 0.035937 0.028704
5 0.569792 0.544444 0.036458 0.025926
3 0.578646 0.692593 0.040625 0.025926
3 0.301302 0.621759 0.041146 0.028704
3 0.526042 0.575000 0.013542 0.024074
4 0.242708 0.544907 0.027083 0.023148
3 0.279167 0.562037 0.019792 0.022222
0 0.626563 0.984722 0.009375 0.026852
0 0.125521 0.743519 0.008333 0.029630
0 0.489583 0.713426 0.008333 0.034259
0 0.648438 0.745833 0.007292 0.030556
5 0.324479 0.552315 0.038542 0.039815
3 0.321615 0.581481 0.035937 0.029630
8 0.344010 0.596296 0.033854 0.059259
3 0.453646 0.590278 0.019792 0.036111
3 0.462240 0.518981 0.014063 0.026852
9 0.419792 0.606944 0.009375 0.026852
9 0.414844 0.545833 0.009896 0.021296
0 0.536458 0.588889 0.006250 0.025926