3 0.134191 0.704482 0.027836 0.043884
3 0.140494 0.683007 0.027836 0.040149
5 0.075105 0.643324 0.053571 0.115780
5 0.111607 0.586835 0.046744 0.088702
1 0.142857 0.596172 0.006303 0.027077
5 0.160714 0.578898 0.046218 0.082166
5 0.148634 0.632120 0.031513 0.063492
3 0.223214 0.698880 0.030462 0.043884
3 0.220326 0.681139 0.024685 0.043884
3 0.215861 0.653595 0.021008 0.033613
3 0.183561 0.584034 0.015231 0.021475
3 0.215861 0.630719 0.018908 0.027077
8 0.521534 0.848273 0.135504 0.211951
3 0.394170 0.576097 0.015231 0.020542
3 0.852941 0.745098 0.065126 0.059757
3 0.366859 0.580766 0.020483 0.026144
3 0.493435 0.683007 0.040441 0.049486
4 0.520221 0.696078 0.040441 0.055089
5 0.610557 0.673669 0.141282 0.127918
3 0.758141 0.636321 0.034139 0.027077
4 0.903361 0.667134 0.053571 0.049486
5 0.963498 0.670401 0.070903 0.070962
3 0.948004 0.641457 0.037815 0.035481
3 0.956408 0.624183 0.030462 0.025210
5 0.945116 0.620448 0.027836 0.027077
5 0.915179 0.611578 0.040441 0.042951
3 0.853729 0.634454 0.035189 0.032680
0 0.476103 0.767974 0.012080 0.060691
0 0.509716 0.767040 0.015231 0.060691
0 0.467962 0.763305 0.012605 0.060691
0 0.509454 0.768441 0.014706 0.059757
0 0.517595 0.716620 0.012080 0.049486
0 0.487658 0.769841 0.015231 0.055089
5 0.868172 0.655929 0.053571 0.043884
3 0.443015 0.562558 0.021534 0.027077
5 0.020221 0.637722 0.040441 0.104575
5 0.073267 0.597106 0.068803 0.116713
3 0.330620 0.578431 0.018382 0.027077
4 0.588498 0.739029 0.059349 0.060691
4 0.725840 0.671335 0.045168 0.042951
3 0.212973 0.627918 0.018382 0.032680
3 0.215861 0.614379 0.018908 0.031746
3 0.875525 0.872549 0.086134 0.071895
4 0.966649 0.779645 0.064601 0.070962