3 0.392463 0.843464 0.041544 0.083007
8 0.364338 0.986601 0.083088 0.025490
3 0.380147 0.945098 0.046324 0.088889
3 0.496691 0.745098 0.035294 0.065359
3 0.516360 0.987255 0.046691 0.022876
3 0.557904 0.801961 0.043750 0.081046
3 0.610662 0.779085 0.036029 0.070588
8 0.660110 0.914706 0.112132 0.169281
3 0.972059 0.691830 0.054412 0.045098
3 0.874632 0.656536 0.072059 0.063399
3 0.775919 0.638235 0.062132 0.047712
3 0.932353 0.645098 0.066176 0.053595
3 0.674449 0.607190 0.050368 0.043137
3 0.603309 0.585948 0.052941 0.050327
8 0.781618 0.592484 0.144118 0.106536
3 0.520956 0.570588 0.056618 0.043137
3 0.495588 0.551634 0.050735 0.045752
3 0.453309 0.554575 0.052206 0.035948
3 0.419853 0.535294 0.045588 0.035294
0 0.025000 0.930065 0.017647 0.074510
0 0.073162 0.737582 0.013235 0.050327
3 0.360294 0.521569 0.046324 0.041830
3 0.573713 0.492484 0.029779 0.032026
3 0.467096 0.402941 0.014338 0.021569
4 0.022059 0.650327 0.044118 0.054902
3 0.029044 0.631373 0.058088 0.053595
3 0.048529 0.617320 0.053676 0.051634
3 0.120037 0.595752 0.034191 0.055556
3 0.059191 0.457190 0.033088 0.025490
3 0.131618 0.418954 0.036029 0.028758
8 0.028125 0.457190 0.056250 0.058170
3 0.027022 0.452941 0.025368 0.027451
3 0.085294 0.489216 0.038971 0.032026
3 0.087316 0.527124 0.051103 0.047712
0 0.137316 0.705882 0.012132 0.049673
0 0.123162 0.724183 0.011765 0.054902
0 0.126103 0.714379 0.013235 0.044444
3 0.313603 0.519608 0.027206 0.039216
3 0.452206 0.374837 0.013235 0.021569
3 0.447610 0.333660 0.010662 0.018954
3 0.493382 0.394444 0.015441 0.024183
3 0.310478 0.491176 0.023162 0.035948
3 0.290441 0.481699 0.020588 0.035294
3 0.353125 0.454248 0.018015 0.030065
4 0.306066 0.440196 0.020956 0.035948
3 0.331250 0.432680 0.016176 0.026144
3 0.311949 0.421895 0.016544 0.028105
3 0.339706 0.401961 0.014706 0.024837
3 0.403309 0.422222 0.016176 0.026144
3 0.380147 0.421242 0.013971 0.028105
3 0.475000 0.426471 0.018382 0.026797
9 0.205699 0.619608 0.012868 0.030065
9 0.150735 0.603268 0.012500 0.027451
0 0.616544 0.706536 0.011765 0.044444
9 0.642463 0.633660 0.017279 0.020261
1 0.641728 0.625490 0.011397 0.027451
9 0.613419 0.652288 0.011397 0.026144
1 0.612868 0.640523 0.010294 0.022222
9 0.586397 0.647712 0.012500 0.030065
1 0.586949 0.635948 0.011397 0.030065
2 0.609375 0.668627 0.018015 0.028758
1 0.609559 0.658497 0.012500 0.034641
1 0.986397 0.987582 0.014706 0.023529
3 0.433640 0.329085 0.011397 0.017647
1 0.761213 0.948366 0.015809 0.064052
1 0.743934 0.894444 0.014338 0.047712
1 0.801287 0.951634 0.016544 0.057516
1 0.769301 0.901634 0.013603 0.043791
1 0.787684 0.968301 0.019485 0.046405
0 0.904596 0.834314 0.012868 0.055556
0 0.922978 0.825817 0.010662 0.055556
0 0.917463 0.831373 0.012868 0.052288
1 0.988971 0.895752 0.020588 0.060784
1 0.817463 0.944118 0.015809 0.060784
1 0.794301 0.898366 0.015809 0.046405
1 0.729963 0.785948 0.012132 0.037255
1 0.739154 0.853268 0.012132 0.039869
1 0.731066 0.829739 0.012868 0.042484
1 0.762316 0.848693 0.015809 0.042484
1 0.706434 0.800980 0.012132 0.047712
1 0.735662 0.801634 0.011765 0.039869
0 0.803676 0.810458 0.012500 0.050980
0 0.817647 0.800000 0.011765 0.058824
0 0.831618 0.789542 0.013235 0.057516
0 0.855147 0.796732 0.014706 0.053595
0 0.874632 0.792157 0.018382 0.054902
0 0.888971 0.833333 0.013971 0.058824
0 0.895956 0.875817 0.011765 0.061438
0 0.904779 0.874510 0.015441 0.058824
0 0.952941 0.800654 0.015441 0.049673
1 0.867647 0.862745 0.018382 0.054902
9 0.866544 0.868627 0.027941 0.053595
1 0.734375 0.942810 0.009926 0.050327
1 0.723713 0.925163 0.012868 0.051634
3 0.511949 0.858170 0.039338 0.082353
3 0.586949 0.990850 0.052574 0.018301
3 0.749449 0.559150 0.049632 0.035948
3 0.494669 0.386601 0.015074 0.017647
3 0.489890 0.373529 0.012868 0.020261
3 0.450735 0.976471 0.045588 0.045752
3 0.562868 0.690523 0.038971 0.055556
3 0.453676 0.820588 0.036765 0.072549
3 0.514154 0.674183 0.034191 0.055556
3 0.449632 0.697059 0.031618 0.060784
3 0.471875 0.351307 0.012132 0.017647
3 0.464522 0.334314 0.013603 0.015033
3 0.447610 0.310784 0.009191 0.015033