3 0.018973 0.562500 0.036458 0.031085
3 0.653274 0.577712 0.037946 0.029762
0 0.587612 0.689153 0.008557 0.039683
3 0.511719 0.844907 0.033110 0.066799
0 0.063802 0.971230 0.012277 0.039021
0 0.035714 0.849868 0.012649 0.046296
0 0.059896 0.792328 0.009673 0.046296
2 0.024368 0.747024 0.013765 0.033730
1 0.164435 0.713294 0.010417 0.036376
2 0.165179 0.725198 0.010417 0.031085
1 0.204613 0.770172 0.012649 0.035053
9 0.204613 0.784061 0.012649 0.033730
0 0.206287 0.760913 0.005580 0.039021
1 0.191034 0.851521 0.013765 0.042989
2 0.191034 0.864418 0.015253 0.037037
1 0.156436 0.886574 0.011533 0.042989
9 0.154762 0.902778 0.017113 0.041005
3 0.446243 0.598545 0.049479 0.038360
3 0.452009 0.579365 0.046875 0.033069
3 0.549293 0.551257 0.036086 0.025794
3 0.136719 0.588624 0.047991 0.027778
3 0.126674 0.578373 0.043527 0.032407
0 0.254650 0.650132 0.007068 0.034392
1 0.391555 0.648148 0.008557 0.031746
2 0.392671 0.658069 0.021949 0.019841
1 0.235119 0.646825 0.009673 0.031746
2 0.236793 0.654101 0.017485 0.023810
1 0.200521 0.642526 0.008185 0.027116
2 0.202195 0.650463 0.021205 0.020503
1 0.441406 0.635251 0.008557 0.025794
9 0.441778 0.644180 0.020461 0.018519
0 0.450521 0.683201 0.008185 0.038360
3 0.195499 0.583333 0.047247 0.021164
3 0.192150 0.570437 0.044271 0.024471
3 0.315662 0.610119 0.051711 0.032407
3 0.357329 0.590278 0.046503 0.036376
3 0.366815 0.575066 0.048363 0.025794
3 0.239211 0.599868 0.050595 0.037037
3 0.048921 0.517857 0.030878 0.026455
1 0.523810 0.659061 0.007440 0.025794
3 0.523065 0.673280 0.018601 0.017196
8 0.099330 0.521495 0.111607 0.076058
3 0.137463 0.546958 0.046503 0.030423
3 0.238095 0.535053 0.036458 0.025132
3 0.247396 0.524140 0.030506 0.020503
3 0.607143 0.482474 0.031994 0.019180
0 0.327753 0.499339 0.003720 0.021164
1 0.298549 0.542989 0.007068 0.025132
2 0.298549 0.551918 0.010045 0.012566
0 0.551711 0.718915 0.007440 0.038360
0 0.542225 0.698743 0.007068 0.044312
0 0.627790 0.687500 0.007812 0.032407
0 0.573847 0.676918 0.006324 0.035053
0 0.565104 0.676257 0.006696 0.035053
0 0.578125 0.669643 0.007440 0.036376
0 0.728051 0.522817 0.005952 0.024471
1 0.743862 0.581680 0.007812 0.020503
9 0.743490 0.589616 0.010789 0.019180
0 0.492374 0.686839 0.006324 0.036376
0 0.510231 0.672950 0.007068 0.032407
0 0.521391 0.693783 0.008557 0.038360
1 0.313058 0.675265 0.007068 0.031746
2 0.311198 0.689484 0.021205 0.019180
0 0.529576 0.679563 0.006324 0.031085
1 0.559710 0.605159 0.007068 0.026455
3 0.067894 0.709656 0.050967 0.044974
3 0.115513 0.606151 0.052455 0.033730
8 0.039807 0.625992 0.079613 0.073413
1 0.199405 0.667659 0.008929 0.035053
2 0.201637 0.675926 0.026042 0.022487
3 0.582961 0.521495 0.033482 0.017857
3 0.652902 0.500661 0.029018 0.019841
3 0.666667 0.513889 0.033482 0.025132
3 0.715588 0.502646 0.028646 0.018519
3 0.741257 0.493386 0.027158 0.018519
8 0.617560 0.556548 0.093006 0.066799
4 0.758929 0.544312 0.038690 0.035714
3 0.635603 0.509921 0.030134 0.022487
3 0.741815 0.505291 0.029762 0.021164
3 0.775112 0.509921 0.030134 0.023810
3 0.814546 0.503638 0.032366 0.025794
8 0.794085 0.486111 0.068824 0.039683
1 0.635975 0.616071 0.007068 0.025794
2 0.636719 0.626984 0.014509 0.019841
1 0.606585 0.606151 0.007068 0.025794
2 0.606771 0.613757 0.014881 0.023810
1 0.572173 0.604497 0.006696 0.031746
2 0.572731 0.611111 0.018229 0.018519
1 0.698289 0.584325 0.007440 0.023148
2 0.698847 0.594246 0.014509 0.019180
1 0.654018 0.601190 0.007440 0.025132
2 0.653832 0.605489 0.014509 0.019180
1 0.652530 0.593254 0.006696 0.023810
9 0.653832 0.603505 0.014509 0.017857
2 0.475632 0.641204 0.021205 0.023148
1 0.474888 0.633929 0.010789 0.032407
0 0.621466 0.842262 0.013765 0.037698
0 0.605097 0.716601 0.010045 0.039021
3 0.456101 0.957341 0.038690 0.078704
3 0.503534 0.747354 0.030878 0.052910
3 0.457961 0.870701 0.031250 0.069444
3 0.403274 0.888228 0.034226 0.074074
3 0.462054 0.791667 0.027530 0.055556
4 0.563430 0.635913 0.036086 0.052249
3 0.409970 0.810185 0.031994 0.063492
3 0.947359 0.927249 0.094122 0.072751
3 0.755022 0.974537 0.092634 0.046958
3 0.716518 0.904431 0.095982 0.068122
0 0.648251 0.831019 0.012277 0.054894
3 0.706287 0.859788 0.079241 0.050265
3 0.684710 0.806217 0.072545 0.055556
3 0.669085 0.777447 0.062872 0.045635
3 0.658296 0.753307 0.060640 0.038360
0 0.813430 0.951058 0.014509 0.059524
9 0.820312 0.967593 0.021577 0.042328
3 0.844680 0.775794 0.077753 0.047619
3 0.829241 0.750000 0.066964 0.047619
0 0.952939 0.848214 0.010789 0.046958
0 0.960565 0.848545 0.008929 0.047619
0 0.938430 0.821098 0.008557 0.049603
0 0.929688 0.823743 0.009673 0.045635
0 0.724516 0.693452 0.007068 0.039021
0 0.847470 0.709987 0.007440 0.036376
0 0.832217 0.706680 0.008929 0.040344
0 0.837240 0.703704 0.007068 0.035714
0 0.603051 0.772817 0.008185 0.037698
4 0.624070 0.661706 0.051711 0.042989
3 0.672433 0.645833 0.039807 0.040344
3 0.697731 0.637897 0.036830 0.039021
3 0.725074 0.630952 0.036458 0.038360
3 0.748884 0.625992 0.033482 0.041667
3 0.772135 0.624669 0.034598 0.039021
3 0.798363 0.623016 0.040179 0.042328
4 0.819754 0.619378 0.037574 0.044312
0 0.817894 0.655754 0.007068 0.035053
0 0.824219 0.655754 0.007068 0.035053
0 0.862909 0.624339 0.007068 0.035714
3 0.650856 0.548611 0.040551 0.027116
3 0.791853 0.574735 0.032366 0.030423
3 0.701823 0.603175 0.038318 0.026455
3 0.385417 0.537368 0.036458 0.025794
3 0.342820 0.531415 0.040551 0.029762
3 0.387091 0.516534 0.033854 0.026455
3 0.668155 0.491402 0.025298 0.017196
3 0.706473 0.493717 0.029018 0.020503
3 0.540179 0.514550 0.032738 0.022487
3 0.792411 0.515542 0.029018 0.016534
0 0.843936 0.618717 0.005580 0.035053
0 0.850446 0.628638 0.008185 0.029762
0 0.863281 0.610119 0.008557 0.029762
0 0.860305 0.613095 0.005580 0.031746
0 0.838356 0.586640 0.005580 0.025132
8 0.826637 0.548611 0.089286 0.058862
3 0.713542 0.562169 0.040923 0.030423