0 0.081101 0.880291 0.031250 0.120370
0 0.098214 0.791005 0.046131 0.156085
1 0.379836 0.427910 0.027530 0.059524
0 0.668527 0.842593 0.052827 0.211640
0 0.249256 0.473545 0.028274 0.089947
0 0.254464 0.487434 0.019345 0.062169
0 0.276786 0.460979 0.019345 0.067460
0 0.268229 0.429233 0.021577 0.080688
9 0.612351 0.403439 0.026786 0.079365
1 0.612351 0.376323 0.023810 0.075397
0 0.539807 0.439815 0.031994 0.104497
6 0.530506 0.460979 0.041667 0.112434
0 0.378348 0.406085 0.012649 0.052910
1 0.388765 0.412037 0.015625 0.043651
9 0.540923 0.261243 0.013393 0.038360
9 0.514509 0.173280 0.014137 0.039683
9 0.530878 0.156746 0.012649 0.027778
9 0.552827 0.174603 0.010417 0.039683
7 0.696801 0.288360 0.034970 0.084656
0 0.579613 0.418651 0.023810 0.112434
9 0.566592 0.438492 0.026042 0.075397
1 0.542039 0.246032 0.012649 0.042328