3 0.028624 0.308123 0.037290 0.063492
3 0.030725 0.247432 0.040441 0.059757
3 0.674107 0.268908 0.027836 0.059757
3 0.643645 0.789449 0.042542 0.043884
3 0.569590 0.535481 0.034139 0.071895
3 0.569065 0.788982 0.040441 0.046685
3 0.485819 0.750700 0.027311 0.059757
3 0.541492 0.497666 0.030462 0.065359
8 0.585084 0.293184 0.077731 0.177404
5 0.516807 0.748366 0.033613 0.073763
3 0.860294 0.580299 0.034664 0.043884
3 0.440126 0.898693 0.030462 0.070028
4 0.641282 0.149860 0.028361 0.060691
2 0.351103 0.294585 0.016282 0.017740
0 0.425420 0.529412 0.008403 0.018674
9 0.149947 0.187208 0.016282 0.017740
0 0.624737 0.709150 0.012080 0.025210
0 0.667279 0.434641 0.007878 0.014006
0 0.350578 0.752101 0.007878 0.017740
3 0.308824 0.589169 0.039916 0.039216
3 0.326943 0.555089 0.037290 0.045752
3 0.335872 0.516340 0.038340 0.044818
3 0.254202 0.557890 0.038866 0.045752
3 0.282038 0.529412 0.037815 0.041083
3 0.288340 0.482260 0.038866 0.045752
3 0.213761 0.526144 0.035714 0.038282
4 0.232143 0.497666 0.039916 0.044818
3 0.240284 0.451447 0.034139 0.038282
3 0.166492 0.505602 0.040966 0.043884
3 0.183561 0.469188 0.039391 0.047619
3 0.200105 0.430439 0.037815 0.044818
3 0.717174 0.674603 0.040441 0.043884
3 0.718487 0.633520 0.035714 0.045752
3 0.722689 0.582633 0.035714 0.039216
3 0.743435 0.556022 0.040441 0.043884
3 0.751313 0.700747 0.034139 0.036415
3 0.770483 0.661998 0.039916 0.046685
3 0.785977 0.622782 0.041492 0.046685
3 0.798845 0.588235 0.039916 0.046685
3 0.789653 0.724090 0.038340 0.043884
3 0.837710 0.753968 0.039916 0.043884
3 0.881565 0.779178 0.042542 0.045752
3 0.925945 0.801120 0.039916 0.046685
5 0.653099 0.197946 0.045693 0.098973
3 0.152311 0.407563 0.039916 0.043884
3 0.119748 0.429038 0.039916 0.055089
3 0.108718 0.476657 0.040966 0.047619
3 0.043067 0.352474 0.044118 0.034547
3 0.066176 0.442577 0.040966 0.048553
3 0.102941 0.281979 0.037815 0.042951
3 0.165704 0.315126 0.043592 0.049486
4 0.064076 0.283847 0.038866 0.044818
0 0.599527 0.158730 0.012080 0.022409
8 0.403624 0.424370 0.078256 0.112979
5 0.711397 0.105509 0.028887 0.061625
3 0.904149 0.887955 0.041492 0.048553
3 0.779412 0.814192 0.035714 0.048553
8 0.268645 0.290850 0.086660 0.088702
3 0.493172 0.631186 0.028361 0.065359
3 0.477941 0.603641 0.030462 0.056956
4 0.972689 0.829132 0.048319 0.048553
3 0.039653 0.402894 0.024685 0.066293
3 0.013655 0.409897 0.027311 0.042951