3 0.970982 0.931548 0.057292 0.095899
3 0.929315 0.830357 0.111607 0.078704
3 0.895833 0.785053 0.104911 0.087302
3 0.859375 0.704365 0.084077 0.060847
3 0.782180 0.488757 0.041295 0.048942
3 0.747024 0.454696 0.033482 0.037698
3 0.235491 0.884259 0.066964 0.128307
3 0.388021 0.559193 0.027530 0.053571
3 0.398996 0.508598 0.024182 0.043651
3 0.275670 0.618056 0.037202 0.066799
4 0.329613 0.601190 0.033482 0.076720
3 0.232329 0.552579 0.040551 0.056217
3 0.275298 0.493056 0.030506 0.045635
3 0.307850 0.483796 0.030134 0.046958
3 0.361793 0.512897 0.031622 0.052249
3 0.408110 0.477183 0.021577 0.037698
3 0.343006 0.415344 0.022321 0.034392
4 0.359933 0.428902 0.019717 0.050926
3 0.379278 0.453042 0.027158 0.048942
3 0.414062 0.443122 0.025298 0.034392
3 0.362537 0.367394 0.020461 0.032407
3 0.376302 0.390873 0.021205 0.034392
3 0.400856 0.395172 0.021205 0.031085
3 0.216890 0.446759 0.031250 0.042989
5 0.265439 0.422619 0.040551 0.091270
0 0.770647 0.663690 0.013021 0.050926
0 0.789062 0.669643 0.014881 0.053571
0 0.804129 0.667328 0.009301 0.047619
3 0.889323 0.691138 0.070312 0.066138
2 0.764323 0.863757 0.017485 0.062169
0 0.823475 0.918981 0.024182 0.066799
0 0.790179 0.766204 0.012649 0.058862
0 0.809338 0.764881 0.013021 0.054894
0 0.774182 0.672288 0.011905 0.048280
0 0.781064 0.600198 0.012277 0.042989
9 0.813430 0.577712 0.012277 0.024471
0 0.750186 0.674934 0.008557 0.050926
2 0.743676 0.622024 0.017113 0.027116
9 0.394345 0.512566 0.016369 0.023810
3 0.920945 0.571098 0.065104 0.041667
3 0.918713 0.550265 0.061384 0.038360
3 0.984747 0.579696 0.029018 0.032407
3 0.974888 0.443783 0.027902 0.039683
3 0.982701 0.492063 0.033110 0.039683
3 0.950893 0.486772 0.033482 0.034392
0 0.874070 0.571429 0.010789 0.042328
0 0.887091 0.573413 0.010045 0.043651
3 0.510975 0.352844 0.013765 0.021825
3 0.511719 0.876323 0.047991 0.117725
3 0.418341 0.867063 0.047247 0.113757
3 0.435268 0.651124 0.034226 0.064153
3 0.536086 0.623347 0.030506 0.057540
3 0.489769 0.518849 0.026414 0.045635
3 0.454613 0.518188 0.027530 0.048280
3 0.512277 0.445437 0.021577 0.035053
3 0.465960 0.389550 0.019717 0.033069
3 0.477865 0.455026 0.021205 0.039683
3 0.271949 0.497685 0.036458 0.058862
3 0.292969 0.962632 0.059896 0.072090
3 0.275112 0.499339 0.028646 0.048942
3 0.472656 0.324405 0.010789 0.021825
3 0.468564 0.350529 0.014509 0.033069
3 0.513765 0.384259 0.016369 0.029101
3 0.489583 0.381283 0.018601 0.029762
3 0.474702 0.297619 0.012649 0.022487
3 0.490327 0.335648 0.016369 0.025794
3 0.530878 0.505952 0.027530 0.044974
3 0.530878 0.408730 0.018601 0.027778
3 0.707217 0.961971 0.066220 0.074735
3 0.567336 0.533399 0.028274 0.048280
3 0.303013 0.894180 0.059896 0.128307
3 0.335565 0.777116 0.054315 0.117725
3 0.015253 0.944444 0.030506 0.107143
3 0.361793 0.669974 0.040551 0.080688
3 0.369606 0.605820 0.032366 0.055556
3 0.155134 0.909061 0.078869 0.131614
3 0.130394 0.722553 0.058408 0.087963