9 0.403624 0.289449 0.008929 0.022409
1 0.403887 0.283847 0.008403 0.026144
0 0.955620 0.828665 0.019433 0.084967
3 0.419380 0.204015 0.016282 0.025210
3 0.426733 0.187208 0.017332 0.021475
3 0.733456 0.742764 0.125525 0.109244
6 0.086397 0.767040 0.042542 0.083100
1 0.090861 0.743697 0.021008 0.060691
8 0.196954 0.431839 0.074580 0.118581
0 0.755777 0.624650 0.018908 0.067227
3 0.746061 0.549953 0.065651 0.076564
3 0.692227 0.485994 0.056723 0.056956
9 0.681985 0.570028 0.018382 0.043884
1 0.687237 0.557423 0.015231 0.039216
1 0.658088 0.496265 0.015756 0.042017
3 0.535714 0.353875 0.025210 0.039216
3 0.225840 0.366013 0.044118 0.044818
3 0.254727 0.321195 0.048319 0.037348
9 0.517069 0.403828 0.012080 0.032680
3 0.303309 0.310458 0.025735 0.038282
3 0.135504 0.318861 0.037815 0.034547
3 0.336397 0.263772 0.017332 0.023343
3 0.448529 0.260504 0.024160 0.028011
3 0.477941 0.254435 0.015756 0.027077
3 0.514968 0.279645 0.018382 0.027077
3 0.509716 0.253501 0.014181 0.023343
7 0.348739 0.282446 0.011555 0.027077
2 0.657300 0.509804 0.016282 0.044818
9 0.490546 0.233427 0.006303 0.013072
1 0.491334 0.229225 0.007878 0.015873
3 0.480305 0.178338 0.009979 0.016807
3 0.336134 0.670868 0.046218 0.107376
3 0.417805 0.398693 0.028887 0.054155
6 0.242384 0.802988 0.074055 0.069094
3 0.472164 0.156863 0.008403 0.011204
3 0.477679 0.167134 0.008929 0.018674
9 0.493697 0.259104 0.006303 0.021475