3 0.534598 0.777778 0.026042 0.066138
3 0.456845 0.705026 0.022321 0.055556
3 0.582217 0.960979 0.030506 0.072751
3 0.615699 0.895503 0.036458 0.082011
8 0.346726 0.927249 0.056548 0.142857
3 0.628720 0.783069 0.037202 0.076720
3 0.305060 0.711640 0.026786 0.050265
3 0.283110 0.624339 0.048363 0.037037
0 0.568824 0.886243 0.011161 0.039683
3 0.638393 0.580688 0.035714 0.039683
3 0.621652 0.515212 0.023065 0.033069
3 0.597098 0.516534 0.020089 0.033069
3 0.524926 0.501984 0.014137 0.022487
3 0.414435 0.562169 0.038690 0.029101
3 0.383557 0.667989 0.024554 0.060847
3 0.631696 0.623677 0.044643 0.027778
3 0.639137 0.644841 0.041667 0.019841
3 0.667039 0.578042 0.034970 0.042328
3 0.642113 0.676587 0.046131 0.038360
4 0.352307 0.455688 0.012649 0.030423
3 0.504836 0.414683 0.014137 0.025132
1 0.352307 0.593254 0.006696 0.022487
2 0.352307 0.604497 0.006696 0.021164
1 0.483631 0.454365 0.010417 0.019841
1 0.482515 0.406085 0.006696 0.018519
3 0.488095 0.931878 0.032738 0.096561
3 0.614583 0.546296 0.041667 0.029101
3 0.527158 0.599868 0.017113 0.038360
3 0.502976 0.475529 0.013393 0.025132
3 0.462426 0.640873 0.020089 0.041005
3 0.500744 0.720899 0.022321 0.058201
3 0.507440 0.665344 0.019345 0.044974
3 0.468006 0.593254 0.017857 0.038360
3 0.494048 0.590608 0.022321 0.051587
3 0.495536 0.541005 0.020833 0.029101
3 0.468378 0.478175 0.015625 0.022487
1 0.453125 0.546296 0.008929 0.021164