3 0.808036 0.365079 0.023634 0.031746
3 0.778624 0.447712 0.028887 0.038282
5 0.850840 0.377684 0.034664 0.060691
3 0.806985 0.411298 0.023634 0.028945
3 0.810399 0.399160 0.021008 0.030812
4 0.828256 0.377218 0.015756 0.037348
3 0.831408 0.368814 0.015756 0.026144
3 0.844800 0.355742 0.015231 0.026144
5 0.805147 0.450514 0.033613 0.064426
3 0.671481 0.568627 0.048845 0.057890
6 0.703256 0.439309 0.014706 0.030812
3 0.763130 0.412698 0.026261 0.029879
4 0.673057 0.487395 0.036239 0.054155
3 0.437763 0.810924 0.101366 0.118581
3 0.454307 0.557423 0.054622 0.059757
3 0.563288 0.513539 0.042542 0.052288
3 0.639968 0.458450 0.035189 0.041083
4 0.659401 0.421569 0.026786 0.047619
3 0.695378 0.426704 0.026261 0.037348
3 0.726366 0.407096 0.025210 0.031746
3 0.752101 0.366947 0.018908 0.026144
3 0.773372 0.371615 0.021534 0.029879
0 0.254202 0.580299 0.017857 0.060691