0 0.074842 0.796452 0.015231 0.050420
0 0.065389 0.739496 0.025735 0.069094
1 0.247637 0.475724 0.015231 0.045752
1 0.728466 0.349673 0.015756 0.038282
9 0.727153 0.366013 0.036239 0.031746
3 0.401786 0.026611 0.030462 0.021475
9 0.238183 0.903828 0.024685 0.082166
1 0.236345 0.882353 0.026261 0.076564
3 0.050158 0.630719 0.100315 0.103641
3 0.061712 0.447246 0.079307 0.072829
3 0.057511 0.265640 0.041492 0.055089
3 0.070641 0.394958 0.091912 0.076564
3 0.250263 0.254902 0.075105 0.059757
3 0.428571 0.596639 0.053571 0.147526
3 0.340336 0.228758 0.064076 0.059757
3 0.406250 0.259570 0.032038 0.065359
4 0.369485 0.155929 0.053046 0.048553
3 0.392857 0.082166 0.039916 0.033613
4 0.399422 0.067694 0.034139 0.040149
3 0.859769 0.398226 0.087185 0.066293
7 0.967962 0.392624 0.063025 0.081232
7 0.852416 0.271709 0.053571 0.061625
0 0.856880 0.290850 0.012080 0.040149
7 0.746586 0.260971 0.054097 0.058824
4 0.642595 0.323529 0.066702 0.064426
9 0.726103 0.374883 0.026786 0.036415
1 0.730305 0.373483 0.017332 0.046685
3 0.638918 0.216153 0.056197 0.055089
3 0.626313 0.190009 0.054097 0.051354
4 0.443277 0.366013 0.037815 0.097106
3 0.558561 0.199813 0.028887 0.042951
3 0.513393 0.176004 0.022584 0.040149
3 0.524685 0.140990 0.023109 0.041083
3 0.477153 0.070962 0.020483 0.041083
3 0.477679 0.044351 0.018382 0.032680
7 0.434349 0.067694 0.024160 0.042017
9 0.555935 0.126517 0.009979 0.028945
1 0.556985 0.116246 0.007878 0.021475
9 0.397321 0.219888 0.009979 0.036415
0 0.396796 0.206816 0.012080 0.032680
9 0.444590 0.131186 0.007878 0.028945
9 0.435924 0.212418 0.008403 0.032680
2 0.343487 0.293651 0.019958 0.028945
1 0.344800 0.282446 0.012080 0.036415
9 0.319328 0.337535 0.011555 0.043884
1 0.319590 0.333800 0.016282 0.040149
9 0.275735 0.415033 0.035714 0.043884
1 0.270746 0.405696 0.016282 0.062558
9 0.271796 0.464519 0.033088 0.040149
1 0.262342 0.458450 0.016282 0.050420
9 0.253414 0.487862 0.037290 0.040149
9 0.381303 0.027544 0.017857 0.017740
3 0.411502 0.024276 0.035189 0.028011
9 0.907563 0.373016 0.042017 0.028945
1 0.910189 0.361345 0.022059 0.041083
1 0.435924 0.198880 0.008403 0.028011
3 0.618172 0.164799 0.050420 0.047619
2 0.881303 0.538749 0.043067 0.042951
1 0.886292 0.522409 0.023634 0.055089
9 0.454832 0.022409 0.009454 0.022409
4 0.434611 0.034547 0.017332 0.039216