3 0.027311 0.057423 0.054622 0.070028
9 0.192489 0.040616 0.011029 0.034547
9 0.205095 0.040149 0.007878 0.039216
9 0.220326 0.040149 0.009979 0.046685
3 0.254464 0.038282 0.044643 0.069094
3 0.317752 0.023343 0.052521 0.046685
4 0.949317 0.223623 0.100315 0.096172
0 0.893120 0.234827 0.015231 0.055089
3 0.137080 0.188609 0.101891 0.100840
3 0.604254 0.044818 0.042542 0.067227
4 0.358718 0.389823 0.051471 0.127918
3 0.488183 0.204015 0.057248 0.118581
0 0.073267 0.037348 0.013130 0.056022
0 0.897321 0.221289 0.013130 0.056022
0 0.906250 0.047619 0.014181 0.050420
0 0.883929 0.060224 0.017857 0.043884
0 0.892332 0.056956 0.015756 0.041083
0 0.904937 0.056956 0.016807 0.050420
1 0.364233 0.849206 0.021534 0.077498
2 0.376313 0.869748 0.045693 0.101774
0 0.936187 0.893091 0.040441 0.071895
1 0.936712 0.851074 0.029937 0.043884
0 0.980830 0.827731 0.032038 0.071895
0 0.971376 0.698880 0.038340 0.070028
9 0.141544 0.865079 0.037290 0.103641
1 0.133141 0.829599 0.013130 0.079365
9 0.277836 0.796919 0.061975 0.064426
1 0.282300 0.776377 0.026786 0.073763
9 0.695641 0.033613 0.023634 0.035481
0 0.934349 0.932306 0.032563 0.073763
3 0.801471 0.163399 0.094538 0.097106
0 0.213235 0.520542 0.019958 0.083100
0 0.157826 0.509804 0.023634 0.070962
9 0.221901 0.349673 0.033088 0.042017
1 0.212447 0.318861 0.012080 0.045752
9 0.792805 0.249767 0.041492 0.045752
1 0.800158 0.243231 0.016282 0.055089
9 0.701418 0.155462 0.027836 0.040149
1 0.707721 0.146125 0.016282 0.055089
7 0.970063 0.314192 0.056723 0.056956
1 0.974527 0.299253 0.024685 0.049486
6 0.086397 0.290850 0.041492 0.045752
1 0.085872 0.277778 0.013130 0.045752
2 0.715336 0.135387 0.025210 0.054155
9 0.787027 0.703548 0.045693 0.056956
1 0.798057 0.677404 0.021534 0.071895
9 0.707721 0.063959 0.027836 0.028945
0 0.708771 0.046218 0.008929 0.043884
2 0.803834 0.100373 0.033088 0.030812
1 0.700893 0.024276 0.012080 0.048553
3 0.017332 0.213819 0.034664 0.089636