3 0.478992 0.355275 0.026261 0.043884
6 0.127363 0.709150 0.040441 0.071895
1 0.130515 0.689076 0.024685 0.059757
8 0.061712 0.640056 0.110819 0.208217
2 0.684086 0.596639 0.015231 0.050420
1 0.684349 0.579365 0.015756 0.043884
3 0.936450 0.904762 0.098739 0.154995
3 0.821166 0.741363 0.081408 0.112045
9 0.628414 0.451447 0.012080 0.038282
1 0.628939 0.439309 0.012080 0.032680
1 0.607143 0.401027 0.009454 0.043884
0 0.765756 0.725023 0.016807 0.071895
0 0.752626 0.724556 0.019958 0.072829
6 0.771534 0.654528 0.061975 0.080299
3 0.736345 0.586835 0.054622 0.070028
3 0.701155 0.520542 0.045168 0.062558
3 0.676208 0.466853 0.047794 0.061625
6 0.824055 0.650327 0.060924 0.066293
3 0.560924 0.454248 0.032563 0.051354
4 0.660452 0.414099 0.033088 0.066293
4 0.631040 0.373016 0.027836 0.053221
3 0.126313 0.488329 0.075105 0.065359
3 0.192752 0.406162 0.065126 0.054155
9 0.496849 0.312325 0.008403 0.021475
3 0.261292 0.383754 0.030987 0.050420
3 0.031775 0.395892 0.063550 0.048553
3 0.310924 0.310924 0.028361 0.039216
3 0.375263 0.688142 0.060399 0.128852
3 0.531250 0.338469 0.026786 0.042017
3 0.523897 0.301587 0.022584 0.037348
4 0.597164 0.301120 0.021008 0.038282
3 0.522059 0.265173 0.016807 0.031746
3 0.593750 0.269374 0.036239 0.027077
6 0.569590 0.708683 0.030987 0.076564
1 0.569590 0.687208 0.020483 0.042951
9 0.428834 0.254902 0.013130 0.018674
9 0.453519 0.242764 0.008929 0.024276