0 0.071166 0.853875 0.025735 0.088702
0 0.043592 0.852007 0.027311 0.088702
9 0.221901 0.769841 0.033088 0.075630
9 0.256040 0.631186 0.022584 0.067227
9 0.756828 0.857610 0.043067 0.042017
9 0.573004 0.718954 0.024160 0.084034
3 0.494223 0.583567 0.047269 0.110177
3 0.494748 0.422969 0.040966 0.084034
9 0.055410 0.736695 0.045693 0.044818
3 0.386029 0.794118 0.071429 0.170868
9 0.304097 0.579365 0.025210 0.058824
1 0.303571 0.556956 0.018908 0.053221
9 0.258929 0.482726 0.035714 0.041083
9 0.274422 0.421102 0.034139 0.037348
3 0.423057 0.394024 0.041492 0.104575
3 0.376576 0.343137 0.044118 0.099907
3 0.429359 0.217087 0.055147 0.058824
3 0.228204 0.300654 0.083508 0.070962
3 0.622637 0.565359 0.056197 0.126050
9 0.583508 0.440710 0.013655 0.056022
1 0.582983 0.421102 0.013655 0.046685
2 0.356092 0.275444 0.024160 0.031746
1 0.357143 0.260971 0.012605 0.047619
9 0.588235 0.363212 0.014706 0.052288
1 0.590599 0.332400 0.017332 0.054155
0 0.144433 0.288049 0.015756 0.051354
0 0.195641 0.248366 0.012080 0.044818
1 0.243960 0.281046 0.014181 0.028011
1 0.225053 0.245565 0.015231 0.052288
1 0.254989 0.267040 0.012080 0.052288
1 0.254989 0.248833 0.015231 0.055089
3 0.165966 0.199346 0.072479 0.047619
0 0.329832 0.254902 0.012605 0.044818
6 0.334034 0.221755 0.042017 0.038282
1 0.337973 0.211485 0.015231 0.032680
9 0.361870 0.208217 0.026261 0.033613
1 0.356618 0.203081 0.012605 0.038282
9 0.595063 0.187675 0.022059 0.028011
1 0.597164 0.181139 0.012605 0.039216
3 0.502626 0.139122 0.024160 0.041083
2 0.404412 0.114379 0.021008 0.032680
1 0.404937 0.103641 0.013655 0.039216
3 0.162027 0.139122 0.046744 0.041083
0 0.197216 0.145658 0.009979 0.039216
0 0.204044 0.146592 0.009979 0.033613
0 0.211397 0.142390 0.008929 0.038282
3 0.451418 0.110644 0.021534 0.043884
3 0.422532 0.078898 0.023634 0.038282
4 0.429097 0.031279 0.027311 0.062558
3 0.534926 0.063492 0.018382 0.035481
3 0.527574 0.030812 0.021534 0.041083
0 0.571691 0.701681 0.019433 0.049486
9 0.511292 0.058357 0.008929 0.027077
0 0.269958 0.099440 0.010504 0.038282
9 0.320116 0.105976 0.020483 0.032680
0 0.251313 0.091036 0.020483 0.036415
9 0.632090 0.134921 0.022584 0.034547
9 0.609506 0.128385 0.020483 0.034547
0 0.605830 0.119048 0.013130 0.045752
3 0.170693 0.197946 0.071429 0.048553
4 0.431723 0.029879 0.022059 0.056022
0 0.549632 0.086835 0.008929 0.016807