3 0.726366 0.247899 0.032563 0.047619
3 0.715336 0.213352 0.030462 0.042017
0 0.813288 0.312792 0.008929 0.041083
0 0.800683 0.312792 0.009979 0.041083
3 0.588761 0.827731 0.066176 0.183940
3 0.693540 0.166667 0.024685 0.038282
3 0.662553 0.096639 0.015231 0.027077
3 0.373687 0.201681 0.034139 0.046685
3 0.411765 0.121849 0.022059 0.032680
3 0.439601 0.069561 0.017857 0.032680
3 0.446691 0.061158 0.015231 0.028945
3 0.452731 0.046685 0.014706 0.020542
3 0.522059 0.214753 0.031513 0.050420
3 0.480567 0.215219 0.024160 0.042017
3 0.474790 0.189542 0.025210 0.042951
3 0.522847 0.270775 0.026786 0.054155
3 0.527048 0.157796 0.019433 0.029879
3 0.527574 0.137722 0.018382 0.028945
3 0.474265 0.260504 0.031513 0.067227
3 0.482931 0.121382 0.021534 0.033613
3 0.906250 0.377684 0.081408 0.071895
0 0.839811 0.308123 0.008403 0.041083
3 0.701418 0.186741 0.027836 0.039216
3 0.471376 0.010271 0.012080 0.020542
3 0.523109 0.184407 0.022059 0.034547
3 0.491071 0.162932 0.021008 0.040149
3 0.501576 0.136321 0.015756 0.033613
3 0.529674 0.111578 0.016282 0.028945
3 0.570116 0.277778 0.035189 0.060691
3 0.465861 0.363212 0.076681 0.074697
3 0.183298 0.338002 0.076681 0.061625
3 0.018645 0.335201 0.037290 0.056022
8 0.671744 0.372082 0.207983 0.159664
3 0.759191 0.360878 0.068803 0.070028
3 0.629202 0.330532 0.050420 0.052288
2 0.369223 0.390756 0.034664 0.038282
1 0.368697 0.377218 0.018908 0.046685
3 0.797532 0.443978 0.097164 0.075630
2 0.696954 0.257703 0.017857 0.031746
1 0.697479 0.250700 0.015756 0.042017
0 0.273897 0.269374 0.008929 0.040149
0 0.288078 0.256769 0.011029 0.044818
0 0.757878 0.205415 0.008403 0.033613
9 0.752626 0.304855 0.013655 0.030812
1 0.755515 0.293184 0.008929 0.037348
3 0.641282 0.042484 0.011555 0.021475
0 0.245011 0.309991 0.008929 0.039216
0 0.491597 0.299720 0.010504 0.037348