2 0.035452 0.102241 0.014181 0.017740
0 0.543855 0.274510 0.012080 0.024276
0 0.531775 0.934174 0.012080 0.025210
0 0.256040 0.682073 0.007878 0.014006
3 0.449842 0.642857 0.027836 0.068161
3 0.480305 0.892157 0.036239 0.070028
3 0.538603 0.855275 0.041492 0.057890
3 0.609506 0.554155 0.025735 0.070028
3 0.488183 0.558357 0.029937 0.070962
4 0.523109 0.521942 0.027311 0.063492
3 0.531513 0.339869 0.037815 0.056022
3 0.308036 0.597572 0.045693 0.050420
3 0.319853 0.549953 0.037815 0.044818
3 0.332195 0.510271 0.039391 0.043884
3 0.234506 0.555089 0.040441 0.047619
3 0.266544 0.521475 0.039391 0.042017
3 0.269695 0.470121 0.042542 0.047619
3 0.187763 0.521008 0.039391 0.042951
3 0.207721 0.487862 0.043592 0.047619
3 0.219013 0.440243 0.034664 0.040149
3 0.132878 0.495798 0.042017 0.042951
3 0.154412 0.455182 0.043067 0.043884
3 0.172006 0.416433 0.039391 0.044818
3 0.741071 0.679739 0.042017 0.046685
3 0.741071 0.629318 0.038866 0.041083
3 0.744223 0.575163 0.037815 0.037348
3 0.766544 0.542017 0.040441 0.043884
3 0.779674 0.705415 0.033088 0.038282
3 0.798582 0.661531 0.040441 0.043884
3 0.804359 0.613912 0.041492 0.049486
3 0.833771 0.577965 0.044643 0.050420
3 0.820641 0.731559 0.040441 0.045752
3 0.860819 0.645191 0.040966 0.041083
3 0.874737 0.762372 0.041492 0.049486
3 0.918067 0.676937 0.043067 0.046685
3 0.921218 0.786648 0.045168 0.049486
3 0.974265 0.814192 0.044118 0.052288
3 0.813288 0.880952 0.044643 0.049486
5 0.609769 0.650327 0.057773 0.094304
3 0.418855 0.504669 0.029937 0.066293
5 0.342437 0.359944 0.039916 0.055089
3 0.222164 0.287115 0.040966 0.047619
3 0.120798 0.389356 0.044118 0.048553
3 0.103992 0.424837 0.040966 0.050420
3 0.075893 0.465920 0.042542 0.048553
3 0.066439 0.363212 0.038340 0.042951
3 0.029674 0.433707 0.042542 0.053221
3 0.020746 0.227358 0.038340 0.034547
3 0.075893 0.253035 0.045693 0.050420
3 0.016282 0.258170 0.030462 0.051354
3 0.494485 0.623716 0.032038 0.072829
3 0.614758 0.209150 0.030987 0.070962
3 0.646796 0.207283 0.027836 0.063492
3 0.676471 0.136788 0.029412 0.066293
3 0.704832 0.042951 0.031513 0.069094
5 0.712447 0.154528 0.054097 0.122316
0 0.035452 0.102708 0.017332 0.018674
9 0.542805 0.273576 0.011029 0.024276
0 0.537290 0.259104 0.010504 0.023343
9 0.560137 0.228758 0.012080 0.022409
3 0.004464 0.383287 0.008929 0.066293