3 0.408351 0.280579 0.061450 0.062558
3 0.899685 0.309991 0.069328 0.063492
3 0.279674 0.607376 0.064601 0.154062
3 0.297269 0.228291 0.067227 0.060691
3 0.438813 0.218487 0.030987 0.074697
3 0.503151 0.032680 0.018908 0.035481
3 0.532038 0.185341 0.028361 0.051354
3 0.443803 0.169468 0.024160 0.053221
3 0.400473 0.212418 0.028887 0.066293
0 0.121324 0.591970 0.019958 0.056022
0 0.195641 0.446312 0.015231 0.050420
1 0.289653 0.296452 0.009979 0.036415
6 0.363971 0.504669 0.035714 0.083100
1 0.360557 0.501867 0.014181 0.056956
1 0.852153 0.228758 0.014181 0.035481
9 0.850053 0.238562 0.026786 0.032680
0 0.632878 0.154995 0.010504 0.039216
1 0.400735 0.561625 0.016807 0.060691
9 0.400473 0.580299 0.016282 0.058824
1 0.385767 0.435107 0.012080 0.042951
9 0.386555 0.454248 0.015756 0.047619
9 0.943803 0.206816 0.010504 0.027077
9 0.910977 0.192810 0.012080 0.032680
0 0.955620 0.186275 0.008929 0.032680
3 0.384454 0.039216 0.033613 0.024276
3 0.386555 0.017740 0.030462 0.026144
3 0.404674 0.148926 0.026786 0.051354
9 0.380252 0.187675 0.009454 0.029879
1 0.380515 0.176004 0.008929 0.027077
9 0.398372 0.112979 0.008929 0.024276
1 0.398897 0.103641 0.006828 0.026144
3 0.145483 0.383754 0.081933 0.067227
3 0.140231 0.286648 0.065126 0.056022
3 0.113445 0.169935 0.038866 0.048553
3 0.145221 0.250700 0.079307 0.055089
3 0.273634 0.159197 0.059874 0.045752
3 0.450630 0.091503 0.021008 0.041083
3 0.345326 0.140523 0.057248 0.053221
3 0.428571 0.034547 0.019958 0.035481
3 0.370536 0.091970 0.037290 0.038282
3 0.759454 0.246032 0.069328 0.060691
5 0.860819 0.241363 0.080882 0.068161
9 0.658613 0.241830 0.019958 0.028011
1 0.660714 0.229692 0.012605 0.031746
3 0.597689 0.128385 0.054622 0.051354
3 0.585084 0.114846 0.051471 0.042951
3 0.456408 0.031746 0.018908 0.041083
3 0.682248 0.225490 0.072479 0.055089
3 0.517857 0.695612 0.054622 0.143791
3 0.506828 0.343604 0.036765 0.074697
9 0.565914 0.270308 0.015231 0.045752
1 0.565126 0.258170 0.012605 0.036415
9 0.324842 0.404762 0.020483 0.049486
1 0.325630 0.392157 0.017857 0.050420
9 0.300420 0.297386 0.026261 0.027077
1 0.297532 0.287115 0.013130 0.036415
9 0.292542 0.313725 0.026261 0.029879
3 0.058824 0.161064 0.030462 0.053221