5 0.544905 0.035014 0.044643 0.070028
3 0.434086 0.157796 0.044643 0.087768
3 0.599527 0.071429 0.038340 0.079365
3 0.446166 0.032680 0.039391 0.063492
3 0.567227 0.493931 0.059874 0.158730
3 0.127363 0.578898 0.129727 0.117647
0 0.764443 0.886088 0.023634 0.080299
6 0.197742 0.915966 0.127626 0.164332
5 0.869223 0.816993 0.200630 0.175537
5 0.691702 0.404295 0.155462 0.138189
6 0.128676 0.902894 0.120798 0.169935
0 0.311975 0.457516 0.017857 0.067227
0 0.267857 0.471522 0.023109 0.067227
0 0.307248 0.446312 0.015756 0.065359
0 0.299632 0.436975 0.022584 0.076564
3 0.251050 0.396359 0.108193 0.098039
0 0.276786 0.423903 0.025210 0.070962
0 0.218225 0.356209 0.023634 0.068161
0 0.362920 0.338002 0.015756 0.072829
5 0.680410 0.271709 0.146534 0.110177
5 0.819853 0.273576 0.126050 0.126984
0 0.894170 0.243697 0.022584 0.059757
1 0.839811 0.120448 0.027311 0.056022