5 0.668592 0.373950 0.019958 0.043884
3 0.557511 0.217087 0.021534 0.045752
3 0.557773 0.314659 0.014706 0.028011
3 0.554622 0.370215 0.021008 0.028945
3 0.118960 0.273576 0.032038 0.024276
3 0.580095 0.175070 0.018382 0.028945
4 0.573267 0.272176 0.011029 0.021475
3 0.470851 0.582633 0.019433 0.052288
3 0.218487 0.806723 0.064076 0.089636
3 0.343487 0.608310 0.037815 0.062558
3 0.398109 0.485061 0.025210 0.047619
3 0.468750 0.414566 0.015231 0.041083
4 0.495798 0.351541 0.021008 0.049486
8 0.607931 0.554155 0.044643 0.099907
5 0.558561 0.150794 0.014181 0.030812