3 0.486397 0.355556 0.013971 0.026144
3 0.711397 0.519608 0.027206 0.043137
3 0.678676 0.458170 0.025000 0.035294
3 0.310294 0.465359 0.032353 0.052288
3 0.363971 0.431373 0.042647 0.031373
3 0.282721 0.464706 0.030147 0.048366
3 0.377574 0.422222 0.036029 0.028758
3 0.337132 0.366667 0.019853 0.030065
3 0.663603 0.365359 0.030147 0.027451
0 0.677941 0.486928 0.007353 0.032680
9 0.387500 0.501961 0.008824 0.026144
9 0.400368 0.500000 0.015441 0.024837
3 0.363235 0.897386 0.060294 0.132026
3 0.473529 0.947712 0.054412 0.096732
4 0.511397 0.586928 0.027206 0.075817
3 0.444853 0.435294 0.019118 0.039216
3 0.496324 0.413725 0.017647 0.035294
4 0.166912 0.954248 0.085294 0.088889
4 0.239338 0.829412 0.063971 0.124183
3 0.928309 0.937908 0.091912 0.090196
3 0.774632 0.706536 0.058088 0.082353
3 0.739338 0.667974 0.049265 0.060131
3 0.758456 0.626144 0.065441 0.054902
3 0.743382 0.568627 0.058824 0.049673
3 0.859559 0.741176 0.085294 0.062745
3 0.340441 0.613072 0.042647 0.067974
3 0.366544 0.549673 0.037500 0.066667
3 0.269485 0.482353 0.050735 0.041830
7 0.308824 0.683007 0.044118 0.074510
3 0.721324 0.552288 0.027941 0.043137
3 0.811029 0.600654 0.067647 0.050980
3 0.806985 0.577778 0.061029 0.049673
0 0.700368 0.613072 0.009559 0.039216
0 0.704044 0.633333 0.013971 0.040523
0 0.715441 0.633333 0.011765 0.045752
0 0.706985 0.611765 0.009559 0.036601
9 0.319118 0.793464 0.016176 0.054902
3 0.297059 0.540523 0.027941 0.050980
0 0.268015 0.533987 0.009559 0.032680
0 0.279044 0.524183 0.008088 0.039216
2 0.650735 0.462092 0.008824 0.024837
0 0.688603 0.522222 0.013971 0.035294
0 0.695588 0.536601 0.008824 0.040523
9 0.736029 0.784967 0.016176 0.053595