3 0.758185 0.952381 0.071429 0.068783
3 0.747396 0.818783 0.052827 0.089947
3 0.696429 0.814815 0.050595 0.095238
3 0.563244 0.759259 0.029762 0.066138
3 0.808408 0.806878 0.054315 0.079365
4 0.277902 0.638228 0.023065 0.059524
3 0.516741 0.518519 0.017113 0.037037
0 0.205729 0.804233 0.011161 0.037037
0 0.231027 0.913360 0.015625 0.048942
3 0.849702 0.785714 0.056548 0.071429
3 0.897693 0.794974 0.067708 0.084656
3 0.958705 0.787037 0.057292 0.076720
3 0.973214 0.767196 0.050595 0.063492
3 0.401042 0.667989 0.019345 0.058201
3 0.324405 0.910053 0.037202 0.103175
4 0.389137 0.511243 0.013393 0.043651
3 0.372396 0.470899 0.015625 0.026455
3 0.422991 0.357804 0.012649 0.022487
0 0.332961 0.560847 0.008185 0.026455
1 0.469122 0.390873 0.009673 0.017196
1 0.478051 0.396164 0.008185 0.022487
3 0.483631 0.861772 0.026786 0.080688
3 0.523438 0.751984 0.034970 0.067460
3 0.479167 0.552249 0.017857 0.041005
3 0.505580 0.593915 0.018601 0.037037
3 0.439360 0.804894 0.024554 0.075397
3 0.496280 0.396825 0.013393 0.021164
9 0.388765 0.365741 0.011161 0.022487
3 0.332961 0.404762 0.012649 0.029101
3 0.351935 0.376323 0.025298 0.019841
3 0.474330 0.705026 0.024554 0.055556
3 0.478795 0.636905 0.021577 0.041005
3 0.436756 0.599868 0.020833 0.043651
3 0.460565 0.492725 0.019345 0.041005
3 0.420015 0.396825 0.011161 0.018519
3 0.471354 0.451720 0.015625 0.027778
3 0.441592 0.352513 0.011161 0.022487
1 0.428943 0.488757 0.009673 0.022487