3 0.485032 0.157330 0.030987 0.047619
3 0.455095 0.596172 0.078256 0.122316
3 0.485294 0.472456 0.066176 0.126984
3 0.516019 0.126984 0.027836 0.048553
3 0.343487 0.178338 0.044118 0.061625
3 0.381828 0.150794 0.036765 0.055089
3 0.412290 0.126984 0.031513 0.054155
3 0.459559 0.077498 0.025210 0.031746
3 0.397321 0.202148 0.044643 0.070028
3 0.300945 0.418301 0.073529 0.108310
3 0.554359 0.267507 0.053046 0.075630
3 0.582983 0.210084 0.042017 0.070962
3 0.592174 0.176471 0.037290 0.052288
3 0.621324 0.269841 0.042017 0.061625
3 0.670168 0.303922 0.074580 0.066293
3 0.666229 0.343604 0.086660 0.070962
3 0.667017 0.405696 0.094538 0.084967
3 0.649422 0.544351 0.069853 0.130719
3 0.692227 0.669935 0.157563 0.169001
3 0.661765 0.856209 0.184874 0.173669
3 0.602153 0.962652 0.194853 0.072829
3 0.733718 0.365079 0.039916 0.089636
0 0.525473 0.743231 0.034139 0.112045
9 0.583246 0.508870 0.027836 0.059757
9 0.592174 0.471989 0.025735 0.043884
0 0.727679 0.468721 0.023634 0.059757
0 0.719800 0.467320 0.021534 0.075630
0 0.718225 0.422502 0.016282 0.058824
3 0.019170 0.325864 0.038340 0.065359
3 0.054359 0.311391 0.056197 0.066293
3 0.145483 0.248833 0.058824 0.064426
3 0.172006 0.179739 0.043592 0.055089
3 0.555410 0.057423 0.024685 0.038282
3 0.479254 0.058824 0.021534 0.037348
3 0.493960 0.042484 0.024685 0.038282
3 0.507090 0.041083 0.021534 0.031746
3 0.513130 0.028478 0.021008 0.021475
3 0.525998 0.029879 0.023634 0.024276
0 0.554884 0.012605 0.006828 0.023343
3 0.573529 0.041550 0.017857 0.049486
0 0.424632 0.564893 0.019433 0.050420
9 0.769695 0.595238 0.049895 0.066293
9 0.769695 0.483193 0.020483 0.066293