9 0.384191 0.560224 0.020483 0.052288
9 0.064338 0.636321 0.042542 0.053221
3 0.818540 0.767040 0.087710 0.116713
3 0.893645 0.741830 0.090861 0.111111
1 0.946166 0.965453 0.036239 0.048553
3 0.957195 0.626517 0.076155 0.070962
4 0.627363 0.455649 0.063550 0.070962
3 0.717174 0.439309 0.071954 0.058824
3 0.632616 0.430906 0.068803 0.058824
3 0.713235 0.408030 0.066176 0.050420
3 0.797794 0.416433 0.068277 0.056022
3 0.872637 0.405696 0.069853 0.055089
4 0.937763 0.383754 0.071954 0.061625
3 0.776786 0.390756 0.052521 0.049486
3 0.776261 0.349673 0.061975 0.043884
3 0.676996 0.323996 0.040966 0.050420
3 0.714286 0.326797 0.053571 0.044818
4 0.787027 0.305789 0.053046 0.049486
4 0.906775 0.289916 0.049895 0.049486
3 0.193540 0.173203 0.021534 0.034547
6 0.219538 0.609244 0.028361 0.073763
9 0.281250 0.943044 0.024685 0.065359
3 0.241597 0.545285 0.045168 0.082166
3 0.171218 0.521942 0.042017 0.093371
4 0.063550 0.351541 0.043067 0.070028
4 0.094275 0.313725 0.029937 0.067227
3 0.144695 0.391223 0.028887 0.061625
3 0.144170 0.307656 0.027836 0.051354
4 0.060399 0.307656 0.031513 0.066293
3 0.068277 0.246032 0.027311 0.042017
3 0.097164 0.219421 0.022059 0.037348
3 0.072479 0.220822 0.024160 0.038282
4 0.367384 0.313259 0.053046 0.055089
3 0.342437 0.303455 0.037815 0.042951
4 0.317752 0.288049 0.036765 0.045752
3 0.181460 0.114379 0.018382 0.030812
3 0.316439 0.211485 0.043592 0.032680
4 0.314863 0.196545 0.036239 0.036415
3 0.252363 0.175070 0.030987 0.032680
8 0.279149 0.161064 0.041492 0.077498
4 0.138918 0.027544 0.012080 0.019608
5 0.255252 0.101307 0.066176 0.060691
3 0.081145 0.172269 0.021534 0.038282
4 0.102941 0.162932 0.017857 0.040149
4 0.116334 0.138655 0.018382 0.032680
4 0.117647 0.112512 0.018908 0.036415
3 0.201681 0.384220 0.033613 0.060691
3 0.289916 0.765173 0.096639 0.116713
3 0.425945 0.832866 0.074580 0.138189
2 0.611082 0.922969 0.055147 0.101774
1 0.601628 0.891690 0.023634 0.070962
9 0.282300 0.446779 0.015231 0.038282
3 0.136555 0.262838 0.024160 0.045752
5 0.081670 0.115313 0.030987 0.071895
3 0.169380 0.207750 0.024685 0.047619
4 0.107668 0.096639 0.024160 0.030812
3 0.149947 0.136788 0.018382 0.032680
3 0.157826 0.025677 0.020483 0.021475
6 0.593750 0.388889 0.030987 0.047619
6 0.643382 0.377218 0.033613 0.039216
6 0.670431 0.369281 0.037290 0.049486
6 0.693015 0.357610 0.030987 0.042951
0 0.226628 0.199346 0.011029 0.038282
0 0.307773 0.348273 0.009454 0.037348
0 0.310662 0.341737 0.009979 0.037348
0 0.187237 0.840803 0.021534 0.077498
0 0.177784 0.840336 0.015231 0.070962
0 0.094013 0.281979 0.011555 0.042951
9 0.554097 0.445845 0.023109 0.042017
3 0.832721 0.380952 0.059349 0.044818
4 0.944328 0.350140 0.058824 0.056022
1 0.607668 0.568161 0.014706 0.042017
2 0.604254 0.586835 0.018382 0.042017
9 0.901786 0.437908 0.025210 0.039216
9 0.780987 0.683473 0.027311 0.059757
1 0.779937 0.677871 0.021008 0.061625
9 0.199580 0.143791 0.009454 0.026144
0 0.116334 0.317460 0.008929 0.039216
0 0.126838 0.110644 0.008929 0.027077
0 0.023372 0.773576 0.021534 0.071895
0 0.103204 0.366013 0.012080 0.044818
9 0.186712 0.144258 0.008929 0.028945
9 0.144433 0.723623 0.033613 0.054155
1 0.138655 0.718487 0.021008 0.058824
9 0.202994 0.123249 0.007878 0.026144
0 0.136817 0.110644 0.008929 0.027077
1 0.393382 0.401494 0.014706 0.033613
0 0.390231 0.452381 0.014706 0.049486
1 0.381565 0.554622 0.023634 0.044818
9 0.173057 0.665266 0.034139 0.077498
1 0.173057 0.663399 0.025735 0.064426