3 0.667017 0.486928 0.040966 0.047619
3 0.385767 0.903361 0.122374 0.137255
5 0.637080 0.656396 0.132353 0.214753
3 0.597164 0.598506 0.049370 0.063492
3 0.666229 0.559290 0.045693 0.054155
4 0.726628 0.499533 0.035189 0.057890
3 0.738445 0.463585 0.030462 0.036415
3 0.768382 0.438842 0.026261 0.033613
5 0.780200 0.415966 0.025735 0.038282
3 0.799895 0.398226 0.022059 0.028945
3 0.819590 0.381419 0.018382 0.027077
3 0.766282 0.399160 0.023109 0.027077
3 0.732931 0.428105 0.027836 0.036415
3 0.552258 0.539216 0.048845 0.056956
3 0.475053 0.537815 0.047794 0.057890
5 0.702731 0.384220 0.032563 0.055089
3 0.740546 0.388422 0.025210 0.028011
6 0.774160 0.376284 0.011555 0.022409
3 0.738708 0.369748 0.020483 0.028011
3 0.772584 0.349673 0.016807 0.023343
3 0.067752 0.910831 0.135504 0.174603
0 0.056723 0.690009 0.026261 0.078431