3 0.754202 0.526611 0.030462 0.052288
3 0.743960 0.499066 0.026786 0.036415
3 0.432248 0.780579 0.066176 0.098973
3 0.657563 0.635854 0.035714 0.069094
3 0.547532 0.656863 0.036239 0.073763
3 0.509979 0.616246 0.027311 0.059757
3 0.520746 0.561625 0.028887 0.056956
4 0.527311 0.516340 0.022059 0.041083
3 0.609769 0.548086 0.026261 0.052288
3 0.612658 0.483193 0.024685 0.045752
3 0.561975 0.542484 0.023109 0.048553
4 0.564076 0.502334 0.022059 0.048553
3 0.538340 0.493464 0.019958 0.043884
3 0.541754 0.464986 0.020483 0.039216
3 0.333246 0.604575 0.068803 0.047619
3 0.611870 0.415500 0.018908 0.033613
3 0.611870 0.382820 0.018908 0.031746
3 0.551996 0.422502 0.016807 0.032680
3 0.553046 0.570962 0.026261 0.060691
3 0.624475 0.352007 0.013655 0.024276
3 0.609244 0.355742 0.015756 0.024276
3 0.439601 0.477124 0.029412 0.041083
3 0.473739 0.413165 0.021008 0.034547
3 0.497111 0.369748 0.015231 0.028011
3 0.502889 0.361345 0.014181 0.024276
3 0.509191 0.352007 0.012080 0.022409
3 0.131565 0.528478 0.050945 0.048553
3 0.574580 0.439309 0.023109 0.043884
3 0.561187 0.377218 0.013130 0.022409
3 0.570641 0.476657 0.020483 0.038282
3 0.577731 0.401494 0.015756 0.024276
3 0.583508 0.377684 0.014706 0.028945
3 0.546481 0.436975 0.020483 0.039216
3 0.535189 0.412698 0.017857 0.033613
9 0.685662 0.760037 0.034139 0.041083
1 0.683824 0.753501 0.014706 0.056022
9 0.750263 0.785247 0.021534 0.070962
9 0.657300 0.537815 0.013130 0.044818
9 0.670956 0.543884 0.015231 0.040149
1 0.657300 0.538749 0.008929 0.041083
1 0.669118 0.535948 0.010504 0.041083
0 0.825105 0.570028 0.013655 0.049486
0 0.685399 0.574697 0.008403 0.040149
0 0.699317 0.579365 0.007878 0.040149
3 0.733718 0.475257 0.026261 0.033613
1 0.713498 0.588702 0.011029 0.043884
2 0.711660 0.598973 0.021008 0.025210
9 0.466387 0.578898 0.014706 0.041083
1 0.466124 0.576097 0.011029 0.037348
9 0.280200 0.770775 0.019433 0.051354
1 0.277311 0.759104 0.012605 0.052288
2 0.334821 0.678805 0.015231 0.048553
1 0.335084 0.670868 0.009454 0.043884
0 0.944853 0.567227 0.007353 0.040149
0 0.895483 0.563959 0.010504 0.044818
1 0.755515 0.779178 0.017332 0.062558
1 0.871849 0.940243 0.021008 0.070962
2 0.414916 0.535948 0.015756 0.026144
1 0.414391 0.528945 0.009454 0.025210
3 0.527048 0.314659 0.013130 0.022409
3 0.577206 0.422035 0.018908 0.031746
3 0.585347 0.332400 0.013130 0.022409
3 0.555935 0.401027 0.016282 0.027077
0 0.907300 0.562558 0.006828 0.038282
0 0.695116 0.580299 0.008929 0.042017
0 0.668330 0.478058 0.007878 0.037348