4 0.404948 0.585185 0.017188 0.035185
3 0.455990 0.609259 0.016146 0.033333
3 0.462240 0.564352 0.013021 0.025000
3 0.393490 0.697685 0.019271 0.039815
7 0.382812 0.730093 0.019792 0.037963
9 0.422917 0.658796 0.008333 0.026852
6 0.404687 0.669444 0.014583 0.024074
6 0.436458 0.606481 0.009375 0.022222
3 0.586198 0.770370 0.048438 0.038889
9 0.551562 0.766667 0.010417 0.037037
0 0.546875 0.799537 0.009375 0.036111
9 0.546094 0.725926 0.008854 0.029630
3 0.642969 0.646759 0.025521 0.036111
5 0.384635 0.640741 0.020313 0.050000
3 0.473177 0.488426 0.010937 0.019444
3 0.363281 0.621759 0.031771 0.026852
0 0.539844 0.676852 0.008854 0.029630
3 0.597656 0.651389 0.018229 0.041667
3 0.519792 0.563889 0.012500 0.027778
3 0.471875 0.736574 0.020833 0.043519
6 0.485938 0.582407 0.011458 0.025926
6 0.489583 0.552778 0.010417 0.025926
3 0.489844 0.493519 0.011979 0.020370
8 0.503646 0.484259 0.012500 0.033333
9 0.485677 0.832407 0.010937 0.035185
3 0.511979 0.821759 0.023958 0.047222
5 0.609896 0.959259 0.068750 0.059259
3 0.720833 0.872222 0.037500 0.070370
3 0.604948 0.917130 0.058854 0.052778
5 0.601042 0.855556 0.066667 0.055556
5 0.619010 0.811574 0.063021 0.047222
3 0.317708 0.689815 0.027083 0.037037
6 0.340625 0.693056 0.011458 0.032407
3 0.544531 0.893056 0.026562 0.062037
4 0.051042 0.824537 0.051042 0.047222
3 0.103646 0.861111 0.047917 0.053704
3 0.356510 0.640741 0.032813 0.029630
1 0.486198 0.825926 0.007812 0.022222
5 0.186458 0.843056 0.075000 0.069444
3 0.157552 0.931481 0.063021 0.053704
3 0.282813 0.935648 0.038542 0.073148
4 0.322135 0.815278 0.035937 0.082407
3 0.527344 0.546296 0.010937 0.020370
3 0.524479 0.529630 0.011458 0.018519
4 0.574740 0.507870 0.027604 0.021296
6 0.352604 0.810648 0.019792 0.049074
0 0.299219 0.688426 0.008854 0.025000
1 0.294010 0.662037 0.008854 0.018519
0 0.528125 0.825000 0.008333 0.038889
6 0.485156 0.601389 0.008854 0.025000
0 0.012760 0.909722 0.011979 0.050926
0 0.025000 0.905093 0.013542 0.052778
3 0.434115 0.708333 0.023438 0.057407
9 0.315365 0.897685 0.020313 0.050926
8 0.523177 0.485185 0.014063 0.035185
9 0.591667 0.555093 0.008333 0.019444
0 0.566406 0.960185 0.008854 0.035185
3 0.634115 0.668981 0.022396 0.041667
6 0.665625 0.711574 0.033333 0.036111