0 0.569940 0.374339 0.022321 0.134921
0 0.588170 0.902116 0.060268 0.190476
0 0.652158 0.182540 0.018601 0.071429
0 0.524182 0.414683 0.026042 0.152116
0 0.476190 0.494709 0.043155 0.156085
0 0.416667 0.405423 0.041667 0.138889
0 0.469866 0.455688 0.036458 0.154762
0 0.299107 0.408730 0.032738 0.145503
0 0.360119 0.408069 0.037202 0.154762
0 0.481027 0.395503 0.030506 0.150794
0 0.385789 0.388228 0.029018 0.141534
0 0.383929 0.427910 0.034226 0.146825
0 0.134301 0.370370 0.036458 0.126984
0 0.354911 0.319444 0.022321 0.109788
0 0.511905 0.205688 0.020833 0.080688
0 0.962426 0.282407 0.034970 0.117725
0 0.350818 0.300926 0.026042 0.115079
1 0.789435 0.275132 0.023810 0.097884
0 0.808408 0.269841 0.024554 0.089947
0 0.556176 0.240741 0.014137 0.058201
0 0.856027 0.882275 0.070685 0.219577
1 0.538318 0.325397 0.026042 0.108466
0 0.519717 0.294974 0.024554 0.082011
0 0.477679 0.157407 0.017857 0.063492
0 0.095982 0.316138 0.017857 0.066138
1 0.094122 0.314815 0.031994 0.058201
2 0.430432 0.343254 0.040923 0.070106
0 0.616071 0.138889 0.016369 0.074074
1 0.194196 0.183862 0.016369 0.037037
0 0.156622 0.136243 0.017113 0.055556
0 0.807664 0.199074 0.017113 0.062169
0 0.432664 0.113095 0.012649 0.056878
0 0.399926 0.093915 0.012649 0.052910
1 0.135789 0.106481 0.015625 0.051587
0 0.822917 0.175265 0.014881 0.048942
1 0.117188 0.121032 0.015625 0.030423
1 0.255580 0.112434 0.012649 0.034392
0 0.754092 0.158069 0.012649 0.051587
0 0.488467 0.116402 0.012649 0.058201
0 0.531250 0.254630 0.014881 0.054233
0 0.511161 0.242063 0.016369 0.082011
0 0.168527 0.101852 0.014137 0.044974
0 0.581845 0.097222 0.010417 0.038360
0 0.562872 0.083333 0.008185 0.037037
0 0.746652 0.133598 0.017113 0.052910
0 0.561384 0.062169 0.017113 0.052910
1 0.955729 0.174603 0.020089 0.063492
1 0.905134 0.186508 0.020089 0.042328
1 0.940848 0.193122 0.018601 0.034392
1 0.925967 0.189815 0.018601 0.035714