5 0.012342 0.666200 0.024685 0.111111
3 0.126576 0.780112 0.046218 0.077498
3 0.160977 0.700280 0.027836 0.048553
5 0.097689 0.636321 0.053571 0.109244
5 0.133929 0.588702 0.045168 0.071895
3 0.247111 0.692344 0.029937 0.053221
5 0.177258 0.615780 0.021534 0.049486
3 0.242647 0.669935 0.029412 0.042017
3 0.380777 0.589169 0.021008 0.026144
3 0.410714 0.585901 0.017857 0.027077
3 0.447216 0.623249 0.024685 0.032680
3 0.600578 0.624650 0.028887 0.031746
3 0.527048 0.684407 0.039391 0.042951
3 0.591124 0.727824 0.050945 0.055089
4 0.658351 0.775910 0.061450 0.072829
5 0.709559 0.717087 0.172269 0.158730
3 0.859506 0.737162 0.059349 0.053221
3 0.787815 0.699813 0.049370 0.051354
3 0.783876 0.637722 0.043592 0.037348
4 0.928309 0.671802 0.062500 0.043884
3 0.878939 0.632120 0.037290 0.031746
0 0.820903 0.846872 0.018908 0.076564
0 0.817752 0.836601 0.018908 0.070962
0 0.845326 0.798786 0.017332 0.066293
0 0.842437 0.842204 0.017857 0.070962
3 0.688813 0.654528 0.037290 0.039216
3 0.405200 0.622782 0.024685 0.039216
3 0.356355 0.583567 0.021534 0.029879