0 0.520312 0.494907 0.007292 0.021296
3 0.484635 0.525926 0.018229 0.031481
8 0.219531 0.946296 0.071354 0.103704
3 0.613281 0.951389 0.076563 0.078704
3 0.601302 0.893519 0.068229 0.059259
3 0.619271 0.856944 0.064583 0.056481
3 0.634635 0.780093 0.042188 0.058333
3 0.088802 0.881481 0.073438 0.059259
3 0.421094 0.665278 0.024479 0.049074
0 0.634375 0.981481 0.012500 0.035185
0 0.569531 0.931481 0.009896 0.055556
0 0.301042 0.529167 0.007292 0.023148
2 0.736458 0.946296 0.019792 0.048148
0 0.428906 0.521759 0.006771 0.021296
0 0.436198 0.520370 0.006771 0.024074
3 0.529687 0.693981 0.020833 0.047222
8 0.504427 0.485648 0.018229 0.047222
3 0.293490 0.789352 0.036979 0.071296
3 0.318229 0.704167 0.036458 0.073148
3 0.349479 0.662037 0.027083 0.055556
3 0.360156 0.622222 0.035937 0.042593
3 0.366406 0.591204 0.031771 0.043519
3 0.380990 0.566667 0.020313 0.035185
3 0.394271 0.527778 0.014583 0.031481
3 0.411719 0.558796 0.018229 0.032407
9 0.348438 0.738889 0.017708 0.038889
3 0.386198 0.635648 0.024479 0.049074
3 0.529427 0.651389 0.023438 0.047222
3 0.519792 0.738426 0.027083 0.052778
3 0.524740 0.605556 0.018229 0.042593
3 0.517969 0.859722 0.039062 0.075000
0 0.491146 0.593519 0.009375 0.029630
2 0.425521 0.494444 0.007292 0.027778
3 0.598698 0.627778 0.032813 0.033333
3 0.603906 0.600926 0.021354 0.042593
3 0.172135 0.776389 0.054688 0.067593
3 0.192448 0.787037 0.044271 0.062963
4 0.237500 0.784722 0.046875 0.087963
3 0.615104 0.556019 0.034375 0.030556
3 0.404948 0.477315 0.016146 0.028704
3 0.611979 0.530093 0.028125 0.026852
6 0.236979 0.536574 0.026042 0.032407
3 0.266927 0.513426 0.033854 0.032407
3 0.551823 0.544444 0.032813 0.029630
3 0.547396 0.518981 0.031250 0.028704
4 0.537500 0.502778 0.030208 0.027778
5 0.599479 0.470833 0.017708 0.037963
0 0.523438 0.556481 0.007292 0.022222