5 0.678309 0.838936 0.129727 0.204482
3 0.319590 0.109244 0.021534 0.031746
3 0.294905 0.076564 0.020483 0.026144
3 0.287553 0.104108 0.019433 0.028945
3 0.258666 0.050887 0.020483 0.023343
3 0.247899 0.033147 0.015756 0.027077
4 0.324055 0.072829 0.018908 0.033613
3 0.561712 0.752568 0.074055 0.145658
3 0.492910 0.580299 0.066702 0.111111
3 0.380777 0.458450 0.049370 0.082166
3 0.406513 0.222689 0.031513 0.047619
3 0.414391 0.050887 0.034664 0.023343
3 0.202731 0.155462 0.022059 0.068161
0 0.235294 0.750233 0.018908 0.075630
0 0.212973 0.739029 0.020483 0.075630
0 0.352153 0.597106 0.021534 0.066293
1 0.364496 0.592437 0.013655 0.034547
9 0.044905 0.725023 0.028887 0.073763
1 0.043855 0.715686 0.029937 0.064426
0 0.011555 0.779178 0.023109 0.073763
3 0.396008 0.797852 0.101891 0.148459
3 0.916492 0.207283 0.032563 0.037348
3 0.915441 0.179272 0.033613 0.031746
4 0.849527 0.168534 0.035189 0.034547
3 0.834821 0.163399 0.030987 0.035481
4 0.849265 0.143791 0.033613 0.033613
8 0.834559 0.141457 0.034664 0.038282
3 0.818540 0.158263 0.030987 0.028945
3 0.800420 0.147993 0.034664 0.034547
3 0.809349 0.140990 0.030462 0.035481
3 0.781775 0.141923 0.030987 0.029879
3 0.769695 0.134921 0.029937 0.028945
3 0.779937 0.121382 0.034664 0.029879
4 0.756303 0.103641 0.031513 0.031746
3 0.852416 0.107376 0.026261 0.024276
3 0.833771 0.102241 0.024685 0.025210
3 0.825630 0.093371 0.026261 0.026144
3 0.809874 0.091970 0.026261 0.028945
3 0.795956 0.086368 0.028887 0.030812
3 0.762080 0.072829 0.030462 0.026144
4 0.721376 0.058824 0.026786 0.026144