3 0.080095 0.950047 0.069853 0.096172
3 0.148372 0.701681 0.027836 0.043884
3 0.155725 0.675537 0.026786 0.038282
5 0.087185 0.642390 0.053571 0.115780
5 0.121061 0.592437 0.046744 0.090570
1 0.155200 0.598039 0.006828 0.027077
5 0.175945 0.588702 0.046218 0.077498
3 0.237132 0.690943 0.024685 0.048553
5 0.169643 0.612979 0.028361 0.055089
3 0.234506 0.676471 0.024685 0.043884
3 0.230830 0.661531 0.024685 0.043884
3 0.228466 0.637722 0.021008 0.033613
3 0.200368 0.582166 0.015231 0.021475
3 0.227941 0.617647 0.018908 0.027077
5 0.320378 0.582166 0.030462 0.055089
3 0.408088 0.579832 0.015756 0.022409
3 0.520746 0.591503 0.022584 0.023343
3 0.602679 0.628385 0.030987 0.031746
3 0.379989 0.583100 0.017332 0.021475
3 0.700893 0.669001 0.034139 0.038282
3 0.507353 0.680672 0.043067 0.042951
3 0.539916 0.699813 0.042017 0.049486
4 0.576155 0.718487 0.046218 0.058824
5 0.639443 0.682540 0.149685 0.132586
3 0.965336 0.789449 0.066176 0.066293
3 0.771534 0.634454 0.034664 0.027077
4 0.917017 0.670868 0.053571 0.049486
5 0.971639 0.671802 0.053571 0.073763
3 0.948004 0.641457 0.037815 0.035481
3 0.956408 0.624183 0.030462 0.025210
5 0.963498 0.621382 0.027836 0.027077
5 0.932248 0.613445 0.040966 0.042951
3 0.867384 0.633987 0.034139 0.031746
1 0.713498 0.821195 0.018382 0.066293
0 0.739233 0.809057 0.018382 0.066293
0 0.704569 0.812792 0.018382 0.066293
0 0.743960 0.816060 0.018382 0.070962
0 0.748162 0.772176 0.015231 0.061625
0 0.739758 0.826797 0.018382 0.060691
4 0.832983 0.724090 0.058824 0.058824
3 0.366859 0.590570 0.018382 0.032680
5 0.882878 0.658730 0.053571 0.045752
3 0.949842 0.753035 0.071954 0.066293
5 0.029674 0.623716 0.059349 0.104575
5 0.089023 0.584500 0.056197 0.104575
3 0.347426 0.580299 0.018382 0.027077