3 0.625744 0.678571 0.025298 0.039683
4 0.613467 0.761905 0.024554 0.042328
4 0.853795 0.708995 0.021577 0.026455
4 0.837798 0.675926 0.026786 0.031746
4 0.870908 0.593254 0.018601 0.046296
3 0.889881 0.657407 0.020833 0.047619
3 0.685640 0.747354 0.021577 0.047619
3 0.658482 0.834656 0.016369 0.044974
3 0.123512 0.603836 0.031250 0.035714
3 0.196429 0.490741 0.025298 0.034392
3 0.009673 0.622354 0.019345 0.043651
3 0.853423 0.175265 0.026786 0.035714
5 0.959821 0.114418 0.031250 0.041005
4 0.713914 0.149471 0.024554 0.042328
4 0.739211 0.230159 0.030506 0.029101
3 0.295759 0.232143 0.018601 0.054233
3 0.255952 0.208995 0.016369 0.047619
3 0.249256 0.156746 0.017857 0.051587
3 0.281994 0.151455 0.017857 0.043651
3 0.328869 0.182540 0.020833 0.047619
3 0.299107 0.060185 0.022321 0.046296
4 0.313616 0.546296 0.026042 0.039683
3 0.364955 0.458995 0.024554 0.044974
3 0.354167 0.219577 0.011905 0.034392
8 0.743676 0.296958 0.063244 0.030423
3 0.594122 0.170635 0.026042 0.039683
9 0.338914 0.242725 0.009673 0.030423
4 0.075893 0.675926 0.023810 0.037037
3 0.381324 0.320106 0.012649 0.052910
9 0.017485 0.705026 0.011161 0.018519
3 0.556176 0.934524 0.021577 0.046296
4 0.543899 0.843915 0.023810 0.039683
4 0.584821 0.859127 0.022321 0.038360
7 0.741443 0.160053 0.014137 0.034392
3 0.035342 0.222222 0.027530 0.034392