3 0.623140 0.955688 0.045387 0.080688
1 0.492188 0.381614 0.009673 0.017196
1 0.492932 0.431878 0.008185 0.022487
3 0.487723 0.866402 0.030506 0.087302
3 0.535714 0.851190 0.037202 0.088624
3 0.568080 0.762566 0.024554 0.056878
3 0.519345 0.732143 0.026786 0.062169
3 0.456101 0.688492 0.022321 0.051587
3 0.539062 0.559524 0.021577 0.034392
3 0.386161 0.616402 0.020833 0.042328
9 0.335938 0.724206 0.012649 0.043651
3 0.283854 0.581349 0.021577 0.051587
3 0.321429 0.516534 0.037202 0.025132
3 0.482515 0.571429 0.020089 0.047619
3 0.486979 0.519180 0.017113 0.030423
3 0.459821 0.492725 0.014881 0.030423
4 0.408482 0.441799 0.013393 0.031746
3 0.471354 0.426587 0.014137 0.033069
3 0.394345 0.412037 0.011905 0.025132
3 0.471726 0.395503 0.011905 0.021164
3 0.453497 0.374339 0.012649 0.021164
0 0.069568 0.947751 0.018601 0.030423
3 0.366071 0.343915 0.025298 0.018519
3 0.351935 0.342593 0.017857 0.015873
1 0.443824 0.501984 0.009673 0.022487
1 0.597098 0.776455 0.009673 0.026455