3 0.727307 0.517857 0.026042 0.038360
4 0.853795 0.708995 0.021577 0.026455
4 0.837798 0.675265 0.026786 0.033069
4 0.872024 0.593254 0.019345 0.046296
3 0.888393 0.646164 0.020833 0.048942
3 0.125000 0.599868 0.028274 0.035714
3 0.198661 0.491402 0.025298 0.033069
3 0.011533 0.619709 0.021577 0.046296
3 0.853423 0.172619 0.025298 0.033069
5 0.959821 0.114418 0.031250 0.041005
4 0.713170 0.150132 0.023065 0.041005
4 0.739583 0.230820 0.029762 0.027778
3 0.296503 0.229497 0.018601 0.054233
3 0.258185 0.208995 0.019345 0.047619
3 0.249628 0.156085 0.018601 0.052910
3 0.282738 0.151455 0.017857 0.043651
3 0.332589 0.178571 0.023810 0.047619
4 0.158482 0.648810 0.028274 0.038360
3 0.193824 0.625661 0.027530 0.031746
8 0.743676 0.296958 0.063244 0.030423
3 0.594122 0.170635 0.026042 0.039683
9 0.341146 0.243386 0.009673 0.029101
3 0.100446 0.649471 0.022321 0.037037
3 0.293155 0.494048 0.023810 0.041005
4 0.325149 0.428571 0.017857 0.042328
3 0.319196 0.641534 0.028274 0.029101
3 0.249256 0.589947 0.029762 0.034392
3 0.500000 0.711640 0.026786 0.039683
5 0.576265 0.740741 0.031994 0.034392
5 0.642485 0.744709 0.024554 0.037037
3 0.186012 0.592593 0.028274 0.034392
4 0.283854 0.543651 0.024554 0.026455
3 0.343006 0.508598 0.028274 0.035714
9 0.326265 0.490741 0.012649 0.018519
3 0.399554 0.479497 0.026786 0.035714
3 0.640997 0.650794 0.024554 0.039683
4 0.655134 0.681217 0.026042 0.039683
3 0.669271 0.607143 0.023065 0.039683
3 0.681548 0.635582 0.023810 0.041005
4 0.698661 0.562169 0.025298 0.037037
4 0.712054 0.590608 0.023810 0.035714
7 0.743676 0.158069 0.014137 0.033069
3 0.037946 0.218915 0.028274 0.038360
7 0.793155 0.527778 0.023810 0.042328
0 0.034598 0.658730 0.012649 0.018519