3 0.154412 0.877218 0.110294 0.204482
3 0.486345 0.847339 0.054622 0.172736
5 0.927784 0.837535 0.141282 0.192344
3 0.529937 0.463119 0.045168 0.091503
3 0.576155 0.892157 0.075630 0.198880
3 0.858718 0.620448 0.100840 0.096172
3 0.819853 0.478525 0.093487 0.075630
3 0.851891 0.422969 0.088235 0.069094
3 0.907038 0.354342 0.080882 0.064426
3 0.569065 0.211485 0.030987 0.055089
3 0.460347 0.551354 0.045693 0.135387
3 0.775473 0.379552 0.083508 0.058824
3 0.420956 0.072362 0.022584 0.042017
3 0.037553 0.542484 0.075105 0.084034
3 0.561187 0.133053 0.030987 0.055089
3 0.631303 0.154062 0.057773 0.042951
3 0.563025 0.027544 0.046218 0.045752
3 0.429622 0.029412 0.023109 0.043884
0 0.730042 0.443511 0.017857 0.059757
6 0.593225 0.427638 0.021534 0.057890
0 0.728992 0.324930 0.012605 0.050420
0 0.636292 0.878151 0.020483 0.064426
0 0.650998 0.886088 0.020483 0.059757
0 0.647584 0.910831 0.023109 0.064426
1 0.522059 0.154062 0.010504 0.031746
9 0.521796 0.159197 0.012080 0.028945
2 0.665966 0.304855 0.010504 0.036415
9 0.700105 0.317927 0.012605 0.045752
9 0.733456 0.307190 0.015231 0.031746
9 0.770746 0.302988 0.012080 0.045752
9 0.789128 0.300187 0.014181 0.040149
9 0.843487 0.319795 0.015756 0.040149
9 0.877889 0.289916 0.018382 0.040149
2 0.889443 0.325397 0.014181 0.043884
9 0.936187 0.317927 0.022584 0.047619
0 0.298057 0.352941 0.015231 0.054155
0 0.307773 0.356676 0.014706 0.056022
1 0.365546 0.604108 0.017857 0.044818
9 0.365284 0.627451 0.017332 0.057890
0 0.329307 0.387488 0.019958 0.050420
9 0.332983 0.395425 0.023109 0.049486
0 0.351366 0.361811 0.012605 0.051354
0 0.358981 0.366013 0.015231 0.050420
1 0.805935 0.517274 0.023634 0.061625
9 0.800683 0.526611 0.029937 0.054155
9 0.645483 0.713352 0.019958 0.067227
1 0.646796 0.700747 0.016282 0.049486
0 0.971901 0.626517 0.018382 0.057890
9 0.317227 0.266573 0.026261 0.030812
9 0.370798 0.198880 0.022059 0.031746
9 0.369748 0.177404 0.023109 0.028011
1 0.508141 0.071429 0.009979 0.032680
9 0.508141 0.079832 0.009979 0.032680
0 0.256828 0.282446 0.014706 0.049486
0 0.317752 0.145658 0.012605 0.041083
0 0.334034 0.150794 0.012605 0.042017
1 0.137080 0.587302 0.023109 0.050420
9 0.140231 0.597572 0.046218 0.041083
1 0.550683 0.380019 0.012080 0.041083
9 0.550683 0.397292 0.019433 0.047619
1 0.316964 0.341270 0.015231 0.036415
9 0.317489 0.356676 0.017332 0.042951
0 0.611870 0.309524 0.010504 0.040149
0 0.605305 0.319328 0.012080 0.046685
0 0.057773 0.323529 0.014706 0.042017
0 0.056460 0.323996 0.015231 0.046685
0 0.241859 0.361811 0.017332 0.045752
0 0.249475 0.360411 0.016807 0.050420
0 0.240021 0.267040 0.012605 0.041083
0 0.236082 0.257703 0.013130 0.041083
0 0.329044 0.189076 0.009979 0.040149
0 0.310662 0.200280 0.013130 0.042017
0 0.669118 0.149393 0.012605 0.035481
0 0.690389 0.253035 0.011029 0.041083
0 0.979779 0.651261 0.023634 0.064426
9 0.972426 0.651261 0.036239 0.043884
0 0.958508 0.292717 0.014706 0.045752
0 0.924632 0.281046 0.014181 0.041083
9 0.233981 0.336134 0.024685 0.041083
9 0.065126 0.360878 0.017857 0.045752
1 0.532826 0.020542 0.007878 0.028011
9 0.533613 0.026144 0.011555 0.022409
0 0.962710 0.285714 0.016807 0.044818
6 0.644170 0.207750 0.038340 0.036415
6 0.971901 0.280112 0.015231 0.044818
0 0.636817 0.107843 0.009979 0.038282
9 0.599265 0.183007 0.021008 0.031746
0 0.407300 0.036881 0.009979 0.030812
0 0.425683 0.045285 0.009979 0.034547
9 0.461922 0.060224 0.008929 0.030812