3 0.502101 0.408030 0.043067 0.091503
3 0.262342 0.655462 0.145483 0.138189
4 0.496061 0.318394 0.037290 0.087768
3 0.556197 0.142857 0.023109 0.041083
3 0.657563 0.342670 0.039916 0.065359
4 0.704307 0.303922 0.046218 0.066293
4 0.711397 0.259104 0.069853 0.051354
3 0.727153 0.238562 0.063550 0.045752
3 0.687763 0.211018 0.057248 0.042951
1 0.901523 0.705882 0.021534 0.087768
2 0.893645 0.711485 0.049895 0.052288
1 0.842437 0.631186 0.024160 0.072829
2 0.840336 0.650327 0.051471 0.053221
1 0.610819 0.274043 0.014706 0.045752
1 0.615284 0.273576 0.012080 0.041083
9 0.610557 0.279645 0.016282 0.042017
1 0.447742 0.404762 0.011029 0.047619
1 0.451418 0.387955 0.009979 0.032680
2 0.446954 0.426704 0.016807 0.050420
1 0.444590 0.208217 0.008929 0.026144
6 0.446954 0.206816 0.018908 0.053221
1 0.457721 0.360878 0.013130 0.049486
9 0.457458 0.381419 0.012605 0.047619
1 0.594538 0.143324 0.010504 0.032680
2 0.594800 0.152661 0.007878 0.027077
2 0.674370 0.475724 0.023109 0.051354
1 0.676733 0.455182 0.019433 0.062558
3 0.505252 0.179739 0.023109 0.049486
3 0.869748 0.482726 0.113445 0.112045
3 0.513130 0.096639 0.021008 0.036415
3 0.502101 0.064426 0.022059 0.031746
4 0.517069 0.029412 0.014181 0.030812
3 0.476628 0.051354 0.017332 0.026144
9 0.565389 0.013539 0.015231 0.027077
0 0.612920 0.135854 0.011555 0.038282
2 0.575893 0.031279 0.013130 0.040149
0 0.628414 0.204949 0.009979 0.042017
0 0.697742 0.101307 0.015231 0.032680
0 0.603729 0.093838 0.008929 0.043884
0 0.454569 0.065826 0.012080 0.038282
0 0.616859 0.158263 0.009979 0.043884
0 0.621586 0.132586 0.012080 0.048553
3 0.405200 0.123716 0.051996 0.040149
3 0.421218 0.075630 0.049370 0.037348
4 0.447479 0.046218 0.023109 0.055089
3 0.671744 0.198880 0.060924 0.048553
3 0.657300 0.173203 0.049895 0.043884
3 0.647321 0.113445 0.047794 0.036415
3 0.639181 0.101774 0.050420 0.033613
3 0.601891 0.014006 0.032563 0.022409
3 0.618697 0.053688 0.033613 0.025210
3 0.632353 0.066293 0.035714 0.031746