3 0.528624 0.880019 0.069853 0.210084
4 0.570903 0.084967 0.023109 0.050420
2 0.561450 0.266573 0.011555 0.032680
1 0.562763 0.249767 0.008929 0.027077
3 0.536239 0.488796 0.039916 0.083100
9 0.543855 0.143791 0.008929 0.022409
3 0.533351 0.180672 0.027836 0.049486
7 0.324055 0.931373 0.059874 0.135387
3 0.268908 0.751167 0.095588 0.197012
4 0.416492 0.947246 0.068277 0.101774
3 0.768120 0.721289 0.112920 0.105509
3 0.749212 0.598973 0.109769 0.086835
4 0.587973 0.258637 0.033088 0.069094
0 0.879202 0.704949 0.021008 0.072829
0 0.981092 0.878618 0.015756 0.057890
0 0.993172 0.896825 0.011555 0.060691
0 0.838235 0.849206 0.017857 0.077498
9 0.904412 0.646592 0.038866 0.045752
0 0.927258 0.621382 0.020483 0.077498
0 0.896796 0.489262 0.018382 0.059757
0 0.884716 0.487395 0.014181 0.061625
0 0.871324 0.479458 0.012605 0.056956
9 0.327468 0.570495 0.033088 0.063492
3 0.699580 0.415966 0.077731 0.064426
3 0.683298 0.348273 0.085084 0.057890
3 0.441176 0.603175 0.051471 0.136321
9 0.763655 0.343604 0.028361 0.035481
3 0.711660 0.248833 0.039916 0.066293
0 0.689601 0.276844 0.009454 0.032680
0 0.699317 0.283847 0.008929 0.042951
0 0.704832 0.281513 0.009454 0.038282
9 0.403887 0.395425 0.013655 0.045752
1 0.403099 0.371148 0.013130 0.032680
9 0.426471 0.211018 0.011555 0.031746
3 0.321691 0.357143 0.078256 0.058824
3 0.328519 0.287582 0.069853 0.056022
3 0.356880 0.253501 0.070903 0.055089
0 0.899685 0.736228 0.014706 0.071895
0 0.912027 0.714753 0.012080 0.060691
3 0.528099 0.102241 0.024685 0.036415
3 0.520483 0.054622 0.017857 0.028945
3 0.522584 0.031279 0.017857 0.028945
3 0.515756 0.011671 0.014706 0.019608
0 0.543592 0.130252 0.009454 0.015873