3 0.900735 0.451634 0.051471 0.043137
3 0.711397 0.505229 0.033088 0.053595
3 0.777206 0.452941 0.054412 0.040523
3 0.835662 0.490850 0.055147 0.048366
7 0.336029 0.496732 0.027941 0.052288
0 0.822059 0.615686 0.013235 0.041830
5 0.769485 0.424183 0.044853 0.040523
9 0.077941 0.579085 0.032353 0.049673
1 0.652206 0.347059 0.008824 0.030065
0 0.745956 0.356863 0.008088 0.018301
0 0.930882 0.454902 0.007353 0.023529
3 0.446324 0.662092 0.032353 0.084967
3 0.342279 0.891503 0.046324 0.146405
3 0.500735 0.466667 0.022059 0.052288
3 0.452206 0.539869 0.029412 0.067974
3 0.513971 0.128758 0.010294 0.016993
3 0.534926 0.115033 0.008088 0.018301
2 0.629044 0.367320 0.008088 0.018301
4 0.525000 0.176471 0.013235 0.026144
1 0.673162 0.604575 0.013971 0.030065
3 0.586765 0.139216 0.027941 0.024837
3 0.572426 0.120261 0.028676 0.026144
0 0.321324 0.662745 0.010294 0.041830
3 0.510662 0.106536 0.011029 0.014379
9 0.134926 0.490196 0.033088 0.044444
3 0.643382 0.241830 0.025000 0.018301
3 0.637868 0.226797 0.021324 0.014379
3 0.629044 0.211111 0.028676 0.022222
3 0.611397 0.192157 0.021324 0.015686
3 0.590441 0.173856 0.020588 0.018301
1 0.672059 0.589542 0.011765 0.041830
0 0.630147 0.352288 0.007353 0.016993
3 0.913971 0.581046 0.073529 0.064052
3 0.931250 0.634641 0.083088 0.061438
3 0.958088 0.675817 0.082353 0.062745
3 0.741176 0.586928 0.041176 0.065359
3 0.438603 0.773856 0.041912 0.117647
3 0.476838 0.238562 0.012500 0.032680
3 0.301838 0.396078 0.041912 0.041830
3 0.289706 0.305882 0.020588 0.036601
3 0.307353 0.318954 0.019118 0.028758
3 0.748529 0.363399 0.052941 0.041830
3 0.769853 0.356209 0.041176 0.035294
3 0.686029 0.341830 0.023529 0.032680
3 0.794853 0.829412 0.054412 0.116340
3 0.252941 0.560131 0.067647 0.053595
4 0.932353 0.494118 0.051471 0.067974
4 0.980882 0.513725 0.030882 0.060131