3 0.097098 0.910384 0.086310 0.134259
3 0.173921 0.850529 0.082961 0.119048
3 0.249256 0.814815 0.078125 0.107143
3 0.293899 0.743717 0.078125 0.094577
3 0.255952 0.958664 0.107887 0.080026
5 0.371280 0.943452 0.125744 0.111772
4 0.406994 0.869378 0.102679 0.130291
3 0.173363 0.587963 0.039435 0.064815
3 0.617746 0.482474 0.064360 0.050926
3 0.567708 0.433532 0.055060 0.042989
3 0.644159 0.411045 0.056920 0.042989
3 0.442150 0.447751 0.064360 0.043651
3 0.470982 0.428241 0.061012 0.040344
3 0.027716 0.412037 0.055432 0.043651
3 0.293899 0.469577 0.072917 0.050265
3 0.221912 0.456680 0.061384 0.052249
3 0.249628 0.403108 0.057292 0.037698
3 0.325149 0.396825 0.054315 0.038360
8 0.211682 0.420304 0.139881 0.091931
3 0.122396 0.485780 0.075149 0.045635
3 0.076079 0.471230 0.070312 0.052249
3 0.133929 0.415675 0.052083 0.045635
3 0.394717 0.389881 0.052083 0.039021
3 0.504278 0.384259 0.053199 0.039683
3 0.381324 0.415013 0.052083 0.040344
3 0.644159 0.347884 0.052455 0.034392
3 0.582775 0.374008 0.047247 0.035053
3 0.693452 0.342593 0.045387 0.033069
3 0.646763 0.364749 0.046503 0.037698
9 0.041109 0.637566 0.039807 0.039683
2 0.122954 0.569444 0.035342 0.038360
2 0.174293 0.554563 0.030134 0.032407
0 0.086124 0.643519 0.021205 0.060847
0 0.118304 0.556217 0.013393 0.039683
2 0.492932 0.770833 0.037202 0.056217
0 0.492188 0.762566 0.022321 0.064815
9 0.486235 0.730820 0.037202 0.066138
1 0.484747 0.730489 0.022321 0.073413
9 0.605097 0.759921 0.030134 0.059524
0 0.673177 0.687500 0.016741 0.065476
0 0.695312 0.761574 0.018601 0.062831
0 0.582217 0.833664 0.027530 0.077381
0 0.661272 0.616733 0.014509 0.057540
0 0.670945 0.612103 0.012277 0.061508
6 0.673549 0.830688 0.049479 0.054233
2 0.721540 0.842923 0.029390 0.066799
9 0.741629 0.859788 0.026414 0.097884
0 0.731957 0.710317 0.015997 0.070106
0 0.813244 0.729828 0.026042 0.066799
1 0.835751 0.723214 0.021205 0.046958
1 0.823289 0.709987 0.019345 0.040344
9 0.773065 0.871362 0.046875 0.095899
2 0.692894 0.744378 0.040551 0.054894
1 0.695871 0.728175 0.024926 0.054233
0 0.874070 0.737765 0.023438 0.072090
0 0.923177 0.946429 0.026414 0.082011
0 0.663690 0.550265 0.011905 0.056878
0 0.656250 0.552910 0.011905 0.051587
0 0.711124 0.630622 0.015253 0.056217
0 0.727865 0.680225 0.017485 0.061508
0 0.704055 0.702712 0.014509 0.061508
0 0.708147 0.696759 0.011533 0.064153
0 0.795201 0.961310 0.020461 0.076058
0 0.572731 0.531415 0.011533 0.049603
0 0.734933 0.594907 0.014509 0.058862
2 0.484561 0.852183 0.044271 0.053571
2 0.628162 0.791336 0.025670 0.049603
2 0.644159 0.801257 0.028646 0.042989