9 0.333824 0.562092 0.008824 0.026144
9 0.318015 0.601961 0.015441 0.027451
9 0.358088 0.481699 0.008824 0.019608
0 0.281250 0.550980 0.012500 0.045752
0 0.131985 0.466013 0.012500 0.032680
0 0.253309 0.404575 0.009559 0.027451
9 0.358456 0.622222 0.011029 0.033987
9 0.376838 0.437908 0.009559 0.033987
9 0.408088 0.411111 0.010294 0.022222
9 0.412500 0.398039 0.008824 0.022222
7 0.179779 0.539216 0.043382 0.045752
5 0.321691 0.374510 0.021324 0.043137
6 0.211397 0.505229 0.052206 0.040523
6 0.351838 0.437255 0.018382 0.027451
7 0.495221 0.446405 0.016912 0.037908
0 0.571691 0.547712 0.011029 0.033987
3 0.259926 0.544444 0.040441 0.043137
3 0.718015 0.566667 0.052206 0.040523
3 0.697059 0.527451 0.052941 0.040523
7 0.300368 0.543137 0.028676 0.043137
5 0.679044 0.497386 0.055147 0.037908
3 0.588603 0.428105 0.019853 0.032680
3 0.641544 0.453595 0.036029 0.026144
3 0.402574 0.371895 0.016912 0.024837
4 0.309926 0.452941 0.036029 0.045752
3 0.370588 0.410458 0.026471 0.031373
7 0.340074 0.481699 0.022794 0.037908
0 0.269118 0.603922 0.011765 0.044444
3 0.299632 0.421569 0.044853 0.030065
9 0.411397 0.373856 0.009559 0.023529
0 0.604044 0.446405 0.008088 0.024837
9 0.320588 0.492157 0.035294 0.037908
3 0.316176 0.390196 0.033824 0.027451
7 0.232721 0.488235 0.019853 0.043137
7 0.250000 0.496732 0.038235 0.041830
7 0.239338 0.563399 0.041912 0.047059
3 0.597426 0.411111 0.037500 0.035294
3 0.352206 0.357516 0.029412 0.027451
7 0.210662 0.488889 0.019853 0.041830
4 0.525368 0.509150 0.022794 0.043137
6 0.347426 0.452941 0.021324 0.032680
3 0.338603 0.341176 0.027206 0.023529
3 0.331618 0.326797 0.023529 0.026144
9 0.416912 0.379739 0.010294 0.024837
0 0.290809 0.545752 0.011029 0.035294
6 0.384191 0.395425 0.009559 0.024837
3 0.608088 0.366667 0.032353 0.030065
0 0.250368 0.412418 0.009559 0.027451
6 0.313235 0.352941 0.019118 0.023529
1 0.577574 0.446405 0.009559 0.024837
0 0.629412 0.515033 0.010294 0.033987
0 0.477574 0.702614 0.012500 0.050980
3 0.551838 0.669935 0.034559 0.066667
3 0.381618 0.500654 0.025000 0.039216
0 0.025735 0.705882 0.019118 0.052288
6 0.130147 0.496078 0.042647 0.037908
6 0.141544 0.543137 0.043382 0.037908