9 0.970326 0.857610 0.030987 0.090570
0 0.987658 0.712885 0.021534 0.066293
9 0.979254 0.639122 0.028887 0.042017
3 0.023372 0.492063 0.046744 0.078431
0 0.041754 0.391690 0.012080 0.047619
0 0.268908 0.629318 0.022059 0.069094
9 0.069065 0.437442 0.025735 0.028945
9 0.104779 0.456116 0.026786 0.036415
3 0.178309 0.460784 0.037290 0.062558
9 0.313550 0.504202 0.023109 0.054155
9 0.323267 0.530812 0.021534 0.058824
9 0.344013 0.524276 0.019958 0.058824
3 0.386029 0.534080 0.053571 0.112045
3 0.470063 0.504669 0.060924 0.109244
2 0.682511 0.423436 0.021534 0.043884
1 0.682511 0.406629 0.013130 0.051354
3 0.846901 0.672269 0.067752 0.147526
9 0.810662 0.520542 0.020483 0.047619
4 0.808298 0.385154 0.042017 0.103641
9 0.736345 0.261905 0.025210 0.036415
3 0.804097 0.166667 0.036765 0.051354
3 0.863445 0.150794 0.025210 0.047619
3 0.872374 0.085901 0.019958 0.035481
0 0.828256 0.065359 0.006303 0.026144
0 0.827731 0.026611 0.006303 0.025210
0 0.841387 0.023810 0.006303 0.021475
2 0.867647 0.029412 0.009454 0.015873
3 0.913340 0.241830 0.030462 0.056022
0 0.996324 0.109711 0.005252 0.027077
9 0.948529 0.011671 0.005252 0.015873
1 0.949055 0.007003 0.005252 0.014006
1 0.979254 0.841737 0.028887 0.066293
1 0.988183 0.629318 0.013130 0.057890
9 0.977416 0.116246 0.010504 0.021475
0 0.975315 0.099440 0.006303 0.023343
1 0.815651 0.507470 0.014706 0.058824
3 0.820641 0.314192 0.034139 0.068161
3 0.835347 0.260037 0.030987 0.060691
9 0.954832 0.209617 0.009454 0.032680
9 0.613183 0.421102 0.027836 0.031746
9 0.749212 0.239963 0.022584 0.028011
2 0.854254 0.070028 0.007878 0.018674
3 0.849002 0.031746 0.022584 0.029879
0 0.866334 0.022876 0.005777 0.019608
3 0.890494 0.021942 0.015231 0.027077
3 0.925158 0.005602 0.016282 0.011204
3 0.920168 0.016340 0.016807 0.030812
5 0.895746 0.449580 0.045693 0.101774
9 0.812763 0.502334 0.019433 0.061625
0 0.989233 0.228758 0.011029 0.041083
0 0.996324 0.219888 0.005252 0.030812
9 0.993172 0.179739 0.011555 0.025210
4 0.981355 0.376751 0.035189 0.092437
0 0.989496 0.109244 0.009454 0.031746
1 0.956408 0.197012 0.008403 0.026144
0 0.979779 0.239496 0.011029 0.042017
3 0.833771 0.199346 0.027836 0.045752
0 0.815914 0.072829 0.007878 0.024276
3 0.986870 0.056489 0.024160 0.030812
3 0.788078 0.209617 0.029937 0.070028
0 0.995798 0.248833 0.005252 0.023343