5 0.544905 0.030345 0.042542 0.060691
3 0.428309 0.183007 0.044643 0.091503
3 0.601103 0.088235 0.038340 0.079365
3 0.441964 0.040616 0.039391 0.081232
3 0.555410 0.404295 0.056197 0.136321
0 0.777311 0.957049 0.024160 0.059757
5 0.878151 0.879085 0.200630 0.172736
5 0.695641 0.441643 0.157038 0.140056
6 0.113971 0.940243 0.120798 0.113912
0 0.288340 0.507003 0.017857 0.067227
0 0.251838 0.513539 0.022584 0.065359
0 0.288603 0.499533 0.016282 0.065359
0 0.282563 0.483660 0.022059 0.076564
3 0.237920 0.432306 0.110294 0.110177
0 0.266282 0.471522 0.025210 0.070962
0 0.163866 0.419234 0.028361 0.076564
0 0.351891 0.372082 0.015756 0.073763
3 0.639968 0.911765 0.079307 0.170868
5 0.676733 0.312792 0.146534 0.110177
5 0.824580 0.319328 0.126050 0.126984
0 0.902836 0.273576 0.022059 0.059757
1 0.844538 0.143791 0.027311 0.056022