3 0.547247 0.566799 0.029018 0.062169
3 0.530878 0.423280 0.026042 0.047619
3 0.375372 0.617063 0.033482 0.096561
3 0.385789 0.361111 0.020089 0.039683
6 0.227307 0.496693 0.020089 0.038360
6 0.258557 0.396825 0.017113 0.037037
6 0.274182 0.357143 0.011161 0.034392
6 0.242560 0.452381 0.016369 0.034392
0 0.250000 0.449074 0.007440 0.027778
0 0.256324 0.442460 0.008185 0.027778
0 0.334449 0.318783 0.008185 0.023810
0 0.366443 0.242725 0.008185 0.022487
0 0.360119 0.236772 0.005952 0.021164
3 0.529018 0.775132 0.038690 0.108466
3 0.501488 0.501984 0.025298 0.051587
3 0.477679 0.294312 0.017857 0.033069