0 0.918155 0.212302 0.016369 0.067460
0 0.972842 0.275132 0.033482 0.092593
0 0.426339 0.169974 0.013393 0.062169
0 0.366443 0.164021 0.017113 0.068783
0 0.439360 0.195106 0.012649 0.051587
0 0.183780 0.102513 0.016369 0.048942
0 0.906622 0.269841 0.026042 0.063492
1 0.553199 0.015873 0.014137 0.026455
2 0.552455 0.027116 0.027530 0.025132
0 0.550223 0.456349 0.030506 0.158730
0 0.806176 0.427910 0.043899 0.149471
0 0.669643 0.177249 0.016369 0.068783
0 0.620536 0.444444 0.035714 0.164021
0 0.334821 0.490741 0.031250 0.156085
0 0.409226 0.410714 0.029762 0.144180
0 0.236607 0.443783 0.026786 0.141534
0 0.318824 0.392196 0.021577 0.125661
0 0.539062 0.384259 0.040923 0.125661
0 0.363839 0.423942 0.031250 0.138889
0 0.431920 0.352513 0.027530 0.123016
0 0.353051 0.405423 0.026042 0.146825
0 0.134673 0.368386 0.035714 0.125661
0 0.066592 0.390873 0.034970 0.133598
0 0.405878 0.296958 0.015625 0.101852
0 0.548363 0.205026 0.019345 0.082011
0 0.949405 0.283069 0.028274 0.111111
0 0.417783 0.289683 0.021577 0.103175
1 0.787946 0.274471 0.020833 0.085979
0 0.811384 0.270503 0.024554 0.080688
0 0.585193 0.198413 0.015625 0.039683
1 0.969122 0.937831 0.057292 0.121693
1 0.539062 0.324074 0.026042 0.068783
0 0.519345 0.291667 0.022321 0.067460
0 0.486235 0.158069 0.017113 0.064815
1 0.122024 0.327381 0.017857 0.048942
1 0.093378 0.311508 0.033482 0.059524
2 0.429315 0.341270 0.035714 0.074074
1 0.201265 0.212302 0.011161 0.033069
0 0.183036 0.135582 0.016369 0.048942
0 0.782366 0.185185 0.018601 0.052910
0 0.433408 0.115079 0.012649 0.050265
0 0.396577 0.095899 0.010417 0.048942
1 0.138393 0.115741 0.013393 0.030423
1 0.116071 0.123016 0.014881 0.029101
0 0.252604 0.112434 0.012649 0.042328
0 0.947173 0.214286 0.017857 0.079365
0 0.974702 0.218254 0.017857 0.068783
0 0.586310 0.099868 0.010417 0.038360
0 0.560640 0.085317 0.011161 0.033069
1 0.906622 0.189815 0.020089 0.038360
1 0.941592 0.192460 0.020089 0.033069
1 0.925967 0.190476 0.018601 0.034392