3 0.458594 0.591204 0.016146 0.030556
3 0.464062 0.550926 0.013542 0.022222
3 0.395573 0.687500 0.018229 0.037963
7 0.386458 0.718056 0.019792 0.036111
9 0.424479 0.643519 0.008333 0.025926
6 0.406250 0.662037 0.014583 0.024074
6 0.439063 0.593056 0.009375 0.021296
3 0.583854 0.757407 0.046875 0.038889
0 0.546875 0.788426 0.009375 0.036111
3 0.639844 0.639352 0.024479 0.036111
5 0.387500 0.634259 0.019792 0.046296
3 0.474219 0.480556 0.009896 0.018519
3 0.365365 0.615278 0.031771 0.026852
3 0.595833 0.643056 0.017708 0.039815
3 0.520052 0.559259 0.011979 0.027778
3 0.470573 0.746759 0.021354 0.043519
6 0.485156 0.584722 0.011979 0.026852
6 0.489583 0.556481 0.010417 0.025926
3 0.489844 0.493519 0.011979 0.020370
8 0.503646 0.484259 0.012500 0.033333
9 0.486979 0.846759 0.011458 0.036111
3 0.510156 0.804167 0.021354 0.043519
5 0.615365 0.981019 0.071354 0.036111
5 0.604688 0.934259 0.064583 0.057407
3 0.713802 0.852315 0.034896 0.067593
3 0.600521 0.892130 0.056250 0.050926
5 0.598177 0.836111 0.065104 0.053704
5 0.614844 0.795833 0.061979 0.047222
3 0.322656 0.680556 0.025521 0.035185
6 0.344531 0.683333 0.011979 0.031481
3 0.543490 0.873148 0.025521 0.057407
4 0.065365 0.806944 0.048438 0.045370
3 0.116667 0.843056 0.044792 0.050926
3 0.358594 0.634259 0.030729 0.029630
1 0.487240 0.839815 0.007812 0.022222
5 0.196354 0.825463 0.070833 0.067593
3 0.169792 0.906944 0.059375 0.050926
8 0.191406 0.953241 0.061979 0.089815
3 0.291406 0.911574 0.039062 0.073148
4 0.327865 0.798611 0.035937 0.082407
3 0.527083 0.542593 0.010417 0.020370
3 0.524479 0.525463 0.011458 0.017593
4 0.573698 0.504167 0.026562 0.021296
6 0.357031 0.794444 0.018229 0.046296
0 0.304688 0.675926 0.008333 0.024074
1 0.298177 0.653241 0.008854 0.019444
0 0.528125 0.808333 0.008333 0.038889
6 0.484896 0.602778 0.009375 0.024074
0 0.028385 0.893981 0.011979 0.049074
0 0.040104 0.887963 0.012500 0.050000
3 0.439844 0.676389 0.021354 0.050926
9 0.321615 0.875463 0.020313 0.047222
9 0.590625 0.550463 0.008333 0.019444
0 0.564844 0.936111 0.008854 0.035185
3 0.631510 0.660648 0.022396 0.041667