3 0.867374 0.676257 0.069568 0.062831
2 0.743304 0.819114 0.017113 0.054894
0 0.794085 0.861442 0.019717 0.066799
0 0.762649 0.717593 0.012649 0.055556
0 0.785156 0.715939 0.011533 0.049603
0 0.757999 0.639881 0.012277 0.040344
0 0.764695 0.577712 0.009301 0.037698
9 0.791853 0.551918 0.010789 0.024471
0 0.731027 0.637897 0.008929 0.045635
2 0.726376 0.591270 0.015997 0.027778
9 0.394531 0.509259 0.015997 0.023810
3 0.886347 0.542659 0.065104 0.032407
3 0.887463 0.520833 0.054688 0.032407
3 0.962240 0.549934 0.054688 0.039021
3 0.975446 0.537037 0.046875 0.039683
3 0.992932 0.474537 0.011905 0.040344
3 0.990513 0.434193 0.015997 0.035053
3 0.943638 0.426587 0.024182 0.037037
3 0.947917 0.466931 0.031994 0.034392
3 0.919085 0.464616 0.028646 0.033730
3 0.449963 0.846892 0.042039 0.105159
3 0.524926 0.765873 0.043155 0.092593
3 0.459263 0.640212 0.032366 0.059524
3 0.496838 0.572751 0.025670 0.044974
3 0.533482 0.501653 0.022321 0.036376
3 0.501302 0.501653 0.020461 0.041667
3 0.454985 0.527447 0.023065 0.042989
3 0.507068 0.428902 0.018601 0.029762
3 0.452753 0.449405 0.019345 0.036376
3 0.484375 0.445437 0.021577 0.031085
3 0.277716 0.977183 0.062128 0.042989
4 0.380580 0.897156 0.048363 0.106481
3 0.312686 0.887897 0.055432 0.119709
3 0.134115 0.879299 0.070312 0.114418
3 0.112723 0.816468 0.069940 0.107804
3 0.065104 0.713955 0.077381 0.101190
3 0.327381 0.779431 0.041667 0.073413
3 0.393043 0.781085 0.042783 0.088624
3 0.345424 0.690476 0.040551 0.071429
3 0.401600 0.697751 0.036086 0.066138
3 0.409226 0.638228 0.034226 0.059524
3 0.361235 0.622024 0.037202 0.060185
3 0.185640 0.910714 0.071429 0.125661
3 0.215960 0.684193 0.043527 0.073413
3 0.248884 0.735119 0.050595 0.090608
3 0.215960 0.611111 0.038318 0.063492
3 0.149554 0.653108 0.047619 0.074735
3 0.270275 0.560516 0.036086 0.058862
3 0.262649 0.489087 0.031250 0.048280
3 0.308222 0.485780 0.031622 0.044312
3 0.326265 0.514220 0.031994 0.049603
3 0.352493 0.462302 0.027158 0.047619
3 0.296503 0.454034 0.026042 0.040344
3 0.336124 0.428241 0.024926 0.039021
3 0.369420 0.420635 0.023810 0.037037
3 0.327753 0.395833 0.025298 0.033730
3 0.311012 0.389220 0.023810 0.032407
3 0.376860 0.392196 0.020833 0.038360
3 0.454055 0.388228 0.017485 0.029101
3 0.472470 0.408069 0.018601 0.027778
3 0.507999 0.393849 0.016741 0.025794
3 0.485491 0.384921 0.015625 0.027778
3 0.458333 0.353175 0.015625 0.027778
3 0.964100 0.686839 0.056920 0.064153