5 0.251576 0.684874 0.061975 0.096172
3 0.688288 0.655462 0.027836 0.031746
5 0.707195 0.613912 0.064601 0.043884
3 0.395221 0.721289 0.024685 0.047619
3 0.400998 0.705415 0.027836 0.043884
5 0.339811 0.655462 0.050420 0.102708
5 0.372111 0.614846 0.038340 0.071895
3 0.472426 0.718021 0.024685 0.048553
5 0.409926 0.640990 0.021534 0.049486
3 0.467962 0.698880 0.022059 0.040149
3 0.647847 0.687208 0.034139 0.048553
3 0.634716 0.642857 0.022584 0.030812
3 0.729779 0.722222 0.046744 0.045752
3 0.871586 0.823529 0.069853 0.061625
3 0.855305 0.685808 0.034139 0.038282
3 0.800945 0.658730 0.025210 0.032680
3 0.758666 0.795051 0.057248 0.064426
3 0.587447 0.625584 0.026786 0.028011