9 0.354517 0.468254 0.015756 0.042017
1 0.355305 0.443978 0.012080 0.034547
0 0.994223 0.911765 0.009454 0.086835
3 0.416754 0.205882 0.016282 0.025210
3 0.424632 0.187208 0.017332 0.021475
3 0.565126 0.777311 0.119748 0.127918
6 0.090336 0.753035 0.046218 0.086835
1 0.094538 0.725023 0.021008 0.060691
8 0.168855 0.459851 0.083508 0.127918
2 0.814076 0.872549 0.032563 0.081232
0 0.833771 0.766106 0.024685 0.088702
1 0.815651 0.853875 0.027311 0.071895
3 0.774947 0.599907 0.077206 0.081232
3 0.711922 0.520075 0.060399 0.067227
9 0.670431 0.543884 0.018382 0.043884
1 0.670956 0.527077 0.015231 0.038282
1 0.639181 0.469655 0.015756 0.042951
0 0.641544 0.432306 0.011029 0.044818
0 0.630777 0.430439 0.011555 0.048553
6 0.684349 0.474323 0.037815 0.048553
3 0.667017 0.444911 0.036765 0.049486
3 0.643645 0.408497 0.034139 0.047619
3 0.539391 0.366947 0.025210 0.039216
3 0.204044 0.385621 0.049895 0.048553
3 0.241334 0.334267 0.051996 0.042951
9 0.510767 0.376751 0.012080 0.032680
3 0.294380 0.320728 0.026786 0.042017
3 0.110557 0.329132 0.053046 0.040149
3 0.327468 0.269374 0.017332 0.023343
3 0.442752 0.286648 0.021008 0.031746
3 0.475053 0.245098 0.015231 0.027077
3 0.516807 0.284781 0.022059 0.031746
3 0.510767 0.260971 0.014181 0.023343
7 0.347952 0.274043 0.012080 0.027077
2 0.638918 0.483193 0.016282 0.043884
9 0.490546 0.225957 0.006303 0.013072
1 0.490809 0.218487 0.007878 0.014939
3 0.483456 0.164332 0.009979 0.016807
3 0.378676 0.620915 0.054622 0.108310
6 0.081670 0.902428 0.074055 0.090570
3 0.473477 0.154528 0.007878 0.012138
3 0.487132 0.153595 0.008929 0.012138
9 0.487920 0.232960 0.006303 0.021475