9 0.582721 0.118581 0.017332 0.054155
3 0.567489 0.080766 0.029937 0.073763
5 0.517069 0.049953 0.044643 0.099907
9 0.428309 0.063959 0.027836 0.043884
3 0.387342 0.356676 0.046744 0.113912
3 0.585084 0.232026 0.037815 0.096172
3 0.407300 0.171802 0.039391 0.102708
6 0.418592 0.109711 0.058824 0.042017
3 0.527311 0.290383 0.044118 0.113912
5 0.699842 0.688142 0.187500 0.158730
0 0.153099 0.875817 0.027836 0.084034
0 0.133141 0.852007 0.022584 0.073763
0 0.164128 0.808123 0.028887 0.062558
0 0.196166 0.779178 0.028887 0.073763
3 0.157563 0.695145 0.133403 0.144725
0 0.172269 0.767507 0.024160 0.074697
0 0.293592 0.605976 0.019958 0.078431
3 0.916492 0.939776 0.139706 0.116713
5 0.670693 0.515873 0.151261 0.127918
5 0.468750 0.219421 0.050945 0.188609
5 0.854254 0.503735 0.173845 0.127918
0 0.936450 0.460317 0.025210 0.059757
1 0.862920 0.316993 0.027311 0.056956
0 0.391544 0.090103 0.015231 0.049486
0 0.379464 0.099440 0.012080 0.049486