0 0.935924 0.745098 0.033613 0.070962
0 0.886555 0.710551 0.029412 0.082166
1 0.877626 0.600840 0.040966 0.075630
1 0.862920 0.562558 0.032563 0.049486
1 0.867647 0.528945 0.024160 0.062558
9 0.210084 0.436508 0.022059 0.086835
0 0.089548 0.775910 0.036239 0.104575
9 0.977153 0.830999 0.043592 0.072829
0 0.465861 0.477124 0.021008 0.093371
0 0.492647 0.472923 0.018908 0.081232
0 0.524422 0.462185 0.019433 0.082166
0 0.560662 0.478992 0.020483 0.085901
0 0.447742 0.747432 0.032038 0.101774
0 0.476366 0.557423 0.025210 0.087768
0 0.491597 0.844071 0.026261 0.098973
0 0.487132 0.672736 0.028887 0.094304
0 0.547006 0.573296 0.023634 0.087768
0 0.569590 0.650327 0.027836 0.096172
0 0.507878 0.597106 0.024160 0.096172
0 0.528361 0.530345 0.030462 0.087768
1 0.147847 0.559290 0.023634 0.082166
1 0.158613 0.517274 0.022059 0.059757
1 0.160452 0.479925 0.023634 0.061625