3 0.626313 0.590570 0.068803 0.167134
3 0.553046 0.253501 0.038866 0.088702
4 0.543330 0.018674 0.024685 0.037348
3 0.666492 0.343604 0.064076 0.097106
3 0.375525 0.327264 0.048319 0.112979
3 0.463498 0.233427 0.037290 0.100840
0 0.691439 0.354809 0.018382 0.063492
6 0.327731 0.933240 0.052521 0.131653
0 0.313288 0.599440 0.016282 0.080299
0 0.308561 0.579365 0.011029 0.062558
3 0.385242 0.049953 0.038340 0.077498
3 0.478204 0.087302 0.029937 0.070028
4 0.069065 0.562558 0.081408 0.150327
3 0.123950 0.420635 0.071429 0.133520
3 0.851103 0.292250 0.061450 0.085901
5 0.782300 0.099440 0.086660 0.187675
3 0.238708 0.104575 0.039391 0.076564
3 0.267857 0.028478 0.039916 0.056956
1 0.249737 0.190943 0.015231 0.045752
2 0.250263 0.207750 0.015231 0.043884
3 0.090599 0.237628 0.102416 0.071895
3 0.851628 0.027544 0.034139 0.055089
0 0.247637 0.436508 0.015231 0.070028
6 0.230567 0.797386 0.070378 0.156863