0 0.943015 0.721755 0.033088 0.070962
0 0.881828 0.680672 0.028361 0.082166
1 0.872899 0.578898 0.037815 0.076564
1 0.861345 0.540616 0.030462 0.048553
1 0.862920 0.508403 0.024160 0.062558
9 0.218487 0.422502 0.022059 0.084967
0 0.099527 0.747899 0.030987 0.108310
9 0.976628 0.797386 0.044643 0.072829
0 0.468225 0.460317 0.020483 0.093371
0 0.495273 0.454248 0.018908 0.081232
0 0.524685 0.443511 0.018908 0.082166
0 0.561712 0.457983 0.020483 0.081232
0 0.436975 0.720822 0.030462 0.104575
0 0.485294 0.536881 0.025210 0.087768
0 0.489233 0.805789 0.026786 0.095238
0 0.482931 0.660598 0.028887 0.092437
0 0.538603 0.546218 0.022584 0.087768
0 0.565914 0.621849 0.026786 0.097106
0 0.514706 0.581232 0.027311 0.086835
0 0.521534 0.533147 0.028361 0.087768
1 0.154149 0.537815 0.023634 0.082166
1 0.165179 0.500000 0.020483 0.058824
1 0.169905 0.460784 0.023634 0.064426