3 0.757353 0.522876 0.031513 0.052288
3 0.746586 0.495798 0.026786 0.037348
0 0.793330 0.506536 0.006828 0.032680
0 0.770221 0.508403 0.005777 0.030812
3 0.643120 0.472923 0.025735 0.043884
3 0.442752 0.869281 0.057773 0.115780
3 0.484506 0.713819 0.041492 0.090570
4 0.500263 0.631186 0.028887 0.067227
3 0.612132 0.419234 0.019433 0.033613
3 0.615546 0.395892 0.017857 0.028011
3 0.551996 0.693744 0.033613 0.080299
4 0.556460 0.580766 0.025735 0.072829
3 0.519170 0.583100 0.023634 0.051354
3 0.529937 0.516807 0.024160 0.051354
3 0.613708 0.354342 0.016282 0.027077
3 0.614496 0.331466 0.012605 0.024276
3 0.515494 0.469188 0.023634 0.038282
3 0.523109 0.817927 0.042017 0.126984
3 0.441702 0.472923 0.029412 0.042017
3 0.476628 0.410831 0.021534 0.033613
3 0.500263 0.368347 0.015231 0.028945
3 0.504989 0.359477 0.014181 0.024276
3 0.512080 0.351074 0.012605 0.022409
3 0.132616 0.523810 0.050945 0.048553
3 0.573004 0.463585 0.024160 0.043884
3 0.559086 0.402894 0.015231 0.027077
3 0.568015 0.342204 0.014181 0.027077
3 0.571691 0.519141 0.021534 0.042951
3 0.579569 0.406629 0.016282 0.025210
3 0.585084 0.389823 0.015756 0.028945
3 0.544118 0.456116 0.023109 0.051354
3 0.537553 0.410831 0.018382 0.033613
9 0.941176 0.756303 0.027311 0.041083
1 0.938288 0.749767 0.015231 0.052288
9 0.799370 0.639589 0.021008 0.048553
9 0.647321 0.431373 0.013130 0.044818
9 0.659401 0.429038 0.011029 0.040149
1 0.647847 0.428571 0.008929 0.041083
1 0.660714 0.427638 0.010504 0.041083
0 0.813813 0.529412 0.011029 0.039216
0 0.784401 0.501401 0.006828 0.029879
0 0.651523 0.568161 0.008929 0.040149
0 0.666754 0.577031 0.008929 0.041083
3 0.736607 0.471989 0.026786 0.032680
1 0.715074 0.583100 0.012080 0.043884
2 0.715336 0.594304 0.019958 0.025210
9 0.468225 0.583567 0.015231 0.031746
1 0.468225 0.574230 0.011029 0.037348
2 0.244485 0.820728 0.015231 0.048553
1 0.245798 0.799720 0.014706 0.043884
0 0.939601 0.567227 0.007353 0.040149
0 0.862658 0.541550 0.011029 0.044818
0 0.951418 0.569561 0.008929 0.029879
1 0.799107 0.633053 0.017332 0.037348
3 0.530200 0.315126 0.013130 0.023343
3 0.577731 0.433707 0.018908 0.032680
3 0.584821 0.365546 0.013130 0.023343
3 0.543855 0.428571 0.022584 0.028011
0 0.876838 0.549953 0.008929 0.037348
0 0.668855 0.577498 0.008929 0.042017
0 0.670168 0.490196 0.008403 0.037348