3 0.524160 0.111111 0.025210 0.042951
3 0.256828 0.470121 0.095588 0.071895
3 0.478729 0.432306 0.089811 0.072829
3 0.629727 0.413165 0.080882 0.068161
3 0.954569 0.568161 0.088761 0.092437
3 0.393382 0.539216 0.103992 0.083100
3 0.158351 0.547619 0.098214 0.083100
3 0.707721 0.495798 0.094013 0.078431
3 0.576155 0.101774 0.025210 0.046685
1 0.654937 0.796452 0.023109 0.059757
0 0.205620 0.716153 0.020483 0.063492
0 0.266019 0.741363 0.020483 0.078431
0 0.246061 0.711018 0.020483 0.064426
9 0.246849 0.318394 0.030462 0.044818
0 0.235294 0.254902 0.012605 0.050420
0 0.397059 0.193277 0.008403 0.035481
9 0.415704 0.401961 0.029937 0.036415
1 0.414916 0.389823 0.019958 0.045752
9 0.353729 0.205415 0.020483 0.033613
0 0.050945 0.323063 0.014706 0.035481
0 0.037553 0.317927 0.018382 0.055089
2 0.013655 0.351074 0.021008 0.052288
0 0.764443 0.233894 0.015231 0.042017
0 0.771008 0.227824 0.013655 0.042951
0 0.940389 0.267974 0.015231 0.044818
0 0.939863 0.262838 0.012080 0.042017
0 0.924632 0.282913 0.013130 0.033613
0 0.937237 0.277778 0.015231 0.047619
0 0.375000 0.090103 0.009454 0.040149
1 0.445378 0.040149 0.014706 0.033613
1 0.429884 0.041550 0.013130 0.034547
3 0.176471 0.860411 0.111345 0.202614
3 0.483456 0.219888 0.028887 0.064426
5 0.935662 0.835201 0.127626 0.176471
3 0.585872 0.214753 0.030987 0.052288
3 0.486082 0.110177 0.022584 0.050420
3 0.820903 0.411298 0.086134 0.075630
3 0.439601 0.270775 0.034664 0.072829
3 0.438288 0.075163 0.022584 0.040149
3 0.532826 0.302054 0.040441 0.070028
3 0.647847 0.157796 0.059349 0.041083
3 0.580095 0.023810 0.045693 0.034547
3 0.445903 0.030345 0.023109 0.042017
0 0.880515 0.877218 0.023634 0.066293
6 0.660977 0.817927 0.039391 0.100840
0 0.892332 0.662932 0.023109 0.069094
1 0.888655 0.388889 0.014706 0.043884
9 0.885504 0.399627 0.026261 0.035481
0 0.972426 0.739029 0.025735 0.058824
0 0.975840 0.759104 0.026261 0.065359
0 0.978466 0.778711 0.021008 0.067227
9 0.681197 0.303455 0.012605 0.039216
9 0.717437 0.318861 0.015756 0.042017
9 0.749475 0.315593 0.014706 0.041083
9 0.786502 0.304388 0.009979 0.041083
9 0.803046 0.302521 0.012605 0.039216
9 0.860294 0.320728 0.012605 0.040149
9 0.891544 0.290850 0.014181 0.036415
2 0.904674 0.326331 0.014181 0.042017
9 0.954044 0.324930 0.022584 0.050420
1 0.431197 0.336134 0.012605 0.031746
9 0.430147 0.354809 0.014706 0.041083
1 0.499475 0.063959 0.007353 0.027077
9 0.499212 0.072829 0.008929 0.026144
0 0.272584 0.603641 0.021008 0.070028
0 0.289128 0.605042 0.018382 0.074697
1 0.485032 0.301120 0.014181 0.045752
6 0.485557 0.311391 0.022584 0.045752
1 0.402311 0.310924 0.014706 0.041083
9 0.403099 0.323529 0.025735 0.038282
1 0.164653 0.654062 0.020483 0.064426
9 0.168067 0.667134 0.038866 0.049486
0 0.207458 0.727824 0.021008 0.062558
0 0.218225 0.733427 0.022584 0.068161
9 0.336660 0.267040 0.027311 0.031746
9 0.387605 0.199813 0.025210 0.031746
9 0.387080 0.179272 0.025210 0.035481
1 0.692227 0.976657 0.025210 0.042951
9 0.692227 0.977591 0.028361 0.041083
0 0.159926 0.338002 0.019433 0.052288
0 0.091387 0.320728 0.013655 0.047619
0 0.086922 0.328198 0.014181 0.053221
0 0.297794 0.243231 0.014706 0.043884
1 0.705620 0.442110 0.019433 0.045752
9 0.703256 0.448646 0.025210 0.045752
0 0.272321 0.293651 0.015231 0.045752
0 0.030725 0.329132 0.017332 0.047619
0 0.402048 0.197479 0.009979 0.036415
0 0.516282 0.244631 0.012605 0.041083
0 0.515231 0.237628 0.012605 0.040149
0 0.663603 0.307656 0.015231 0.045752
0 0.644695 0.298786 0.015231 0.046685
9 0.251576 0.338002 0.028361 0.046685
9 0.086660 0.356209 0.019958 0.045752
6 0.661765 0.207283 0.036765 0.050420
9 0.616071 0.179739 0.022059 0.025210