9 0.388235 0.470588 0.007353 0.023529
9 0.399632 0.475163 0.009559 0.027451
9 0.388603 0.437908 0.009559 0.023529
0 0.302941 0.523529 0.010294 0.035294
0 0.168750 0.452941 0.012500 0.032680
0 0.282721 0.403922 0.009559 0.028758
9 0.432353 0.447712 0.008824 0.022222
9 0.410294 0.397386 0.007353 0.026144
9 0.434926 0.369281 0.009559 0.022222
7 0.213603 0.518301 0.043382 0.045752
5 0.345221 0.368627 0.021324 0.041830
3 0.516912 0.393464 0.017647 0.033987
6 0.237132 0.486928 0.047794 0.037908
6 0.367279 0.426797 0.018382 0.027451
7 0.520956 0.561438 0.022794 0.050980
0 0.545221 0.519608 0.011029 0.032680
3 0.288235 0.523529 0.033824 0.043137
3 0.713971 0.546405 0.048529 0.039216
3 0.700735 0.512418 0.050000 0.041830
7 0.327941 0.522222 0.025000 0.037908
5 0.681985 0.483007 0.052206 0.035294
0 0.839706 0.975163 0.017647 0.044444
3 0.594853 0.421569 0.017647 0.027451
3 0.649265 0.445752 0.035294 0.026144
3 0.418382 0.368627 0.014706 0.026144
4 0.332721 0.445098 0.033088 0.037908
3 0.389338 0.404575 0.025735 0.030065
7 0.361397 0.467974 0.021324 0.036601
0 0.294118 0.588889 0.011765 0.043137
3 0.322426 0.411111 0.043382 0.030065
0 0.612868 0.437255 0.008088 0.024837
9 0.345956 0.475163 0.033088 0.035294
3 0.337500 0.381699 0.030882 0.026144
7 0.262500 0.471895 0.022059 0.044444
7 0.280882 0.475817 0.038235 0.041830
7 0.273529 0.537255 0.035294 0.044444
3 0.605515 0.403268 0.037500 0.035294
3 0.366912 0.354902 0.029412 0.027451
7 0.238603 0.475817 0.019853 0.041830
4 0.568750 0.683007 0.031618 0.069281
6 0.360662 0.439869 0.021324 0.032680
3 0.352574 0.339869 0.027206 0.023529
0 0.317279 0.527451 0.011029 0.035294
3 0.615441 0.366667 0.032353 0.030065
0 0.279779 0.404575 0.009559 0.027451
6 0.331250 0.347712 0.016912 0.023529
1 0.550000 0.381699 0.007353 0.023529
1 0.603309 0.469281 0.009559 0.026144
0 0.630515 0.490196 0.009559 0.031373
0 0.493015 0.627451 0.011029 0.044444
3 0.904412 0.937255 0.082353 0.109804
3 0.422794 0.421569 0.017647 0.030065
0 0.078676 0.629412 0.016176 0.045752
0 0.099265 0.630719 0.014706 0.045752
0 0.790074 0.862092 0.013971 0.053595
6 0.169118 0.477124 0.041176 0.039216
6 0.177941 0.520915 0.038235 0.037908