3 0.507616 0.437908 0.036239 0.084034
3 0.571954 0.399627 0.039916 0.074697
3 0.055672 0.761438 0.111345 0.112979
4 0.124737 0.661998 0.111870 0.130719
3 0.348214 0.377218 0.047269 0.084034
3 0.403624 0.691877 0.059349 0.162465
3 0.434611 0.383287 0.036239 0.083100
3 0.967437 0.253035 0.063025 0.056022
3 0.494485 0.291783 0.035189 0.064426
3 0.503414 0.128852 0.024685 0.041083
7 0.489496 0.174136 0.028361 0.049486
3 0.435662 0.204015 0.025735 0.049486
3 0.449842 0.144725 0.020483 0.041083
3 0.459296 0.100840 0.022584 0.041083
3 0.569328 0.181606 0.049370 0.040149
3 0.466124 0.075163 0.017332 0.036415
3 0.449842 0.059290 0.020483 0.030812
9 0.387605 0.387488 0.011555 0.044818
1 0.386555 0.364613 0.011555 0.030812
1 0.378676 0.440710 0.012605 0.035481
9 0.380252 0.458450 0.014706 0.046685
1 0.341912 0.598506 0.019958 0.052288
6 0.344538 0.607843 0.035714 0.097106
1 0.539653 0.091036 0.006828 0.019608
9 0.539653 0.098973 0.007878 0.026144
1 0.539391 0.115780 0.007353 0.020542
9 0.540179 0.123716 0.009979 0.023343
9 0.378676 0.360878 0.010504 0.032680
1 0.376838 0.339869 0.011029 0.028011
1 0.624212 0.480392 0.013130 0.049486
9 0.624475 0.495331 0.014706 0.045752
0 0.326681 0.361345 0.012605 0.052288
0 0.215599 0.380019 0.018382 0.057890
0 0.230830 0.357143 0.015231 0.049486
1 0.274947 0.256769 0.009979 0.028011
6 0.416229 0.148926 0.017332 0.027077
1 0.416492 0.145658 0.008403 0.024276
0 0.473214 0.132586 0.010504 0.039216
9 0.903099 0.185341 0.008929 0.027077
9 0.874737 0.175537 0.012080 0.029879
0 0.849790 0.149393 0.010504 0.029879
0 0.859769 0.167600 0.010504 0.038282
0 0.848477 0.159197 0.008929 0.032680
0 0.804359 0.179739 0.008929 0.032680
3 0.404937 0.049486 0.030462 0.029879
3 0.405200 0.035481 0.030987 0.031746
3 0.455620 0.032680 0.017332 0.031746
3 0.220851 0.313725 0.069853 0.063492
3 0.197742 0.244164 0.062500 0.049486
3 0.196954 0.214286 0.075630 0.055089
3 0.371324 0.136788 0.049370 0.036415
3 0.388918 0.096172 0.038340 0.035481
3 0.735819 0.218954 0.059874 0.049486
5 0.823267 0.206816 0.067752 0.053221
9 0.832195 0.200747 0.022584 0.022409
1 0.833508 0.191877 0.012605 0.030812
3 0.584559 0.103175 0.046218 0.036415
3 0.516544 0.623716 0.050945 0.126984
9 0.625000 0.614379 0.023109 0.069094
1 0.625263 0.598506 0.022584 0.067227
9 0.350578 0.447712 0.020483 0.047619
1 0.347689 0.436041 0.017857 0.048553
9 0.334034 0.264706 0.022059 0.023343
1 0.333508 0.254902 0.011555 0.031746
9 0.276261 0.268908 0.024160 0.024276
9 0.057248 0.581699 0.040966 0.050420
3 0.437237 0.022876 0.014181 0.034547
3 0.501576 0.051354 0.017857 0.031746