3 0.391544 0.460784 0.053046 0.060691
3 0.398109 0.552754 0.049370 0.084034
5 0.480042 0.277778 0.021008 0.058824
3 0.563288 0.450047 0.039391 0.065359
3 0.533613 0.363679 0.027311 0.060691
3 0.595588 0.462185 0.035714 0.070962
3 0.551471 0.595705 0.031513 0.080299
3 0.383403 0.409897 0.055672 0.054155
3 0.407563 0.357143 0.024160 0.071895
3 0.411239 0.242764 0.019958 0.054155
3 0.522584 0.208683 0.021008 0.049486
3 0.531250 0.173203 0.043592 0.032680
3 0.444065 0.128385 0.018382 0.049486
4 0.409664 0.110177 0.018908 0.050420
9 0.470326 0.158263 0.012080 0.027077
9 0.495798 0.445845 0.011555 0.049486
3 0.313550 0.626050 0.030462 0.088702
3 0.404674 0.638189 0.033088 0.088702
3 0.402574 0.729225 0.027836 0.091503
3 0.580882 0.671802 0.046218 0.086835
3 0.615021 0.670401 0.054622 0.070962
3 0.628939 0.744631 0.054097 0.083100
3 0.570641 0.754902 0.028887 0.094304
3 0.588235 0.828198 0.049370 0.091503
3 0.332983 0.823529 0.055672 0.089636
4 0.337185 0.907563 0.061975 0.063492
9 0.511029 0.692810 0.014706 0.044818
0 0.341124 0.623249 0.017332 0.036415
9 0.332721 0.232026 0.018382 0.027077
2 0.309611 0.370215 0.012080 0.062558
3 0.356355 0.301120 0.047794 0.049486
3 0.378414 0.268441 0.041492 0.042017
9 0.551733 0.230159 0.012080 0.030812
0 0.598477 0.210551 0.005777 0.032680
0 0.600053 0.217554 0.008929 0.024276
9 0.493435 0.090103 0.009979 0.047619
0 0.357405 0.584034 0.015231 0.036415
3 0.903099 0.218954 0.040441 0.034547
3 0.894695 0.194678 0.050945 0.042017
9 0.547006 0.775444 0.017332 0.055089
0 0.699842 0.921102 0.009979 0.032680
0 0.710609 0.928105 0.008403 0.026144
0 0.711660 0.777778 0.012605 0.039216