3 0.904018 0.592593 0.077381 0.068783
0 0.344866 0.077381 0.008185 0.025132
9 0.488095 0.107804 0.010417 0.022487
3 0.525670 0.408069 0.024554 0.054233
3 0.511905 0.265873 0.022321 0.044974
5 0.622768 0.455026 0.031250 0.079365
3 0.493676 0.673942 0.033482 0.099206
3 0.500372 0.504630 0.024554 0.064815
3 0.476935 0.276455 0.016369 0.037037
3 0.551711 0.871032 0.045387 0.144180
3 0.956101 0.900794 0.044643 0.089947
7 0.268973 0.787037 0.036458 0.089947
3 0.340030 0.796296 0.046131 0.153439
3 0.397693 0.213624 0.018601 0.048942
5 0.852307 0.884921 0.064732 0.137566
7 0.700149 0.638228 0.047619 0.054233
5 0.788690 0.644180 0.077381 0.063492