9 0.422059 0.423529 0.007353 0.023529
9 0.434191 0.420261 0.009559 0.027451
1 0.306250 0.708497 0.013971 0.044444
0 0.330147 0.498693 0.010294 0.035294
0 0.200368 0.434641 0.012500 0.032680
0 0.309191 0.392157 0.009559 0.028758
9 0.469485 0.384314 0.006618 0.023529
7 0.246691 0.492810 0.043382 0.041830
3 0.553676 0.462092 0.023529 0.040523
6 0.275368 0.456863 0.047794 0.037908
6 0.394485 0.404575 0.018382 0.027451
7 0.554779 0.690850 0.027206 0.066667
0 0.533824 0.492810 0.008824 0.033987
3 0.319485 0.500000 0.033088 0.043137
3 0.723529 0.524183 0.048529 0.039216
3 0.706985 0.493464 0.046324 0.032680
7 0.355515 0.497386 0.022794 0.037908
5 0.692279 0.468627 0.052206 0.035294
0 0.801103 0.838562 0.012500 0.058824
3 0.610294 0.409150 0.017647 0.026144
3 0.659559 0.431373 0.035294 0.026144
3 0.439338 0.360784 0.016912 0.023529
4 0.359926 0.426797 0.033088 0.037908
3 0.412132 0.391503 0.025735 0.030065
7 0.385662 0.452288 0.021324 0.036601
0 0.319485 0.569935 0.011029 0.041830
3 0.347794 0.400000 0.036765 0.031373
0 0.624632 0.425490 0.008088 0.024837
3 0.361765 0.372549 0.030882 0.026144
7 0.291912 0.454902 0.022059 0.044444
7 0.307353 0.458824 0.038235 0.041830
7 0.306985 0.511765 0.034559 0.043137
3 0.620956 0.395425 0.037500 0.035294
7 0.270956 0.454902 0.019853 0.041830
4 0.623897 0.916993 0.050735 0.111111
6 0.386397 0.417647 0.021324 0.032680
1 0.258088 0.897386 0.017647 0.058824
0 0.346691 0.501307 0.011029 0.035294
3 0.632353 0.358824 0.032353 0.030065
0 0.304412 0.392157 0.010294 0.028758
6 0.355515 0.342484 0.016912 0.023529
1 0.573162 0.403268 0.009559 0.024837
1 0.628309 0.477124 0.009559 0.026144
0 0.640809 0.466667 0.009559 0.031373
0 0.511397 0.572549 0.011029 0.036601
3 0.023529 0.742484 0.047059 0.086275
3 0.034191 0.789542 0.058088 0.070588
3 0.880882 0.858824 0.069118 0.096732
4 0.385294 0.787582 0.042647 0.113725
3 0.450735 0.381046 0.016176 0.027451
0 0.142279 0.574510 0.012500 0.040523
0 0.156985 0.574510 0.013971 0.043137
0 0.761765 0.750327 0.013235 0.044444
6 0.208456 0.456863 0.040441 0.040523
6 0.214338 0.497386 0.033088 0.037908