4 0.516807 0.332866 0.067227 0.053221
3 0.408613 0.441643 0.049370 0.078431
3 0.445903 0.401494 0.038866 0.059757
3 0.521796 0.309991 0.053046 0.037348
3 0.226103 0.612045 0.143382 0.098039
3 0.258403 0.237628 0.025210 0.036415
4 0.532300 0.296919 0.045693 0.041083
3 0.543855 0.301120 0.043592 0.032680
3 0.257616 0.503268 0.107668 0.069094
3 0.273372 0.452381 0.092962 0.060691
3 0.281775 0.428105 0.088761 0.049486
3 0.308036 0.409430 0.078256 0.055089
3 0.323529 0.388422 0.066176 0.042951
3 0.341387 0.361345 0.058824 0.048553
3 0.362395 0.354809 0.050420 0.046685
3 0.369748 0.344071 0.055672 0.049486
3 0.383403 0.340336 0.043067 0.034547
3 0.418330 0.316993 0.053046 0.040149
0 0.789916 0.402894 0.012605 0.055089
0 0.767857 0.696078 0.031513 0.099907
0 0.455095 0.594304 0.020483 0.079365
3 0.316964 0.197479 0.017332 0.025210
3 0.052784 0.373016 0.059349 0.058824
3 0.105305 0.337535 0.051996 0.058824
3 0.118435 0.270775 0.026786 0.042951
3 0.067227 0.267507 0.025210 0.038282
3 0.303834 0.204949 0.020483 0.027077
9 0.286239 0.236695 0.011555 0.032680
3 0.009191 0.412232 0.018382 0.064426
3 0.170431 0.330999 0.040441 0.047619
0 0.121324 0.491597 0.014706 0.077498
0 0.093225 0.484127 0.018382 0.077498
0 0.101891 0.487395 0.014706 0.065359
3 0.131828 0.686741 0.169118 0.169001
0 0.650998 0.305789 0.013130 0.040149
0 0.665179 0.347806 0.014181 0.045752
0 0.683561 0.288982 0.008929 0.036415
0 0.702731 0.293184 0.005252 0.037348
0 0.706933 0.297386 0.008403 0.042017
0 0.726366 0.295051 0.007353 0.041083
0 0.735294 0.295051 0.008403 0.041083
0 0.633403 0.303455 0.011555 0.033613
0 0.414391 0.396359 0.011555 0.043884
3 0.241334 0.224556 0.021534 0.027077
9 0.201418 0.253035 0.014181 0.031746
3 0.822742 0.927638 0.143382 0.142857
3 0.657563 0.878151 0.107143 0.241830
3 0.521271 0.852007 0.138130 0.225023
0 0.546744 0.842670 0.033613 0.111111
3 0.404412 0.809524 0.085084 0.190476
3 0.271796 0.824463 0.130777 0.205415
5 0.968225 0.655929 0.061450 0.142857
0 0.914653 0.650794 0.017332 0.087768
0 0.571429 0.798319 0.017857 0.087768
0 0.476103 0.797852 0.023634 0.116713
3 0.151523 0.774043 0.151786 0.179272
3 0.743960 0.648926 0.144433 0.102708
3 0.581408 0.629318 0.129202 0.100840
9 0.322742 0.622782 0.018382 0.067227
3 0.566176 0.570028 0.132353 0.077498
3 0.868960 0.517740 0.105567 0.073763
3 0.657826 0.527544 0.107668 0.082166
3 0.513918 0.544818 0.103466 0.090570
3 0.487658 0.514472 0.103466 0.070962
3 0.476366 0.473856 0.099790 0.070028
3 0.063288 0.422969 0.060399 0.072829
0 0.720063 0.529879 0.017857 0.071895
3 0.600840 0.505135 0.097689 0.082166
3 0.834559 0.480859 0.109244 0.069094
3 0.581408 0.475257 0.087185 0.056022
3 0.797532 0.457049 0.106618 0.064426
3 0.769695 0.422502 0.074055 0.051354
3 0.753151 0.406629 0.079832 0.049486
3 0.556460 0.428571 0.083508 0.061625
3 0.534401 0.402428 0.076155 0.054155
3 0.548845 0.428571 0.070378 0.048553
3 0.527048 0.374883 0.065651 0.045752
3 0.518120 0.360878 0.059349 0.032680