2 0.105305 0.208683 0.011029 0.036415
2 0.117122 0.212885 0.010504 0.035481
3 0.158088 0.192344 0.042017 0.065359
3 0.200893 0.154528 0.046744 0.062558
0 0.237658 0.275910 0.012080 0.047619
3 0.664653 0.235294 0.066702 0.059757
3 0.062237 0.271242 0.071954 0.053221
0 0.497374 0.112979 0.008403 0.041083
0 0.605567 0.124183 0.014706 0.033613
6 0.465599 0.289449 0.023634 0.067227
0 0.658876 0.668067 0.016282 0.028945
0 0.650998 0.633053 0.013130 0.031746
0 0.640494 0.383754 0.011029 0.041083
0 0.653624 0.384687 0.008929 0.044818
0 0.629989 0.379085 0.008929 0.037348
0 0.887868 0.822129 0.017332 0.043884
0 0.488708 0.115780 0.008929 0.037348
0 0.645221 0.660598 0.014181 0.043884
3 0.565914 0.209617 0.061450 0.060691
0 0.767332 0.280579 0.014706 0.040149
3 0.590599 0.851541 0.040441 0.140056
2 0.622637 0.284314 0.023634 0.032680
3 0.368435 0.496732 0.057248 0.123249
3 0.386817 0.732493 0.049895 0.146592
3 0.443277 0.482260 0.038866 0.126050
0 0.626838 0.894958 0.015231 0.047619
2 0.665704 0.979458 0.036239 0.031746
2 0.734769 0.985994 0.031513 0.022409
2 0.688288 0.823996 0.034139 0.038282
2 0.672269 0.742764 0.031513 0.040149
2 0.055410 0.896825 0.037290 0.047619
2 0.029149 0.816527 0.040441 0.042017
2 0.009716 0.741363 0.019433 0.042951
2 0.012342 0.793184 0.024685 0.028945
2 0.316176 0.556022 0.018908 0.043884
6 0.275998 0.460784 0.036239 0.096172
3 0.362658 0.209617 0.033088 0.090570
3 0.378414 0.070028 0.026786 0.074697
3 0.973739 0.501401 0.051471 0.061625
3 0.750263 0.305789 0.071954 0.055089
2 0.463498 0.179739 0.009979 0.055089
0 0.750263 0.280579 0.009979 0.043884
2 0.084034 0.535014 0.033613 0.039216
0 0.978729 0.542951 0.020483 0.049486
0 0.249475 0.115313 0.009454 0.042017
2 0.484769 0.197012 0.010504 0.048553
2 0.502363 0.245565 0.013130 0.048553
2 0.552258 0.386555 0.011029 0.044818
0 0.609506 0.423903 0.011029 0.044818
0 0.563813 0.388889 0.008929 0.042017
0 0.596376 0.455649 0.011029 0.044818
2 0.529149 0.226891 0.017332 0.044818
0 0.666754 0.451914 0.011029 0.041083
2 0.518645 0.292250 0.015231 0.041083
2 0.532300 0.264239 0.021534 0.041083
2 0.438288 0.237162 0.015231 0.048553
2 0.441439 0.215686 0.017332 0.044818
2 0.616859 0.268908 0.021534 0.031746
0 0.404674 0.162465 0.011029 0.044818
2 0.801208 0.953782 0.033088 0.045752
2 0.797269 0.922035 0.025210 0.043884
9 0.759191 0.892624 0.040441 0.059757
0 0.715074 0.893557 0.013130 0.042951
0 0.723477 0.869748 0.014181 0.043884
0 0.733193 0.824930 0.016807 0.045752
0 0.742122 0.804388 0.008403 0.043884
0 0.719275 0.818394 0.014181 0.055089
0 0.724527 0.809057 0.008929 0.056956
2 0.868435 0.896359 0.033088 0.037348
2 0.876050 0.885154 0.030462 0.039216
2 0.831145 0.830532 0.024685 0.042017
2 0.839286 0.810924 0.030462 0.028945
2 0.856618 0.814659 0.024160 0.030812
2 0.854517 0.791783 0.033613 0.031746
0 0.896008 0.708683 0.016807 0.044818
2 0.822742 0.754902 0.016282 0.058824
0 0.745011 0.709150 0.015231 0.045752
0 0.737395 0.696545 0.015756 0.046685
2 0.872374 0.606909 0.018908 0.044818
2 0.889443 0.605509 0.016282 0.045752
2 0.905987 0.611111 0.023109 0.045752
0 0.618697 0.108777 0.011555 0.038282
0 0.622111 0.088702 0.007878 0.028011
0 0.625000 0.082166 0.006303 0.026144
0 0.575893 0.040149 0.012080 0.033613