3 0.763393 0.510738 0.032038 0.052288
3 0.753414 0.485061 0.026786 0.038282
0 0.824317 0.525677 0.006828 0.033613
0 0.801733 0.530345 0.008929 0.029879
3 0.626313 0.334734 0.016282 0.027077
3 0.340599 0.570962 0.066702 0.056956
3 0.445378 0.461251 0.029412 0.042951
3 0.480305 0.397759 0.021534 0.033613
3 0.503151 0.355275 0.015756 0.028945
3 0.510242 0.346405 0.014181 0.024276
3 0.516282 0.341270 0.012605 0.023343
3 0.135767 0.510738 0.050945 0.048553
3 0.575368 0.472456 0.026786 0.052288
3 0.544905 0.453315 0.019433 0.038282
3 0.560662 0.393091 0.014181 0.028011
3 0.572742 0.519608 0.026786 0.051354
3 0.870011 0.659664 0.067752 0.056956
3 0.580620 0.422969 0.016282 0.028011
3 0.707458 0.866480 0.055672 0.121382
3 0.584034 0.403828 0.015756 0.028945
3 0.533876 0.501867 0.025735 0.056956
3 0.542017 0.398693 0.018908 0.033613
9 0.637342 0.326797 0.013130 0.029879
9 0.644695 0.329132 0.011029 0.025210
1 0.636029 0.329132 0.008403 0.027077
1 0.642857 0.330065 0.010504 0.025210
0 0.797006 0.466853 0.011029 0.037348
0 0.821166 0.533613 0.006828 0.028945
0 0.521534 0.549020 0.008403 0.041083
0 0.520221 0.558357 0.008929 0.041083
3 0.741597 0.459384 0.024160 0.033613
1 0.540966 0.560691 0.011555 0.043884
2 0.537553 0.573763 0.021534 0.025210
9 0.583246 0.577498 0.022584 0.032680
1 0.579569 0.569094 0.011029 0.038282
0 0.931197 0.553688 0.007353 0.041083
0 0.815389 0.502334 0.011029 0.044818
0 0.936712 0.550887 0.008929 0.029879
9 0.731880 0.487862 0.012080 0.028945
1 0.732405 0.478058 0.009979 0.029879
3 0.533613 0.306256 0.013655 0.024276
3 0.576943 0.446779 0.020483 0.038282
3 0.576155 0.340336 0.014706 0.025210
3 0.585872 0.383287 0.014181 0.023343
3 0.511029 0.491597 0.024160 0.045752
3 0.941964 0.627451 0.077206 0.063492
2 0.492122 0.742297 0.030462 0.041083
1 0.490021 0.726891 0.016807 0.053221
2 0.345851 0.609244 0.025735 0.028945
1 0.342437 0.594771 0.011555 0.052288
0 0.834296 0.515406 0.008929 0.037348
0 0.521796 0.559290 0.008929 0.041083
0 0.633141 0.506069 0.008929 0.037348