0 0.093015 0.897386 0.018382 0.071895
5 0.269118 0.456209 0.025000 0.054902
9 0.403676 0.509150 0.011765 0.032680
9 0.377206 0.416340 0.008824 0.027451
9 0.410294 0.379739 0.013235 0.027451
9 0.379779 0.515686 0.011029 0.035294
0 0.143015 0.693464 0.016912 0.043137
6 0.291544 0.575817 0.024265 0.037908
3 0.507353 0.518301 0.025000 0.045752
3 0.065074 0.894771 0.071324 0.100654
3 0.951471 0.953595 0.095588 0.079739
3 0.894853 0.832026 0.097059 0.084967
7 0.145956 0.893464 0.063971 0.103268
5 0.834191 0.732680 0.097794 0.069281
3 0.824632 0.700000 0.069853 0.056209
3 0.809191 0.666667 0.072794 0.057516
3 0.652206 0.554902 0.032353 0.048366
3 0.876838 0.791503 0.080147 0.053595
3 0.746691 0.613725 0.059559 0.053595
3 0.361397 0.544444 0.025735 0.053595
4 0.218382 0.624837 0.058824 0.062745
3 0.329779 0.524837 0.041912 0.056209
7 0.255147 0.701307 0.041176 0.071895
3 0.218382 0.546405 0.063235 0.041830
7 0.257353 0.650327 0.038235 0.056209
0 0.727206 0.712418 0.013235 0.049673
1 0.085294 0.789542 0.016176 0.047059
9 0.087868 0.804575 0.038971 0.040523
1 0.213235 0.694118 0.017647 0.039216
6 0.215074 0.720261 0.044853 0.062745
3 0.259191 0.484314 0.047794 0.035294
7 0.062132 0.718954 0.041912 0.065359
7 0.084926 0.745752 0.080147 0.079739
3 0.223529 0.529412 0.060294 0.041830
7 0.131250 0.711765 0.033088 0.066667
3 0.327206 0.501961 0.025000 0.041830
7 0.021691 0.956863 0.043382 0.083660
3 0.662868 0.516340 0.046324 0.041830
3 0.315809 0.422222 0.041912 0.033987
7 0.025735 0.717647 0.044118 0.065359
3 0.523162 0.356863 0.013971 0.026144
6 0.276838 0.606536 0.024265 0.041830
3 0.301838 0.394771 0.034559 0.028758
3 0.300735 0.371242 0.027941 0.026144
3 0.318015 0.409150 0.033088 0.026144
4 0.388603 0.364052 0.021324 0.027451
4 0.394485 0.350327 0.015441 0.026144
1 0.012500 0.776471 0.017647 0.044444
9 0.013603 0.794771 0.027206 0.031373
0 0.104412 0.903922 0.017647 0.074510
6 0.323162 0.602614 0.018382 0.036601
5 0.580147 0.373203 0.020588 0.037908
3 0.665441 0.432026 0.041176 0.037908
3 0.711765 0.512418 0.050000 0.039216
3 0.677206 0.468627 0.044118 0.032680
3 0.642647 0.410458 0.038235 0.028758
9 0.716544 0.558170 0.012500 0.031373
1 0.380147 0.506536 0.008824 0.027451
1 0.404412 0.500000 0.008824 0.024837
0 0.134559 0.500000 0.010294 0.032680
1 0.377206 0.415686 0.007353 0.020915
3 0.642647 0.409150 0.044118 0.039216
3 0.634559 0.396078 0.044118 0.039216
6 0.632353 0.438562 0.025000 0.027451
6 0.270221 0.415033 0.030147 0.027451
3 0.566912 0.340523 0.022059 0.022222
3 0.593015 0.348366 0.031618 0.027451
5 0.607353 0.368627 0.036765 0.033987
1 0.419485 0.342484 0.006618 0.015686
1 0.409191 0.375817 0.006618 0.019608
0 0.329044 0.386928 0.008088 0.026144
0 0.335294 0.387582 0.008824 0.030065
0 0.343015 0.388889 0.009559 0.024837
1 0.568750 0.388235 0.008088 0.018301