3 0.045956 0.179272 0.084559 0.063492
2 0.205620 0.143791 0.013130 0.033613
2 0.217700 0.154528 0.011029 0.042017
2 0.231355 0.144725 0.012080 0.039216
3 0.262868 0.141457 0.038340 0.077498
3 0.315914 0.101307 0.047794 0.088702
0 0.220851 0.794118 0.017332 0.051354
3 0.857405 0.345005 0.084559 0.084967
0 0.791492 0.356676 0.015756 0.044818
0 0.803571 0.355275 0.015756 0.043884
3 0.152574 0.207750 0.079307 0.064426
2 0.629464 0.281046 0.013130 0.048553
0 0.659139 0.132120 0.008403 0.045752
0 0.799107 0.192810 0.015231 0.043884
0 0.109506 0.154995 0.011029 0.048553
0 0.805935 0.176004 0.015231 0.042017
0 0.866597 0.186275 0.015756 0.045752
2 0.401523 0.952848 0.044643 0.058824
0 0.784664 0.963119 0.015756 0.040149
0 0.789916 0.930439 0.017857 0.042017
0 0.815914 0.897759 0.017332 0.042017
0 0.836134 0.878618 0.021008 0.042951
0 0.809611 0.876284 0.015231 0.043884
6 0.444853 0.335668 0.037815 0.053221
2 0.350315 0.200280 0.027311 0.032680
1 0.349527 0.182073 0.007878 0.029879
0 0.647847 0.134454 0.011029 0.041083
0 0.769433 0.948179 0.015756 0.040149
3 0.731355 0.276377 0.075105 0.085901
0 0.221376 0.704482 0.020483 0.049486
2 0.259716 0.490663 0.026786 0.040149
9 0.127101 0.435574 0.049370 0.045752
2 0.696691 0.300654 0.025735 0.041083
0 0.775210 0.063492 0.015756 0.042951
3 0.400998 0.598506 0.070903 0.181139
3 0.567489 0.235761 0.033088 0.114846
3 0.108456 0.274977 0.082458 0.073763
2 0.670168 0.145658 0.014706 0.044818
0 0.762868 0.165733 0.017332 0.043884
0 0.107405 0.125117 0.014181 0.044818
0 0.810399 0.066760 0.010504 0.045752
0 0.757090 0.105509 0.014181 0.041083
9 0.013393 0.778245 0.026786 0.040149
9 0.013655 0.842670 0.027311 0.038282
9 0.023897 0.892157 0.047794 0.047619
0 0.068540 0.048086 0.023634 0.049486
3 0.043855 0.358077 0.087710 0.079365