3 0.404937 0.897292 0.072479 0.199813
0 0.107931 0.711485 0.015231 0.050420
0 0.103992 0.645191 0.026261 0.069094
1 0.259191 0.437442 0.014181 0.043884
1 0.718225 0.319328 0.015231 0.037348
9 0.717700 0.334734 0.032038 0.032680
3 0.394958 0.074697 0.032563 0.024276
3 0.399685 0.054155 0.029412 0.024276
3 0.367910 0.633987 0.055147 0.162465
9 0.301733 0.708683 0.020483 0.067227
1 0.301208 0.690943 0.018382 0.063492
9 0.307248 0.546685 0.017857 0.056956
1 0.305410 0.531746 0.015231 0.047619
3 0.071429 0.569561 0.115546 0.106443
3 0.083508 0.410364 0.079832 0.073763
3 0.073792 0.248833 0.041492 0.064426
3 0.089548 0.359477 0.092962 0.076564
3 0.263393 0.233427 0.060399 0.048553
3 0.448267 0.363679 0.039391 0.092437
3 0.342962 0.213819 0.065126 0.057890
3 0.414916 0.194678 0.029412 0.066293
3 0.377363 0.144258 0.037290 0.038282
3 0.835872 0.367414 0.083508 0.070028
5 0.956145 0.362278 0.085609 0.084034
4 0.730042 0.311858 0.068277 0.063492
9 0.713235 0.350607 0.024160 0.030812
1 0.716124 0.331933 0.014181 0.032680
3 0.633666 0.202614 0.061450 0.057890
3 0.620011 0.173669 0.055147 0.044818
3 0.454832 0.239963 0.031513 0.080299
3 0.561712 0.236695 0.034139 0.056956
3 0.511817 0.216153 0.026786 0.053221
3 0.515494 0.165733 0.023634 0.047619
3 0.475053 0.044351 0.019433 0.042017
3 0.479517 0.015406 0.015756 0.027077
7 0.435399 0.060691 0.023109 0.041083
9 0.555410 0.153128 0.009979 0.037348
1 0.555410 0.142857 0.008929 0.031746
9 0.411502 0.150794 0.012080 0.034547
9 0.456145 0.075163 0.009979 0.027077
9 0.447216 0.147059 0.008929 0.034547
9 0.382616 0.238562 0.015231 0.036415
9 0.319065 0.354342 0.017332 0.045752
1 0.318540 0.345938 0.015231 0.051354
9 0.236870 0.408964 0.035714 0.035481
1 0.231355 0.390756 0.015231 0.045752
9 0.277311 0.429972 0.031513 0.032680
1 0.271534 0.417367 0.016807 0.046685
9 0.265494 0.455182 0.033088 0.043884
3 0.409139 0.021475 0.031513 0.028011
3 0.014706 0.233427 0.029412 0.054155
3 0.433561 0.031279 0.016282 0.038282