5 0.659401 0.388422 0.020483 0.039216
3 0.551208 0.250700 0.021534 0.045752
3 0.593750 0.437442 0.018382 0.038282
3 0.598477 0.509804 0.028887 0.042951
3 0.480305 0.289449 0.032038 0.024276
3 0.697742 0.198413 0.018382 0.027077
4 0.568803 0.258637 0.010504 0.020542
3 0.431460 0.774977 0.028887 0.074697
3 0.468225 0.416900 0.015231 0.032680
3 0.519695 0.204015 0.009979 0.017740
3 0.386292 0.523810 0.024685 0.046685
3 0.413078 0.426237 0.020483 0.040149
3 0.428309 0.349206 0.012080 0.033613
3 0.459821 0.344071 0.012080 0.028945
4 0.488183 0.268908 0.016282 0.037348
8 0.659926 0.838002 0.067752 0.161531
5 0.553309 0.159197 0.014181 0.030812