0 0.909226 0.240741 0.023810 0.082011
0 0.813616 0.230820 0.020089 0.070106
0 0.921875 0.318122 0.026786 0.099206
0 0.697917 0.149471 0.011905 0.047619
0 0.340402 0.154101 0.017113 0.054233
0 0.323661 0.154101 0.011905 0.062169
0 0.364955 0.178571 0.012649 0.052910
0 0.192708 0.107804 0.016369 0.048942
0 0.929315 0.277116 0.023810 0.064815
1 0.568824 0.023810 0.014137 0.026455
2 0.569568 0.036376 0.027530 0.025132
0 0.531250 0.474206 0.037202 0.146825
0 0.880208 0.265873 0.019345 0.097884
0 0.673735 0.187831 0.017113 0.066138
0 0.702753 0.737434 0.046875 0.239418
0 0.389881 0.520503 0.037202 0.146825
0 0.455729 0.441799 0.040923 0.142857
0 0.189360 0.484788 0.031994 0.162698
0 0.318452 0.464947 0.026786 0.144180
0 0.424107 0.443783 0.031250 0.093915
0 0.253348 0.537037 0.034970 0.166667
0 0.523065 0.685185 0.041667 0.216931
0 0.366815 0.407407 0.020833 0.126984
0 0.213542 0.369048 0.029762 0.124339
0 0.362351 0.321429 0.020833 0.103175
0 0.434896 0.312831 0.020089 0.101852
0 0.556548 0.216270 0.017857 0.085979
0 0.903274 0.330688 0.032738 0.126984
0 0.431548 0.299603 0.028274 0.107143
1 0.796131 0.290344 0.020833 0.083333
0 0.819196 0.285053 0.025298 0.080688
0 0.400298 0.182540 0.013393 0.039683
1 0.549479 0.339286 0.024554 0.067460
1 0.529018 0.329365 0.022321 0.066138
0 0.567336 0.171958 0.012649 0.060847
0 0.135789 0.335979 0.021577 0.058201
1 0.096354 0.335979 0.031994 0.060847
2 0.435268 0.360450 0.037202 0.062169
0 0.622768 0.157407 0.014881 0.071429
1 0.142113 0.136243 0.010417 0.026455
0 0.180432 0.136243 0.015625 0.047619
0 0.795759 0.193122 0.018601 0.052910
0 0.416295 0.115741 0.014137 0.051587
0 0.393601 0.099868 0.010417 0.048942
1 0.132812 0.122354 0.017113 0.030423
1 0.118676 0.119048 0.017113 0.029101
0 0.230283 0.138228 0.012649 0.046296
0 0.750000 0.237434 0.017857 0.083333
0 0.982515 0.429894 0.033482 0.148148
0 0.952009 0.240741 0.023065 0.066138
0 0.607515 0.107804 0.012649 0.041005
0 0.600074 0.089286 0.011161 0.033069
1 0.917039 0.196429 0.020089 0.038360
1 0.953125 0.205026 0.019345 0.031746
1 0.936384 0.201058 0.018601 0.034392