3 0.755252 0.526611 0.031513 0.052288
3 0.745011 0.498133 0.026786 0.036415
3 0.425683 0.901027 0.055147 0.128852
3 0.649422 0.566760 0.030987 0.061625
3 0.535977 0.738562 0.039391 0.097106
3 0.498162 0.668067 0.034139 0.062558
3 0.513130 0.590570 0.032563 0.066293
4 0.521271 0.542951 0.021534 0.042017
3 0.611345 0.492530 0.021008 0.042017
3 0.614758 0.449580 0.021534 0.038282
3 0.563813 0.567227 0.026786 0.055089
4 0.563550 0.517274 0.023109 0.054155
3 0.532826 0.514006 0.020483 0.043884
3 0.541229 0.471522 0.020483 0.039216
3 0.243960 0.596172 0.068803 0.047619
3 0.612920 0.395892 0.017857 0.031746
3 0.613183 0.364613 0.016282 0.028945
3 0.533876 0.434174 0.021534 0.031746
3 0.549632 0.621849 0.026786 0.070962
3 0.622374 0.336134 0.013655 0.024276
3 0.610032 0.343604 0.016282 0.024276
3 0.440126 0.477124 0.029412 0.041083
3 0.475053 0.412698 0.021534 0.033613
3 0.498162 0.370215 0.015231 0.028945
3 0.503414 0.361345 0.014181 0.024276
3 0.509979 0.352007 0.012605 0.022409
3 0.132090 0.526611 0.050945 0.048553
3 0.574055 0.445378 0.023109 0.042951
3 0.560399 0.387021 0.013655 0.023343
3 0.570116 0.485061 0.021534 0.038282
3 0.577468 0.403361 0.016282 0.024276
3 0.584034 0.385154 0.014706 0.028945
3 0.544643 0.443978 0.021008 0.038282
3 0.535714 0.413632 0.017857 0.033613
9 0.747637 0.761905 0.034139 0.041083
1 0.747111 0.752568 0.015231 0.052288
9 0.782300 0.750233 0.027836 0.047619
9 0.650473 0.495798 0.013130 0.044818
9 0.664653 0.499066 0.012080 0.040149
1 0.650473 0.494865 0.008929 0.041083
1 0.663340 0.493931 0.010504 0.041083
0 0.820378 0.557890 0.013655 0.049486
0 0.680410 0.573763 0.008929 0.040149
0 0.698529 0.580299 0.008403 0.040149
3 0.735032 0.475257 0.026786 0.031746
1 0.715336 0.588702 0.011555 0.043884
2 0.712710 0.598973 0.021008 0.025210
9 0.466912 0.586368 0.014706 0.033613
1 0.466387 0.576564 0.010504 0.038282
9 0.252363 0.911298 0.019433 0.059757
1 0.253151 0.888889 0.015756 0.052288
2 0.306460 0.714286 0.015231 0.048553
1 0.307248 0.707283 0.009454 0.043884
0 0.942752 0.569094 0.007353 0.040149
0 0.884716 0.558357 0.011029 0.044818
1 0.782826 0.749300 0.017332 0.062558
1 0.906513 0.969188 0.021008 0.057890
2 0.450105 0.507003 0.012605 0.018674
1 0.449842 0.500000 0.007878 0.025210
3 0.528099 0.314659 0.013130 0.022409
3 0.577206 0.424837 0.018908 0.031746
3 0.585347 0.346405 0.013130 0.022409
3 0.556460 0.413632 0.016282 0.028011
0 0.898897 0.560224 0.007878 0.037348
0 0.689338 0.580299 0.008929 0.042017
0 0.670168 0.482726 0.008403 0.037348