3 0.503676 0.314192 0.034664 0.064426
3 0.579832 0.254902 0.043067 0.063492
3 0.047006 0.743231 0.094013 0.112045
4 0.137605 0.673203 0.108193 0.141923
3 0.339811 0.344538 0.049370 0.085901
3 0.390494 0.740896 0.069853 0.182073
3 0.477941 0.211951 0.038866 0.059757
3 0.498162 0.019141 0.020483 0.032680
7 0.579307 0.175070 0.039916 0.053221
3 0.428571 0.284314 0.032563 0.073763
3 0.435399 0.179739 0.026261 0.055089
3 0.455357 0.098506 0.024160 0.051354
3 0.542279 0.108777 0.026786 0.040149
3 0.576418 0.513072 0.047794 0.103641
3 0.460609 0.059290 0.017857 0.042017
3 0.429359 0.070495 0.021534 0.040149
9 0.350578 0.530345 0.020483 0.065359
1 0.347689 0.509804 0.017857 0.046685
1 0.258403 0.807656 0.024160 0.076564
9 0.259716 0.827731 0.026786 0.096172
1 0.530725 0.019141 0.006828 0.019608
9 0.531250 0.026611 0.007878 0.025210
1 0.521534 0.023343 0.007353 0.020542
9 0.522059 0.031746 0.009454 0.022409
9 0.342962 0.477591 0.018908 0.042017
1 0.340599 0.453782 0.015231 0.039216
1 0.652311 0.627451 0.019958 0.067227
9 0.652574 0.650327 0.019433 0.070028
0 0.207195 0.377218 0.019433 0.056022
0 0.235557 0.318394 0.015231 0.050420
1 0.311975 0.216153 0.009454 0.032680
6 0.405987 0.171802 0.017857 0.041083
1 0.405462 0.163866 0.009454 0.030812
0 0.504989 0.101774 0.009979 0.039216
1 0.415704 0.119981 0.008929 0.025210
9 0.416229 0.135387 0.008929 0.028011
1 0.410977 0.108310 0.007878 0.024276
9 0.410452 0.123249 0.009979 0.024276
9 0.909401 0.144258 0.008929 0.027077
9 0.881040 0.134454 0.012080 0.029879
0 0.894958 0.118581 0.010504 0.029879
0 0.894433 0.131186 0.010504 0.038282
0 0.883141 0.121849 0.008929 0.032680
0 0.841649 0.133987 0.008929 0.032680
3 0.403361 0.012138 0.029412 0.024276
3 0.443277 0.019141 0.019958 0.032680
3 0.209296 0.280579 0.069853 0.064426
3 0.189338 0.217554 0.062500 0.050420
3 0.188025 0.185341 0.075630 0.055089
3 0.367122 0.095705 0.049370 0.036415
3 0.388130 0.055089 0.037815 0.035481
3 0.739233 0.181606 0.062500 0.051354
5 0.830095 0.175070 0.067752 0.055089
9 0.727679 0.169935 0.022584 0.022409
1 0.729517 0.164799 0.012605 0.030812
3 0.596113 0.083567 0.051471 0.049486
3 0.586397 0.071429 0.047794 0.038282
3 0.511555 0.443044 0.042017 0.094304
9 0.598477 0.422502 0.018382 0.062558
1 0.598739 0.407096 0.015756 0.052288
9 0.356092 0.396825 0.019958 0.050420
1 0.355042 0.378618 0.017857 0.049486
9 0.332721 0.222689 0.022584 0.025210
1 0.331933 0.209150 0.011555 0.031746
9 0.312763 0.229225 0.023634 0.025210
9 0.042805 0.555089 0.043592 0.053221