3 0.497024 0.496032 0.032738 0.082011
3 0.418155 0.943122 0.061012 0.105820
3 0.542411 0.496693 0.032738 0.075397
3 0.761161 0.194444 0.043155 0.034392
3 0.888765 0.201720 0.048363 0.038360
0 0.686384 0.170635 0.009673 0.029101
0 0.709821 0.176587 0.010417 0.027778
3 0.601935 0.029762 0.014881 0.030423
3 0.610863 0.125000 0.028274 0.033069
3 0.566592 0.097884 0.012649 0.031746
3 0.538690 0.134921 0.017857 0.031746
3 0.582961 0.431217 0.027530 0.066138
3 0.455357 0.451720 0.046131 0.067460
3 0.447173 0.247354 0.026786 0.047619
3 0.281622 0.692460 0.067708 0.138889
6 0.127232 0.608466 0.072917 0.126984
3 0.388021 0.283069 0.031994 0.055556
3 0.479167 0.106481 0.019345 0.030423
0 0.696801 0.091931 0.008185 0.022487
0 0.684152 0.089286 0.008185 0.022487
0 0.435268 0.501984 0.010417 0.030423
5 0.237723 0.273810 0.066220 0.050265
1 0.582589 0.234788 0.005952 0.017196
9 0.581845 0.248677 0.005952 0.018519