3 0.500372 0.523810 0.031994 0.068783
3 0.509673 0.339947 0.029762 0.042328
3 0.540551 0.380291 0.023065 0.041005
3 0.540551 0.779762 0.042411 0.125661
4 0.719866 0.824074 0.055804 0.116402
3 0.310268 0.551587 0.044643 0.082011
3 0.637649 0.582011 0.032738 0.076720
5 0.021949 0.935185 0.043899 0.089947
4 0.158482 0.661376 0.058036 0.074074
3 0.430060 0.456349 0.031250 0.074074
3 0.175595 0.375661 0.026786 0.044974
3 0.213170 0.378307 0.027530 0.042328
3 0.247396 0.370370 0.031994 0.044974
3 0.280506 0.372354 0.032738 0.041005
3 0.492932 0.293651 0.021577 0.037037
5 0.423735 0.321429 0.034970 0.076720
7 0.377604 0.371032 0.029018 0.051587
9 0.482515 0.269841 0.012649 0.026455
9 0.483259 0.235450 0.014137 0.029101
3 0.722098 0.431878 0.046875 0.041005
9 0.370164 0.609788 0.017113 0.055556
3 0.565848 0.264550 0.017113 0.029101
3 0.485491 0.705688 0.040923 0.104497