3 0.138579 0.311839 0.032366 0.032407
1 0.267857 0.503307 0.009673 0.034392
2 0.269903 0.517857 0.013021 0.030423
2 0.287574 0.517196 0.011161 0.030423
1 0.287946 0.502646 0.011161 0.039683
9 0.280320 0.557540 0.017485 0.034392
1 0.278646 0.540013 0.014137 0.039021
3 0.476749 0.524471 0.036830 0.067460
4 0.468192 0.414352 0.030878 0.062831
4 0.517299 0.404431 0.030134 0.052249
3 0.455543 0.294643 0.019717 0.031085
1 0.665737 0.584325 0.011533 0.032407
1 0.664435 0.572751 0.014881 0.044974
2 0.664062 0.583003 0.017113 0.046958
8 0.490885 0.264881 0.036830 0.069444
3 0.287760 0.762897 0.064360 0.128968
3 0.436384 0.407407 0.023810 0.050265
8 0.348400 0.477183 0.072545 0.169974
3 0.406064 0.405423 0.026414 0.050265
3 0.498140 0.348214 0.028274 0.039021
4 0.847470 0.614418 0.084077 0.087302
3 0.970610 0.689153 0.058036 0.078042
4 0.609933 0.472222 0.052455 0.058201
3 0.869234 0.607143 0.094122 0.084656
4 0.468192 0.740410 0.047247 0.119709
4 0.550409 0.718915 0.047247 0.113757
4 0.594122 0.964947 0.060268 0.059524
6 0.598028 0.431878 0.026414 0.056878
1 0.604725 0.428241 0.013021 0.039021
2 0.490141 0.233796 0.008557 0.025794
5 0.158668 0.381944 0.061384 0.053571
3 0.041667 0.356812 0.037946 0.040344
4 0.909784 0.240410 0.018229 0.037698
0 0.913876 0.262897 0.008557 0.032407
4 0.977121 0.345569 0.027158 0.039021
3 0.964472 0.323743 0.024182 0.031085
3 0.953311 0.311177 0.021205 0.035053
3 0.412574 0.339286 0.021577 0.042328
3 0.420945 0.300926 0.019717 0.041005
3 0.413504 0.275132 0.015253 0.030423
4 0.386719 0.308862 0.018229 0.033069
4 0.389323 0.268519 0.017485 0.030423
3 0.375558 0.367394 0.026414 0.042989
4 0.410156 0.253968 0.015997 0.026455
3 0.381882 0.237765 0.017485 0.025794
4 0.381882 0.221892 0.014509 0.031085
3 0.374070 0.208003 0.011533 0.024471
4 0.366071 0.182209 0.011161 0.027116
3 0.414249 0.230159 0.014509 0.023810
5 0.403832 0.208995 0.021205 0.027778
3 0.390067 0.204696 0.014509 0.021825
3 0.345238 0.182870 0.015625 0.024471
3 0.389695 0.191468 0.015253 0.019180
4 0.388951 0.181548 0.010045 0.020503
5 0.265067 0.194114 0.024926 0.044312