9 0.186765 0.874510 0.022059 0.052288
9 0.299632 0.603268 0.012500 0.037908
0 0.240809 0.574510 0.012500 0.045752
0 0.100368 0.488235 0.012500 0.032680
0 0.222426 0.404575 0.009559 0.027451
9 0.338235 0.546405 0.010294 0.033987
9 0.369118 0.503922 0.011765 0.030065
9 0.365074 0.475163 0.009559 0.027451
7 0.139706 0.564706 0.051471 0.047059
5 0.309191 0.375817 0.021324 0.043137
6 0.178309 0.528105 0.065441 0.047059
6 0.333456 0.448366 0.019853 0.031373
0 0.629044 0.602614 0.011029 0.039216
3 0.229412 0.569935 0.044118 0.047059
3 0.733456 0.597386 0.061029 0.044444
3 0.709191 0.553595 0.056618 0.043137
7 0.275368 0.573203 0.030147 0.053595
5 0.690074 0.515686 0.061029 0.040523
3 0.589338 0.435948 0.019853 0.032680
3 0.648162 0.466667 0.040441 0.028758
3 0.389706 0.384314 0.017647 0.026144
4 0.291544 0.468627 0.038971 0.043137
3 0.356618 0.418954 0.029412 0.037908
7 0.322059 0.499346 0.027941 0.047059
0 0.252206 0.618301 0.010294 0.044444
3 0.281618 0.427451 0.048529 0.033987
9 0.390809 0.418301 0.009559 0.023529
0 0.608088 0.467320 0.008824 0.030065
9 0.298529 0.514379 0.035294 0.037908
3 0.300368 0.396078 0.037500 0.026144
7 0.207353 0.507190 0.027941 0.041830
7 0.220588 0.518301 0.047059 0.050980
7 0.209191 0.595425 0.041912 0.048366
3 0.600368 0.415033 0.037500 0.035294
3 0.337500 0.360131 0.033824 0.030065
7 0.180515 0.505229 0.025735 0.040523
4 0.493015 0.367320 0.013971 0.031373
3 0.592647 0.775163 0.044118 0.078431
6 0.324632 0.464706 0.021324 0.035294
3 0.323897 0.342484 0.028676 0.023529
3 0.319485 0.329412 0.022794 0.026144
9 0.382353 0.442484 0.010294 0.024837
0 0.255882 0.577778 0.013235 0.041830
6 0.379779 0.416340 0.012500 0.024837
3 0.609926 0.366667 0.033088 0.030065
0 0.225735 0.410458 0.010294 0.026144
6 0.301103 0.354902 0.021324 0.024837
1 0.564338 0.409804 0.009559 0.024837
0 0.642279 0.560131 0.012500 0.035294
0 0.469485 0.858824 0.016912 0.065359
3 0.520956 0.441176 0.018382 0.037908
3 0.534191 0.567974 0.027206 0.048366
3 0.251838 0.867320 0.061029 0.118954
3 0.416176 0.479085 0.020588 0.040523
3 0.236029 0.541830 0.063235 0.048366
6 0.092647 0.516993 0.052941 0.050980
6 0.094118 0.574510 0.051471 0.048366