4 0.853423 0.722222 0.022321 0.026455
4 0.837054 0.689153 0.023810 0.026455
4 0.873140 0.605159 0.018601 0.046296
3 0.882812 0.677249 0.012649 0.042328
3 0.126860 0.599206 0.027530 0.034392
3 0.201265 0.488095 0.026042 0.034392
3 0.013021 0.613095 0.023065 0.048942
3 0.856399 0.185847 0.026786 0.030423
5 0.962426 0.127646 0.030506 0.035714
5 0.716890 0.158730 0.020089 0.039683
4 0.741071 0.238757 0.025298 0.022487
3 0.300967 0.230159 0.018601 0.055556
3 0.260789 0.207672 0.018601 0.044974
4 0.252232 0.157407 0.017857 0.052910
4 0.285342 0.152116 0.017113 0.044974
8 0.750000 0.306217 0.063988 0.030423
4 0.597470 0.180556 0.023810 0.038360
4 0.341518 0.044312 0.017857 0.038360
3 0.356771 0.126984 0.018601 0.044974
3 0.379464 0.238095 0.016369 0.037037
3 0.119792 0.633598 0.025298 0.031746
3 0.428943 0.667989 0.024554 0.050265
4 0.466890 0.775132 0.021577 0.050265
7 0.399182 0.256614 0.012649 0.029101
7 0.421875 0.440476 0.013393 0.034392
7 0.494048 0.746693 0.010417 0.027778
3 0.314732 0.172619 0.020833 0.048942
9 0.323289 0.282407 0.014137 0.038360
9 0.271577 0.558862 0.013393 0.019841
9 0.809152 0.225529 0.011161 0.019841
0 0.702009 0.216270 0.014137 0.017196
0 0.702381 0.228836 0.013393 0.013228
9 0.616443 0.664021 0.014137 0.018519
9 0.456473 0.867063 0.009673 0.019841
0 0.267857 0.163360 0.008929 0.014550
0 0.242932 0.463624 0.009673 0.014550
4 0.747768 0.355159 0.028274 0.025132
3 0.575521 0.396164 0.024554 0.025132
3 0.207961 0.645503 0.030506 0.037037
5 0.238095 0.623677 0.028274 0.027778
5 0.269345 0.607804 0.029762 0.033069
4 0.827009 0.347222 0.030506 0.030423
4 0.604911 0.384259 0.023810 0.022487
3 0.645089 0.382937 0.028274 0.025132
3 0.647321 0.647487 0.026786 0.038360
4 0.654762 0.687169 0.026786 0.041005
3 0.674851 0.609127 0.026786 0.038360
3 0.690848 0.630291 0.026042 0.041005
4 0.860491 0.392196 0.027530 0.035714
3 0.434896 0.591270 0.021577 0.052910
7 0.745908 0.170635 0.014137 0.031746
3 0.043155 0.214286 0.025298 0.031746
7 0.334077 0.107143 0.013393 0.042328
0 0.139137 0.564153 0.010417 0.014550