3 0.547269 0.258170 0.050420 0.075630
3 0.568540 0.584967 0.081408 0.127918
3 0.612920 0.464519 0.065126 0.126050
3 0.612132 0.169468 0.038340 0.060691
3 0.487920 0.156863 0.044118 0.061625
3 0.528361 0.131653 0.036765 0.056022
3 0.559874 0.105976 0.037815 0.051354
3 0.608456 0.061158 0.027836 0.047619
3 0.630252 0.091970 0.032563 0.045752
3 0.702468 0.266573 0.053046 0.075630
3 0.728729 0.211485 0.041492 0.071895
3 0.740809 0.167134 0.037290 0.052288
3 0.763918 0.273576 0.053046 0.076564
3 0.814863 0.314659 0.089811 0.063492
3 0.809611 0.359477 0.096113 0.069094
3 0.806197 0.416433 0.106092 0.084034
3 0.781513 0.550887 0.079832 0.123249
3 0.815651 0.701214 0.163866 0.190476
3 0.780987 0.866013 0.198529 0.204482
3 0.884191 0.372549 0.040441 0.089636
0 0.619485 0.822129 0.034139 0.111111
9 0.716387 0.500467 0.033613 0.059757
9 0.724527 0.470121 0.029937 0.060691
0 0.855830 0.461718 0.027836 0.077498
0 0.863445 0.497666 0.025210 0.085901
3 0.175158 0.260971 0.046744 0.066293
3 0.214023 0.254435 0.048845 0.066293
3 0.297006 0.211485 0.059349 0.060691
3 0.329044 0.146125 0.043592 0.055089
3 0.665704 0.089636 0.030987 0.048553
3 0.630515 0.046218 0.021534 0.036415
3 0.641544 0.035014 0.024685 0.038282
3 0.653624 0.025677 0.021534 0.032680
3 0.663078 0.020075 0.021534 0.038282
3 0.677258 0.011671 0.024685 0.023343
9 0.910452 0.635387 0.049895 0.066293
9 0.919905 0.502801 0.027836 0.077498