3 0.180147 0.446312 0.096639 0.078431
3 0.372374 0.410364 0.080882 0.070028
3 0.726628 0.556956 0.104517 0.083100
3 0.541492 0.562092 0.098739 0.082166
3 0.335872 0.468721 0.094013 0.078431
3 0.576418 0.100373 0.025735 0.047619
1 0.659401 0.794585 0.023634 0.059757
0 0.081408 0.733427 0.023109 0.064426
0 0.144433 0.765640 0.023109 0.078431
0 0.118960 0.717554 0.020483 0.064426
9 0.246849 0.316527 0.030462 0.044818
0 0.165441 0.249300 0.012605 0.050420
0 0.365546 0.239963 0.009454 0.035481
9 0.107405 0.389823 0.029937 0.036415
1 0.105042 0.374883 0.017857 0.045752
9 0.355305 0.201681 0.020483 0.033613
2 0.014181 0.351074 0.021008 0.052288
0 0.709296 0.209617 0.015231 0.042017
0 0.717962 0.208683 0.014706 0.043884
0 0.980830 0.288049 0.015231 0.045752
0 0.953519 0.270775 0.014181 0.044818
0 0.365284 0.124650 0.011029 0.042017
0 0.367910 0.104108 0.006828 0.030812
1 0.451943 0.040616 0.013130 0.034547
1 0.460347 0.035948 0.011029 0.038282
3 0.174895 0.854809 0.111345 0.202614
3 0.485557 0.214286 0.028887 0.064426
5 0.936187 0.835201 0.126576 0.176471
3 0.830357 0.476657 0.091387 0.071895
3 0.877889 0.425770 0.087710 0.063492
3 0.588498 0.211485 0.030987 0.055089
3 0.488445 0.150794 0.025210 0.055089
3 0.539128 0.410831 0.085609 0.078431
3 0.437500 0.306723 0.034664 0.073763
3 0.439338 0.075163 0.022584 0.040149
3 0.545431 0.212418 0.034139 0.064426
3 0.647847 0.152194 0.059349 0.041083
3 0.581670 0.023810 0.045693 0.034547
3 0.445903 0.030345 0.023109 0.042017
0 0.827206 0.720822 0.022059 0.065359
6 0.664128 0.815593 0.039391 0.099907
0 0.844800 0.536415 0.020483 0.068161
1 0.731355 0.401961 0.015231 0.043884
9 0.729517 0.415033 0.026261 0.036415
0 0.866859 0.747899 0.025735 0.059757
0 0.878414 0.757236 0.025735 0.065359
0 0.863708 0.770308 0.020483 0.069094
9 0.682248 0.303455 0.012605 0.039216
9 0.718750 0.316527 0.015231 0.041083
9 0.750000 0.310924 0.014706 0.041083
9 0.787553 0.303455 0.009979 0.041083
9 0.803571 0.299720 0.012605 0.039216
9 0.861870 0.320728 0.012605 0.040149
9 0.893120 0.290850 0.014181 0.036415
2 0.905725 0.325864 0.015231 0.041083
9 0.956145 0.324930 0.022584 0.050420
1 0.439601 0.353875 0.012605 0.031746
9 0.438550 0.368814 0.019958 0.039216
1 0.501576 0.115780 0.007353 0.028011
9 0.501576 0.124183 0.009454 0.028011
9 0.857931 0.678805 0.043592 0.050420
1 0.870273 0.668534 0.019958 0.050420
0 0.285714 0.534547 0.019958 0.066293
0 0.300945 0.535481 0.021008 0.068161
1 0.484769 0.309057 0.015756 0.044818
6 0.486082 0.323529 0.023634 0.051354
1 0.402574 0.308123 0.015231 0.041083
9 0.402311 0.320728 0.025210 0.040149
1 0.224790 0.572829 0.019958 0.062558
9 0.226366 0.582166 0.034664 0.049486
0 0.256040 0.614379 0.019433 0.061625
0 0.266019 0.617647 0.020483 0.066293
9 0.335609 0.260971 0.025210 0.030812
9 0.387605 0.197479 0.025210 0.030812
9 0.387080 0.174603 0.025210 0.033613
1 0.672269 0.943044 0.027311 0.072829
9 0.669118 0.940710 0.030462 0.073763
0 0.204569 0.313725 0.019433 0.052288
0 0.196429 0.283847 0.013655 0.046685
0 0.200893 0.290383 0.014181 0.054155
0 0.211397 0.265173 0.015231 0.044818
1 0.668067 0.384220 0.017857 0.045752
9 0.665704 0.394491 0.022584 0.045752
1 0.183298 0.277311 0.014706 0.039216
9 0.185924 0.292717 0.026261 0.034547
0 0.781250 0.227824 0.014181 0.037348
0 0.783613 0.232026 0.015756 0.040149
0 0.207195 0.297386 0.015231 0.045752
0 0.068540 0.323529 0.017332 0.047619
0 0.367384 0.246032 0.012080 0.040149
0 0.438025 0.245565 0.012605 0.041083
0 0.435924 0.238562 0.012605 0.040149
0 0.374737 0.101307 0.009979 0.036415
0 0.372637 0.128385 0.011029 0.040149
0 0.689601 0.163399 0.010504 0.035481
0 0.733456 0.276844 0.015231 0.045752
0 0.715599 0.276844 0.015231 0.045752
9 0.251576 0.330532 0.028361 0.046685
9 0.086660 0.355275 0.019958 0.045752
6 0.663340 0.207283 0.036765 0.050420
9 0.617122 0.178805 0.022059 0.025210