3 0.569196 0.796296 0.020833 0.042328
4 0.564360 0.880291 0.023065 0.046296
4 0.853795 0.708995 0.021577 0.026455
4 0.837798 0.675926 0.026786 0.031746
4 0.870908 0.593254 0.018601 0.046296
3 0.889137 0.658069 0.020833 0.046296
3 0.742932 0.601852 0.023065 0.042328
3 0.710938 0.671296 0.023065 0.043651
3 0.123512 0.605820 0.031250 0.037037
3 0.196801 0.495370 0.024554 0.035714
3 0.009673 0.623016 0.019345 0.047619
3 0.853423 0.175265 0.026786 0.035714
5 0.959821 0.114418 0.031250 0.041005
4 0.713914 0.149471 0.024554 0.042328
4 0.739211 0.230159 0.030506 0.029101
3 0.297247 0.232143 0.018601 0.054233
3 0.256324 0.209656 0.017113 0.046296
3 0.249256 0.156746 0.017857 0.051587
3 0.280878 0.152116 0.018601 0.044974
3 0.328869 0.183201 0.020833 0.048942
3 0.313988 0.125661 0.019345 0.044974
3 0.298363 0.039683 0.020833 0.050265
4 0.379464 0.432540 0.023810 0.047619
3 0.387649 0.301587 0.014881 0.047619
3 0.354167 0.219577 0.011905 0.034392
8 0.743676 0.296958 0.063244 0.030423
7 0.981027 0.231481 0.023065 0.034392
3 0.594122 0.170635 0.026042 0.039683
9 0.341518 0.255291 0.010417 0.029101
3 0.362351 0.160053 0.020833 0.047619
4 0.510045 0.982804 0.015625 0.031746
4 0.552827 0.974868 0.016369 0.039683
7 0.740699 0.160053 0.014137 0.034392
3 0.035714 0.222884 0.026786 0.033069