3 0.869485 0.373856 0.046324 0.039216
3 0.783456 0.307843 0.031618 0.027451
3 0.928309 0.707843 0.097794 0.082353
0 0.502574 0.816993 0.013971 0.067974
0 0.586397 0.805882 0.013971 0.064052
3 0.643750 0.341176 0.024265 0.033987
3 0.698529 0.312418 0.041176 0.033987
3 0.733456 0.331373 0.040441 0.032680
1 0.308088 0.713725 0.016176 0.052288
1 0.361765 0.757516 0.016176 0.048366
7 0.375000 0.333987 0.019118 0.035294
0 0.991912 0.849673 0.013235 0.067974
0 0.758824 0.361438 0.008824 0.030065
5 0.690074 0.299346 0.040441 0.039216
9 0.308456 0.732026 0.012500 0.041830
9 0.362500 0.781046 0.016176 0.048366
0 0.765441 0.335948 0.008824 0.031373
0 0.889706 0.389542 0.008824 0.036601
0 0.890809 0.389542 0.008088 0.039216
0 0.715809 0.250980 0.008088 0.018301
0 0.736397 0.310458 0.006618 0.024837
3 0.465074 0.199346 0.013971 0.024837
3 0.462500 0.170588 0.013235 0.024837
3 0.479044 0.118301 0.008088 0.014379
3 0.457721 0.116340 0.006618 0.015686
3 0.504779 0.151634 0.012500 0.018301
3 0.512868 0.122222 0.009559 0.016993
3 0.529412 0.122222 0.007353 0.019608
2 0.381618 0.449673 0.007353 0.018301
1 0.380515 0.430719 0.006618 0.016993
2 0.670221 0.511111 0.008088 0.028758
4 0.594853 0.415033 0.026471 0.048366
3 0.548162 0.101307 0.025735 0.024837
3 0.534191 0.087582 0.021324 0.023529
3 0.515074 0.149673 0.013971 0.030065
9 0.228676 0.333333 0.020588 0.033987
3 0.607353 0.183007 0.026471 0.020915
3 0.602206 0.173203 0.022059 0.019608
3 0.598162 0.160131 0.025735 0.016993
3 0.585662 0.150980 0.024265 0.019608
3 0.565441 0.135294 0.022059 0.016993
0 0.670588 0.499346 0.010294 0.031373
3 0.780515 0.375163 0.049265 0.036601
3 0.785662 0.402614 0.055147 0.041830
3 0.798529 0.417647 0.060294 0.048366
3 0.866544 0.466667 0.062500 0.047059
3 0.764338 0.657516 0.050735 0.083660
3 0.662132 0.377778 0.030147 0.049673
3 0.881985 0.634641 0.080147 0.066667
3 0.861765 0.594771 0.077941 0.065359
3 0.458456 0.391503 0.021324 0.045752
3 0.902574 0.436601 0.049265 0.054902
3 0.574632 0.230065 0.016912 0.028758
3 0.875000 0.504575 0.069118 0.049673
8 0.170588 0.568627 0.075000 0.128105
0 0.068015 0.951634 0.019853 0.070588
0 0.123897 0.874510 0.021324 0.067974
0 0.222059 0.820915 0.014706 0.065359
0 0.239706 0.766667 0.013235 0.056209
0 0.224265 0.774510 0.013235 0.053595
0 0.209191 0.828758 0.016912 0.054902
3 0.136029 0.448366 0.070588 0.047059
0 0.893750 0.809150 0.013971 0.057516
3 0.531250 0.762092 0.047794 0.117647
4 0.510294 0.602614 0.030882 0.091503
3 0.393382 0.673856 0.038235 0.092810
3 0.454412 0.647712 0.038235 0.090196
3 0.399632 0.580392 0.033088 0.065359
3 0.456250 0.559477 0.027206 0.067974
3 0.504044 0.489542 0.027206 0.061438
4 0.502206 0.418301 0.022059 0.062745
3 0.500000 0.368627 0.022059 0.047059
3 0.469118 0.106536 0.007353 0.016993
3 0.333824 0.279739 0.029412 0.033987
3 0.317647 0.224837 0.017647 0.028758
3 0.333456 0.233333 0.016912 0.024837
3 0.680882 0.260131 0.039706 0.036601
3 0.700735 0.253595 0.032353 0.026144
3 0.835294 0.563399 0.076471 0.049673
3 0.634559 0.249673 0.019118 0.026144
0 0.051838 0.959477 0.018382 0.067974
0 0.081985 0.962092 0.019853 0.065359
0 0.070956 0.924183 0.018382 0.065359
3 0.594485 0.954902 0.071324 0.082353
0 0.114706 0.909150 0.019118 0.069281
0 0.253309 0.768627 0.013971 0.057516
0 0.213235 0.783660 0.013235 0.045752
3 0.020956 0.747059 0.041912 0.100654
4 0.096691 0.613072 0.059559 0.099346
3 0.029044 0.599346 0.056618 0.084967
3 0.073162 0.503268 0.071324 0.047059
3 0.099632 0.477778 0.072794 0.048366
3 0.316912 0.365359 0.047059 0.037908
0 0.905515 0.821569 0.016912 0.061438
4 0.801103 0.330065 0.033088 0.048366
4 0.832353 0.340523 0.026471 0.043137