3 0.501116 0.492725 0.034970 0.085979
3 0.542411 0.317460 0.034226 0.060847
3 0.547247 0.138889 0.018601 0.037037
3 0.557292 0.977513 0.047619 0.039683
3 0.031622 0.800265 0.063244 0.079365
3 0.060268 0.722884 0.108631 0.088624
5 0.210565 0.814815 0.122024 0.253968
3 0.253348 0.601190 0.060268 0.112434
3 0.237723 0.535714 0.055804 0.089947
3 0.796131 0.641534 0.071429 0.113757
3 0.344122 0.372354 0.036458 0.067460
3 0.367560 0.312169 0.037202 0.058201
3 0.409226 0.252646 0.032738 0.044974
3 0.408482 0.213624 0.032738 0.046296
3 0.635417 0.367063 0.032738 0.067460
3 0.655134 0.307540 0.051339 0.054233
3 0.487351 0.225529 0.023810 0.043651
3 0.235119 0.392196 0.041667 0.075397
3 0.808780 0.421296 0.040179 0.067460
3 0.779018 0.367063 0.047619 0.064815
0 0.781250 0.456349 0.013393 0.044974
0 0.864211 0.644180 0.012649 0.037037
0 0.877604 0.640212 0.014137 0.047619
3 0.575521 0.121032 0.015625 0.035714
3 0.550223 0.486772 0.034970 0.087302
3 0.571057 0.193122 0.023065 0.039683