3 0.543899 0.746032 0.025298 0.066138
3 0.454241 0.703704 0.024554 0.063492
3 0.636161 0.944444 0.043155 0.103175
3 0.646205 0.802910 0.040923 0.089947
3 0.287202 0.722884 0.029762 0.059524
3 0.264509 0.616402 0.052827 0.042328
0 0.575893 0.935847 0.010417 0.046296
3 0.649926 0.560847 0.040923 0.044974
3 0.632812 0.487434 0.024554 0.035714
3 0.601562 0.484127 0.021577 0.039683
3 0.526042 0.474206 0.016369 0.025132
3 0.390625 0.544974 0.041667 0.031746
3 0.370908 0.742725 0.030506 0.080688
3 0.643973 0.615741 0.048363 0.033069
3 0.654390 0.640212 0.048363 0.023810
3 0.679315 0.565476 0.038690 0.048942
3 0.663318 0.671296 0.054315 0.041005
3 0.669643 0.486772 0.026786 0.034392
4 0.341146 0.421958 0.012649 0.034392
3 0.501116 0.381614 0.014137 0.025132
0 0.325893 0.440476 0.007440 0.029101
0 0.334077 0.462302 0.007440 0.022487
1 0.338170 0.591931 0.008185 0.025132
2 0.339286 0.601190 0.007440 0.022487
0 0.386533 0.341270 0.009673 0.026455
1 0.482515 0.401455 0.009673 0.019841
1 0.480655 0.355159 0.007440 0.022487
3 0.491443 0.904762 0.031994 0.100529
3 0.603795 0.522487 0.040923 0.031746
3 0.530878 0.573413 0.018601 0.041005
3 0.501860 0.442460 0.015625 0.027778
3 0.458705 0.626323 0.021577 0.046296
3 0.502976 0.712302 0.023810 0.062169
3 0.507068 0.646825 0.023065 0.050265
3 0.466146 0.574074 0.018601 0.039683
3 0.492560 0.559524 0.022321 0.052910
3 0.496652 0.500000 0.017113 0.029101
3 0.457961 0.421958 0.015625 0.023810
1 0.444196 0.505952 0.008929 0.022487