4 0.537027 0.062558 0.024685 0.050420
2 0.539391 0.250700 0.009454 0.030812
1 0.539653 0.241363 0.008929 0.027077
3 0.522584 0.535481 0.040966 0.088702
9 0.511292 0.150327 0.008929 0.022409
3 0.818540 0.948179 0.141282 0.099907
9 0.195378 0.992530 0.031513 0.013072
7 0.260242 0.844538 0.073004 0.161531
3 0.498687 0.183940 0.027836 0.048553
7 0.389443 0.485994 0.030987 0.109244
3 0.298319 0.580766 0.070378 0.149393
4 0.443803 0.445845 0.038866 0.114846
3 0.702468 0.542951 0.091912 0.084967
3 0.692227 0.463119 0.092437 0.072829
4 0.552784 0.210084 0.028887 0.061625
0 0.795431 0.535948 0.015231 0.065359
0 0.855042 0.640056 0.011555 0.043884
0 0.851366 0.654528 0.011555 0.044818
3 0.796218 0.805322 0.137605 0.103641
0 0.759979 0.616713 0.015756 0.066293
9 0.814338 0.493464 0.027836 0.043884
0 0.840074 0.473856 0.015231 0.062558
0 0.818277 0.399627 0.014706 0.059757
0 0.805410 0.399160 0.012080 0.056956
0 0.793330 0.397759 0.012080 0.050420
0 0.825368 0.359010 0.012080 0.049486
3 0.652048 0.334734 0.067752 0.056956
3 0.636555 0.282446 0.075630 0.049486
3 0.440651 0.283380 0.032563 0.071895
3 0.664653 0.197946 0.034139 0.059757
0 0.649685 0.232493 0.009454 0.033613
0 0.661765 0.236695 0.009454 0.043884
0 0.670168 0.239963 0.010504 0.037348
9 0.399160 0.244164 0.012605 0.030812
1 0.397847 0.229225 0.008929 0.032680
3 0.318540 0.291317 0.068803 0.054155
3 0.322742 0.238562 0.053046 0.038282
3 0.347426 0.208217 0.059349 0.054155
0 0.813025 0.556022 0.011555 0.055089
0 0.820378 0.547619 0.011555 0.060691
3 0.497111 0.104108 0.024685 0.036415
3 0.487658 0.055556 0.018382 0.028945
3 0.490809 0.029412 0.017332 0.028945
3 0.488971 0.011204 0.014706 0.020542
0 0.511555 0.137722 0.010504 0.017740