3 0.241597 0.142390 0.049370 0.056956
0 0.219013 0.950047 0.012605 0.047619
0 0.226103 0.925303 0.025735 0.085901
1 0.013393 0.653595 0.021534 0.070962
0 0.469538 0.710084 0.018908 0.073763
0 0.432248 0.711951 0.015756 0.068161
9 0.210872 0.549020 0.035189 0.067227
1 0.211660 0.539683 0.028361 0.067227
3 0.694590 0.698413 0.128676 0.138189
6 0.579307 0.758170 0.055672 0.125117
6 0.532563 0.528478 0.031513 0.091503
6 0.396008 0.487395 0.065126 0.070962
6 0.576418 0.406629 0.025735 0.079365
6 0.449317 0.293184 0.034139 0.057890
4 0.462973 0.248366 0.039391 0.093371
1 0.444328 0.312792 0.010504 0.033613
3 0.034664 0.111111 0.067227 0.056022
3 0.084296 0.079365 0.056197 0.056022
3 0.193540 0.070962 0.035189 0.050420
4 0.578782 0.264239 0.031513 0.085901
6 0.370011 0.316993 0.034139 0.058824
9 0.405725 0.107376 0.015231 0.033613
1 0.406513 0.100840 0.012605 0.033613
6 0.404674 0.457049 0.063550 0.060691
1 0.393382 0.450514 0.018908 0.047619
0 0.600315 0.963119 0.016807 0.056956
0 0.615809 0.938375 0.018382 0.078431
0 0.411765 0.673669 0.015756 0.062558
0 0.446691 0.686741 0.015231 0.070028
0 0.429097 0.666667 0.017857 0.065359
0 0.523634 0.656863 0.022059 0.081232
0 0.603466 0.412698 0.017857 0.057890
0 0.611607 0.277311 0.013130 0.050420
0 0.564601 0.604108 0.015756 0.065359
0 0.590599 0.589169 0.016282 0.072829
0 0.576155 0.565826 0.015756 0.070962
0 0.597952 0.279645 0.011029 0.051354
0 0.692752 0.267040 0.010504 0.042951
0 0.702468 0.261438 0.009979 0.042951
0 0.691964 0.180205 0.013130 0.041083
0 0.681985 0.129785 0.011029 0.039216
0 0.557248 0.399160 0.012605 0.062558
0 0.455357 0.449580 0.014706 0.051354
0 0.469013 0.442577 0.014706 0.065359
0 0.511029 0.406629 0.012605 0.053221
0 0.526523 0.425303 0.013130 0.058824
0 0.505777 0.395425 0.012605 0.047619
0 0.460084 0.397292 0.012605 0.051354
0 0.456933 0.392157 0.011555 0.050420
0 0.493697 0.403361 0.012605 0.054155
0 0.474002 0.411298 0.013130 0.051354
0 0.475578 0.373483 0.011029 0.057890
0 0.486870 0.378618 0.011555 0.051354
3 0.226891 0.045752 0.039916 0.048553
3 0.257616 0.029879 0.025735 0.041083
3 0.612920 0.111111 0.013655 0.048553
0 0.761555 0.960317 0.022059 0.077498
1 0.864496 0.972923 0.017857 0.052288
1 0.854517 0.964052 0.017857 0.060691
0 0.746061 0.862278 0.018382 0.060691
0 0.760504 0.873483 0.014706 0.066293
0 0.778624 0.881886 0.015231 0.066293
0 0.789128 0.901494 0.015231 0.071895
0 0.799632 0.915966 0.018382 0.059757
0 0.820641 0.866013 0.018382 0.055089
0 0.804622 0.832866 0.012605 0.050420
0 0.792279 0.809991 0.012080 0.055089
0 0.765756 0.799720 0.015756 0.055089
0 0.480305 0.042951 0.030987 0.042951
0 0.517595 0.288982 0.012080 0.043884
0 0.525998 0.259570 0.008929 0.037348
0 0.538340 0.258170 0.009454 0.038282
0 0.531775 0.218021 0.008929 0.032680
0 0.541492 0.230159 0.009454 0.032680
0 0.538866 0.204949 0.006303 0.038282
0 0.538078 0.178805 0.012080 0.038282
0 0.544643 0.209617 0.006303 0.032680
0 0.545431 0.170868 0.008929 0.031746
0 0.558036 0.144258 0.008929 0.038282
0 0.506303 0.209150 0.008403 0.037348
0 0.498162 0.204949 0.008929 0.043884
0 0.498950 0.232960 0.011555 0.049486
0 0.520221 0.174136 0.008929 0.032680
0 0.504202 0.168067 0.008403 0.031746
0 0.512605 0.152661 0.011555 0.027077
0 0.556460 0.115313 0.008929 0.030812
0 0.555935 0.050887 0.008929 0.032680
0 0.535452 0.092904 0.008929 0.038282
0 0.546218 0.094771 0.008403 0.032680
3 0.613183 0.030345 0.046744 0.042017
0 0.541754 0.057890 0.011029 0.031746
0 0.548845 0.061625 0.008403 0.031746
0 0.578782 0.049486 0.008403 0.028011
0 0.566964 0.061625 0.008929 0.026144
0 0.564338 0.047152 0.008929 0.030812
1 0.701418 0.809057 0.017332 0.055089
1 0.684611 0.801587 0.017332 0.053221
1 0.600053 0.708217 0.017332 0.053221
1 0.360557 0.310924 0.020483 0.050420
0 0.514443 0.412698 0.014181 0.050420
1 0.535189 0.537348 0.018908 0.047619