3 0.590074 0.053688 0.029937 0.049486
5 0.543855 0.161998 0.044643 0.118581
3 0.437500 0.263305 0.044118 0.087768
3 0.607143 0.141457 0.038866 0.073763
3 0.451155 0.134454 0.037815 0.078431
3 0.627626 0.882353 0.082983 0.220355
3 0.356880 0.649393 0.128676 0.155929
0 0.779412 0.895425 0.029412 0.078431
6 0.194065 0.915500 0.129727 0.146592
5 0.881565 0.852941 0.201155 0.191410
5 0.696954 0.481793 0.157563 0.125117
6 0.123950 0.920168 0.126050 0.133520
4 0.395483 0.907563 0.122899 0.181139
0 0.318540 0.534547 0.020483 0.084967
0 0.274947 0.542484 0.023634 0.070962
0 0.338498 0.486461 0.017332 0.076564
0 0.330882 0.469655 0.024160 0.076564
3 0.255777 0.440243 0.111345 0.098039
0 0.298057 0.489262 0.025735 0.067227
0 0.307248 0.420635 0.024160 0.084967
0 0.369485 0.410364 0.020483 0.075630
5 0.679359 0.335201 0.146534 0.110177
5 0.821429 0.371148 0.126050 0.127918
0 0.897321 0.339869 0.022584 0.059757
1 0.835872 0.218487 0.026786 0.056022