5 0.663340 0.368814 0.019958 0.039216
3 0.549632 0.233894 0.019433 0.045752
3 0.572742 0.364613 0.018382 0.038282
3 0.565914 0.411765 0.020483 0.029879
3 0.285977 0.268908 0.032038 0.024276
3 0.623424 0.183940 0.018908 0.028011
4 0.571691 0.262838 0.011029 0.021475
3 0.471376 0.473856 0.017332 0.040149
3 0.327468 0.635387 0.039391 0.062558
3 0.391019 0.494398 0.026786 0.047619
3 0.420956 0.399160 0.016282 0.038282
3 0.469275 0.358077 0.012080 0.032680
4 0.492647 0.315126 0.018908 0.043884
8 0.625263 0.636321 0.054097 0.118581
5 0.556985 0.147993 0.014181 0.030812