3 0.138918 0.305322 0.078256 0.078431
0 0.808036 0.264706 0.011029 0.049486
9 0.305410 0.305789 0.013130 0.047619
9 0.317489 0.311391 0.013130 0.043884
9 0.331145 0.310458 0.009979 0.042017
3 0.362132 0.303455 0.042542 0.067227
3 0.423582 0.294118 0.048845 0.069094
3 0.708771 0.124650 0.023634 0.058824
0 0.124212 0.309057 0.017332 0.067227
9 0.780200 0.193744 0.011029 0.036415
0 0.675683 0.095705 0.007878 0.040149
0 0.745536 0.063025 0.007878 0.032680
0 0.190389 0.295518 0.014181 0.049486
3 0.912027 0.465920 0.105567 0.097106
3 0.453519 0.514939 0.097164 0.109244
0 0.434611 0.795518 0.021534 0.093371
0 0.411502 0.874883 0.021534 0.085901
9 0.499737 0.678338 0.036239 0.045752
1 0.499212 0.653128 0.012080 0.056956
6 0.182511 0.518674 0.059349 0.070028
9 0.689338 0.485061 0.041492 0.045752
1 0.697742 0.474790 0.016282 0.055089
9 0.669905 0.443978 0.032038 0.040149
1 0.676733 0.436508 0.016282 0.055089
7 0.843750 0.550420 0.068803 0.055089
1 0.843750 0.530812 0.024685 0.049486
6 0.323792 0.570028 0.044643 0.045752
1 0.327468 0.556956 0.013130 0.045752
2 0.597952 0.961718 0.055147 0.069094
2 0.650998 0.385621 0.029937 0.052288
9 0.608456 0.923903 0.060399 0.066293
1 0.616859 0.921102 0.026786 0.075630
9 0.814338 0.373016 0.027836 0.032680
0 0.818015 0.350607 0.013130 0.045752
2 0.910977 0.411298 0.033088 0.030812
1 0.782826 0.185341 0.009979 0.049486
3 0.794905 0.081699 0.021534 0.028945
3 0.769695 0.052754 0.016282 0.034547
3 0.776523 0.021008 0.020483 0.027077
3 0.971901 0.578431 0.053046 0.094304
3 0.808561 0.209617 0.025735 0.068161
3 0.222689 0.478058 0.121849 0.104575