1 0.003939 0.426237 0.007878 0.047619
2 0.010767 0.424370 0.011029 0.049486
0 0.032300 0.423436 0.011029 0.045752
0 0.390494 0.104108 0.006828 0.025210
3 0.464023 0.007937 0.014181 0.012138
3 0.463498 0.023810 0.015231 0.023343
3 0.461397 0.043417 0.014181 0.027077
3 0.459296 0.054622 0.016282 0.028945
3 0.457721 0.075163 0.016282 0.045752
3 0.465599 0.104108 0.019433 0.036415
3 0.548057 0.036881 0.020483 0.043884
3 0.561187 0.078898 0.033088 0.023343
3 0.577994 0.132120 0.034139 0.025210
0 0.602679 0.091970 0.007878 0.036415
9 0.620011 0.288049 0.017332 0.019608
9 0.726366 0.412232 0.009454 0.036415
9 0.673582 0.363679 0.032038 0.038282
1 0.707458 0.379552 0.012605 0.036415
3 0.966649 0.582633 0.063550 0.078431
3 0.029674 0.622782 0.059349 0.084034
3 0.342962 0.627451 0.101891 0.082166
3 0.443803 0.351074 0.032563 0.067227
3 0.448792 0.290850 0.025735 0.051354
1 0.692752 0.969655 0.028361 0.042017
0 0.952206 0.830999 0.021008 0.065359
0 0.977679 0.816060 0.024685 0.074697
0 0.947216 0.793651 0.019433 0.065359
1 0.052258 0.676004 0.022584 0.059757
1 0.938813 0.759570 0.017332 0.055089
2 0.937763 0.774977 0.041492 0.048553
1 0.952468 0.770308 0.015231 0.054155
9 0.254989 0.410364 0.027836 0.034547
1 0.719538 0.571895 0.017857 0.055089
1 0.422006 0.389356 0.009979 0.035481
2 0.715336 0.581699 0.040966 0.044818
9 0.425158 0.418768 0.012080 0.030812
0 0.542279 0.128385 0.006828 0.036415
9 0.364758 0.310458 0.022584 0.030812
0 0.507090 0.268908 0.008929 0.041083
2 0.019695 0.426237 0.018382 0.038282
3 0.175158 0.925770 0.110819 0.146592
3 0.493435 0.294118 0.022584 0.057890
3 0.947742 0.895892 0.102416 0.157796
3 0.592437 0.313259 0.028361 0.045752
3 0.445378 0.190476 0.023109 0.041083
3 0.649685 0.262372 0.052521 0.042951
3 0.586397 0.139589 0.040441 0.027077
4 0.453782 0.148926 0.021008 0.036415
6 0.693277 0.969655 0.036765 0.056956
9 0.688813 0.400093 0.008929 0.036415
2 0.758141 0.406162 0.014181 0.033613
9 0.794643 0.400560 0.009454 0.041083
9 0.814863 0.390756 0.012080 0.036415
9 0.871061 0.408964 0.008929 0.035481
9 0.902574 0.379552 0.015231 0.036415
2 0.915966 0.408964 0.011555 0.037348
9 0.965074 0.413165 0.023634 0.049486
1 0.492647 0.366947 0.012605 0.031746
6 0.492910 0.384687 0.019433 0.042951
1 0.411239 0.411765 0.014706 0.046685
9 0.410714 0.424837 0.023109 0.041083
1 0.150735 0.740896 0.021008 0.068161
9 0.153624 0.761905 0.036239 0.050420
9 0.345851 0.368347 0.026786 0.038282
9 0.395746 0.297386 0.023634 0.034547
9 0.400473 0.274043 0.024685 0.028945
0 0.128939 0.439309 0.013130 0.045752
0 0.539391 0.129785 0.007353 0.035481
0 0.384191 0.105042 0.005777 0.027077
2 0.051996 0.698413 0.046218 0.050420
0 0.126313 0.425303 0.016282 0.049486
0 0.092174 0.423436 0.013130 0.043884
9 0.260242 0.422502 0.027836 0.030812
9 0.094013 0.446779 0.013655 0.045752
3 0.884191 0.648926 0.100315 0.074697
9 0.453519 0.716153 0.041492 0.046685
1 0.453256 0.717087 0.019958 0.072829
3 0.459821 0.124183 0.017332 0.031746
1 0.425945 0.394491 0.012605 0.036415
1 0.494485 0.382353 0.012080 0.027077
3 0.447216 0.419701 0.036239 0.079365
2 0.291229 0.494865 0.033088 0.037348
1 0.293067 0.481793 0.017857 0.050420
2 0.346901 0.479925 0.030987 0.031746
1 0.346376 0.464519 0.017332 0.040149
2 0.346639 0.490196 0.028361 0.031746
1 0.347689 0.475724 0.017857 0.045752
3 0.571691 0.378618 0.060399 0.073763
3 0.608193 0.611111 0.094538 0.101774
3 0.550420 0.513072 0.082983 0.068161
0 0.622111 0.316993 0.009979 0.043884
4 0.941702 0.713352 0.101891 0.097106
3 0.498950 0.457516 0.063025 0.074697
3 0.832983 0.574230 0.096639 0.074697
3 0.683036 0.505602 0.083508 0.068161
3 0.722164 0.462652 0.070378 0.058824
0 0.507616 0.262372 0.012080 0.039216
9 0.294118 0.694211 0.044118 0.049486
1 0.285977 0.678338 0.020483 0.055089
0 0.969538 0.815126 0.014706 0.050420