9 0.579569 0.128385 0.017332 0.056956
3 0.564601 0.089169 0.032563 0.073763
5 0.512868 0.045285 0.044643 0.090570
9 0.422532 0.074230 0.027836 0.043884
3 0.381828 0.377684 0.049370 0.116713
3 0.582195 0.245565 0.040441 0.098973
3 0.402311 0.183940 0.039916 0.102708
6 0.414391 0.121382 0.058824 0.048553
3 0.522059 0.271242 0.044118 0.112979
5 0.699055 0.719421 0.194328 0.161531
0 0.117122 0.935574 0.035714 0.082166
0 0.098739 0.889823 0.021008 0.067227
0 0.130252 0.870682 0.030462 0.068161
0 0.165704 0.837535 0.032038 0.072829
3 0.141019 0.731092 0.142332 0.149393
0 0.142595 0.815126 0.025735 0.076564
0 0.281775 0.633987 0.022584 0.078431
5 0.669643 0.538282 0.151261 0.127918
5 0.463498 0.275444 0.055147 0.207283
5 0.854254 0.529879 0.173845 0.127918
0 0.939338 0.481793 0.024685 0.063492
1 0.866071 0.332866 0.027311 0.056956
0 0.374212 0.108777 0.015231 0.049486
0 0.368435 0.118114 0.013130 0.049486