0 0.361235 0.182540 0.006696 0.018519
0 0.303571 0.268519 0.007440 0.029101
0 0.126860 0.056217 0.009673 0.019841
9 0.399926 0.141534 0.006696 0.021164
9 0.487351 0.126323 0.010417 0.022487
3 0.538318 0.490741 0.026042 0.058201
3 0.523065 0.347884 0.020833 0.042328
1 0.275670 0.653439 0.011161 0.029101
2 0.276414 0.661376 0.012649 0.042328
3 0.412574 0.192460 0.014137 0.033069
3 0.419643 0.123016 0.011905 0.023810
3 0.928943 0.326720 0.048363 0.031746
3 0.917783 0.371032 0.046875 0.030423
3 0.969494 0.366402 0.046131 0.029101
3 0.520089 0.743386 0.035714 0.108466
3 0.500372 0.494048 0.026042 0.054233
3 0.482143 0.264550 0.017857 0.034392