3 0.852941 0.437908 0.045588 0.033987
3 0.754779 0.358824 0.034559 0.030065
3 0.960294 0.926797 0.077941 0.096732
3 0.602206 0.406536 0.023529 0.041830
3 0.660294 0.368627 0.041176 0.033987
3 0.703309 0.388235 0.041912 0.036601
7 0.300368 0.410458 0.021324 0.047059
0 0.726103 0.449673 0.009559 0.031373
5 0.651103 0.347059 0.037500 0.037908
9 0.086397 0.481699 0.028676 0.030065
0 0.775368 0.425490 0.008088 0.032680
0 0.879044 0.462745 0.009559 0.036601
0 0.892279 0.466013 0.008088 0.035294
0 0.650368 0.287582 0.008088 0.018301
0 0.750368 0.369281 0.008088 0.027451
3 0.402574 0.331373 0.016912 0.037908
3 0.377574 0.307190 0.016912 0.036601
3 0.422426 0.196078 0.011029 0.023529
3 0.400735 0.198693 0.011765 0.020915
3 0.441544 0.156209 0.011029 0.016993
3 0.445221 0.111765 0.009559 0.016993
3 0.464338 0.124837 0.009559 0.019608
2 0.234926 0.780392 0.012500 0.018301
1 0.234559 0.748366 0.008824 0.035294
2 0.589338 0.452941 0.006618 0.022222
4 0.493382 0.319608 0.019118 0.040523
3 0.511029 0.127451 0.027941 0.024837
3 0.490074 0.109150 0.021324 0.022222
3 0.462868 0.145752 0.013971 0.030065
9 0.125368 0.416340 0.025735 0.040523
3 0.554779 0.215686 0.025735 0.015686
3 0.550368 0.204575 0.021324 0.014379
3 0.544853 0.190196 0.025000 0.016993
3 0.526838 0.177778 0.021324 0.015686
3 0.506618 0.157516 0.020588 0.016993
0 0.589338 0.441176 0.008088 0.024837
3 0.758088 0.444444 0.054412 0.036601
3 0.766176 0.477124 0.057353 0.041830
3 0.781618 0.498693 0.061765 0.048366
3 0.864338 0.560131 0.063971 0.048366
3 0.776471 0.858170 0.066176 0.116340
3 0.626838 0.458824 0.028676 0.044444
3 0.914706 0.814379 0.098529 0.081046
3 0.884191 0.754248 0.088971 0.075817
3 0.395956 0.556209 0.028676 0.071895
3 0.898897 0.522222 0.056618 0.064052
3 0.496691 0.191503 0.013971 0.027451
3 0.885294 0.620261 0.072059 0.056209
8 0.036765 0.781046 0.073529 0.192157
3 0.308456 0.936601 0.046324 0.121569
3 0.388603 0.880392 0.044853 0.134641
3 0.318015 0.771895 0.041912 0.098039
3 0.390809 0.748366 0.034559 0.108497
3 0.476838 0.911765 0.049265 0.145098
4 0.462500 0.728758 0.036765 0.113725
3 0.456250 0.620261 0.031618 0.092810
3 0.406985 0.156209 0.009559 0.022222
3 0.257353 0.341176 0.032353 0.036601
3 0.237500 0.274510 0.017647 0.028758
3 0.255882 0.282353 0.016176 0.026144
3 0.640074 0.303922 0.044853 0.035294
3 0.660294 0.296078 0.032353 0.027451
3 0.841912 0.707843 0.079412 0.064052
3 0.586765 0.289542 0.022059 0.027451
3 0.754044 0.940523 0.088971 0.113725
3 0.234191 0.458824 0.053676 0.039216
4 0.775735 0.386275 0.036765 0.045752
4 0.810294 0.398039 0.023529 0.045752