3 0.595588 0.488329 0.037815 0.104575
4 0.315389 0.799720 0.053046 0.131653
3 0.568277 0.948179 0.049370 0.099907
3 0.609506 0.761905 0.058298 0.095238
3 0.622374 0.662932 0.044118 0.113912
3 0.651261 0.538282 0.036765 0.122316
3 0.670956 0.402428 0.037290 0.102708
3 0.529674 0.606443 0.040441 0.111111
4 0.735819 0.242297 0.046218 0.064426
3 0.685399 0.247899 0.036765 0.099907
3 0.738708 0.190009 0.056197 0.066293
3 0.706670 0.140056 0.032038 0.085901
3 0.491859 0.386088 0.027836 0.092437
3 0.448529 0.637255 0.042017 0.112979
3 0.538340 0.192810 0.036765 0.098039
3 0.546218 0.099907 0.051471 0.084034
3 0.481355 0.118114 0.056197 0.062558
3 0.384979 0.849673 0.068277 0.076564
3 0.574580 0.014006 0.030462 0.028011
9 0.653624 0.238562 0.015231 0.049486
0 0.515231 0.417834 0.012605 0.028945
9 0.512868 0.301120 0.019433 0.045752
0 0.278361 0.838002 0.014706 0.021475
9 0.590074 0.059757 0.016282 0.044818
0 0.483193 0.021008 0.012605 0.032680
0 0.476628 0.016340 0.012080 0.032680