4 0.270313 0.964352 0.040625 0.065741
3 0.326042 0.834259 0.027083 0.050000
3 0.472656 0.731944 0.017188 0.034259
3 0.308073 0.892130 0.034896 0.065741
3 0.342187 0.903704 0.037500 0.066667
3 0.315365 0.737037 0.018229 0.038889
3 0.474479 0.647685 0.015625 0.026852
3 0.534896 0.866667 0.022917 0.055556
3 0.483073 0.849074 0.022396 0.051852
0 0.203385 0.891667 0.014063 0.042593
0 0.296094 0.700926 0.007812 0.031481
1 0.261979 0.733796 0.009375 0.019444
3 0.484635 0.564352 0.011979 0.021296
6 0.497396 0.536574 0.009375 0.021296
6 0.488802 0.513889 0.009896 0.016667
3 0.497656 0.480556 0.008854 0.014815
8 0.504167 0.484259 0.012500 0.027778
9 0.519010 0.590278 0.009896 0.023148
9 0.502344 0.614352 0.008854 0.025000
3 0.425781 0.549537 0.013021 0.026852
9 0.446094 0.550926 0.009896 0.018519
3 0.453385 0.602778 0.015104 0.031481
3 0.501042 0.475463 0.009375 0.013889
3 0.492708 0.448611 0.007292 0.012037
3 0.500521 0.465278 0.009375 0.013889
3 0.505469 0.454167 0.007812 0.013889
3 0.453906 0.505556 0.009896 0.020370
3 0.455729 0.495370 0.011458 0.018519
3 0.563281 0.638889 0.015104 0.029630
0 0.614062 0.759722 0.012500 0.036111
0 0.629167 0.770370 0.010417 0.035185
0 0.498177 0.585648 0.006771 0.021296
2 0.502083 0.576852 0.010417 0.014815
3 0.517448 0.551852 0.009896 0.016667
3 0.520833 0.530556 0.009375 0.018519
3 0.518750 0.517130 0.010417 0.019444
3 0.303125 0.821759 0.038542 0.054630
3 0.545833 0.794444 0.017708 0.038889
3 0.539323 0.747222 0.018229 0.037037
3 0.616146 0.683796 0.036458 0.032407
3 0.574479 0.718981 0.028125 0.039815
3 0.342969 0.702315 0.032813 0.026852
3 0.373698 0.710185 0.020313 0.033333
3 0.364323 0.740741 0.019271 0.040741
3 0.397917 0.706019 0.021875 0.036111
4 0.393490 0.643056 0.014063 0.026852
5 0.413021 0.639352 0.014583 0.030556
0 0.157812 0.950926 0.011458 0.050000
1 0.167448 0.876389 0.011979 0.028704
0 0.179948 0.868981 0.009896 0.032407
0 0.181510 0.930093 0.011979 0.036111
0 0.282813 0.717130 0.007292 0.032407
0 0.287240 0.718056 0.007812 0.032407
0 0.291927 0.719444 0.007812 0.031481
6 0.481771 0.546759 0.007292 0.017593
3 0.438802 0.511574 0.009896 0.017593
8 0.530208 0.622685 0.019792 0.050926
9 0.678646 0.837037 0.012500 0.038889