9 0.218750 0.758170 0.018382 0.044444
0 0.215809 0.591503 0.012500 0.045752
0 0.068015 0.509150 0.012500 0.032680
0 0.191176 0.411765 0.008824 0.028758
9 0.273529 0.679085 0.016176 0.040523
9 0.322059 0.618954 0.013235 0.037908
9 0.332721 0.554902 0.011029 0.032680
7 0.099265 0.591503 0.060294 0.050980
5 0.291544 0.383660 0.021324 0.043137
6 0.146691 0.547059 0.065441 0.048366
0 0.316544 0.427451 0.009559 0.026144
6 0.318015 0.457516 0.018382 0.036601
0 0.655515 0.652941 0.012500 0.043137
3 0.498162 0.841176 0.049265 0.100654
3 0.199632 0.599346 0.047794 0.056209
3 0.744853 0.623529 0.066176 0.047059
3 0.719118 0.573203 0.063235 0.050980
7 0.247426 0.597386 0.033088 0.052288
5 0.694118 0.531373 0.063235 0.043137
3 0.587500 0.447059 0.022059 0.036601
3 0.650735 0.477778 0.044118 0.032680
3 0.372059 0.399346 0.016176 0.032680
4 0.269853 0.480392 0.047059 0.040523
3 0.343015 0.426144 0.030147 0.039216
7 0.302206 0.520261 0.027941 0.047059
0 0.227206 0.640523 0.011765 0.047059
3 0.262868 0.438562 0.049265 0.035294
9 0.354779 0.467974 0.009559 0.023529
0 0.611765 0.488235 0.013235 0.032680
9 0.277206 0.528758 0.035294 0.037908
3 0.283456 0.400654 0.037500 0.027451
7 0.176471 0.526797 0.027941 0.041830
7 0.194853 0.539216 0.047059 0.050980
7 0.175368 0.625490 0.047794 0.056209
3 0.597426 0.422876 0.037500 0.035294
3 0.324265 0.364052 0.033824 0.030065
7 0.150735 0.522876 0.027941 0.041830
3 0.543382 0.560131 0.027941 0.053595
6 0.308824 0.476471 0.020588 0.037908
3 0.310294 0.343137 0.029412 0.024837
3 0.306985 0.328758 0.025735 0.024837
9 0.344853 0.500000 0.010294 0.024837
0 0.227206 0.601307 0.013235 0.041830
6 0.365074 0.434641 0.012500 0.027451
3 0.606985 0.371895 0.033088 0.030065
0 0.196324 0.413072 0.010294 0.026144
6 0.286397 0.357516 0.021324 0.024837
1 0.554779 0.392810 0.009559 0.024837
0 0.648897 0.596732 0.013971 0.053595
0 0.456985 0.985621 0.018382 0.023529
3 0.505882 0.377778 0.014706 0.031373
3 0.506985 0.447059 0.018382 0.031373
3 0.370221 0.647059 0.033088 0.070588
3 0.264338 0.561438 0.062500 0.048366
6 0.055147 0.535948 0.055882 0.057516
6 0.051471 0.600654 0.052941 0.048366