3 0.031250 0.041550 0.062500 0.060691
9 0.193015 0.032213 0.011029 0.038282
9 0.204569 0.032213 0.007878 0.042017
9 0.220851 0.031279 0.009979 0.047619
3 0.254989 0.033147 0.043592 0.066293
4 0.925420 0.219421 0.106092 0.089636
0 0.848477 0.171335 0.015231 0.056956
3 0.418330 0.429972 0.077206 0.154062
3 0.793330 0.525677 0.110819 0.128852
3 0.588498 0.524276 0.061450 0.167134
3 0.499475 0.631186 0.066176 0.183007
4 0.444065 0.108310 0.036239 0.100840
0 0.857931 0.164799 0.013130 0.055089
0 0.949055 0.079365 0.015756 0.044818
0 0.943277 0.078431 0.018908 0.044818
0 0.943277 0.107843 0.015756 0.042017
0 0.954832 0.100840 0.016807 0.050420
0 0.950893 0.058357 0.020483 0.051354
1 0.384454 0.842670 0.021008 0.049486
2 0.385767 0.873016 0.046744 0.057890
0 0.867384 0.884687 0.034139 0.064426
1 0.874737 0.855742 0.024685 0.043884
0 0.907563 0.824930 0.028361 0.053221
1 0.930410 0.791317 0.030987 0.058824
0 0.897321 0.695145 0.026786 0.060691
0 0.982143 0.856676 0.028361 0.060691
9 0.337447 0.299253 0.022584 0.045752
1 0.337973 0.271242 0.013130 0.064426
9 0.649947 0.837068 0.034139 0.090570
1 0.649422 0.835201 0.033088 0.064426
0 0.847952 0.868814 0.022584 0.064426
3 0.780725 0.159197 0.090861 0.096172
0 0.216649 0.574230 0.017332 0.076564
0 0.069065 0.445845 0.023634 0.070028
9 0.230830 0.350607 0.033088 0.038282
1 0.228729 0.331933 0.011029 0.040149
9 0.814863 0.266573 0.038340 0.040149
1 0.823267 0.261905 0.016282 0.051354
9 0.686712 0.152661 0.027836 0.047619
1 0.688288 0.140523 0.018382 0.055089
6 0.107405 0.301120 0.039391 0.045752
1 0.107405 0.288049 0.013130 0.045752
2 0.708771 0.119514 0.021534 0.052288
9 0.770221 0.690476 0.038340 0.056956
1 0.777048 0.669001 0.021534 0.071895
2 0.781775 0.095705 0.033088 0.030812
3 0.023897 0.211018 0.047794 0.089636