3 0.716890 0.918651 0.063244 0.070106
3 0.729911 0.777116 0.049107 0.083333
3 0.681920 0.774471 0.046875 0.088624
3 0.555804 0.726190 0.029762 0.063492
3 0.844494 0.964947 0.074405 0.064815
3 0.788690 0.767857 0.050595 0.072751
4 0.281622 0.615079 0.023065 0.060847
3 0.513021 0.502646 0.015625 0.034392
0 0.217634 0.761243 0.011161 0.035714
0 0.243304 0.859127 0.014881 0.046296
3 0.828125 0.746693 0.053571 0.064815
3 0.873884 0.755952 0.061756 0.075397
3 0.932292 0.751984 0.056548 0.075397
3 0.885417 0.955688 0.068452 0.067460
3 0.402158 0.617063 0.020089 0.054233
3 0.340402 0.795635 0.033482 0.083333
4 0.391741 0.470899 0.011161 0.037037
3 0.373140 0.445106 0.014137 0.025132
0 0.334077 0.537037 0.008929 0.026455
1 0.466146 0.385582 0.009673 0.017196
1 0.475818 0.388228 0.008185 0.022487
3 0.484747 0.857804 0.031994 0.080688
3 0.521949 0.744709 0.037946 0.066138
3 0.475446 0.552910 0.017857 0.042328
3 0.503348 0.583995 0.018601 0.035714
3 0.438244 0.794312 0.023810 0.075397
3 0.492560 0.387566 0.013393 0.021164
9 0.387277 0.352513 0.011161 0.022487
3 0.332217 0.394180 0.012649 0.026455
3 0.349702 0.364418 0.025298 0.019841
3 0.472098 0.702381 0.024554 0.055556
3 0.478051 0.634259 0.021577 0.046296
3 0.435640 0.599868 0.021577 0.046296
3 0.459077 0.492063 0.019345 0.042328
3 0.418899 0.376984 0.010417 0.018519
3 0.470238 0.448413 0.016369 0.029101
3 0.439732 0.350529 0.011905 0.023810
1 0.426711 0.482143 0.009673 0.022487