9 0.912946 0.739418 0.071429 0.153439
1 0.914435 0.700397 0.058036 0.141534
1 0.906250 0.685847 0.031250 0.099206
0 0.437128 0.794974 0.031994 0.119048
0 0.426711 0.744048 0.034970 0.194444
9 0.654018 0.922619 0.063988 0.144180
1 0.655134 0.902116 0.043899 0.103175
1 0.653274 0.878307 0.066964 0.169312
0 0.398438 0.532407 0.029018 0.125661
0 0.439360 0.498677 0.039435 0.124339
0 0.499256 0.628307 0.040179 0.164021
9 0.480283 0.689815 0.091518 0.130952
9 0.500744 0.627646 0.074405 0.115079
0 0.170387 0.589947 0.034226 0.119048
0 0.251116 0.472884 0.014137 0.078042
0 0.249628 0.441799 0.023065 0.089947
1 0.401786 0.304894 0.020833 0.041005
0 0.546875 0.373016 0.023810 0.105820
0 0.315848 0.324735 0.021577 0.064815
0 0.333705 0.319444 0.018601 0.054233
0 0.324033 0.309524 0.017113 0.068783
9 0.542039 0.227513 0.014137 0.052910
0 0.398810 0.296296 0.017857 0.047619
9 0.514881 0.192460 0.013393 0.030423
9 0.526414 0.136905 0.012649 0.027778
7 0.645461 0.219577 0.029018 0.066138
9 0.476935 0.469577 0.059524 0.079365
1 0.515625 0.182540 0.011905 0.039683