3 0.924895 0.614846 0.102941 0.073763
3 0.395746 0.191877 0.016282 0.025210
6 0.210872 0.728291 0.024685 0.076564
1 0.212710 0.697946 0.021008 0.047619
8 0.280987 0.330999 0.039916 0.094304
3 0.662290 0.390289 0.042017 0.044818
9 0.768645 0.635387 0.021534 0.051354
1 0.772584 0.625117 0.021008 0.055089
1 0.741334 0.563025 0.014181 0.039216
3 0.514443 0.293651 0.020483 0.027077
9 0.388130 0.443978 0.018908 0.032680
3 0.340599 0.237628 0.017332 0.023343
3 0.539128 0.618581 0.046744 0.083100
3 0.485032 0.244164 0.018382 0.025210
3 0.481355 0.228291 0.014181 0.023343
0 0.170956 0.917367 0.021534 0.083100
3 0.042279 0.713352 0.076155 0.078431
3 0.101628 0.633987 0.070903 0.080299
7 0.323792 0.328665 0.012080 0.031746
2 0.740809 0.582166 0.015231 0.045752
9 0.491071 0.288049 0.008403 0.025210
1 0.491334 0.281513 0.007878 0.017740
5 0.954307 0.753501 0.089286 0.102708
3 0.848477 0.675070 0.075105 0.085901
3 0.968225 0.704015 0.060399 0.087768
3 0.459559 0.260504 0.016807 0.026144
3 0.381565 0.295985 0.018382 0.031746
3 0.418855 0.182073 0.012080 0.018674
0 0.258666 0.450047 0.012080 0.048553
6 0.577731 0.487862 0.040966 0.038282
9 0.674632 0.516807 0.015231 0.038282
3 0.449055 0.274977 0.015756 0.027077
9 0.539128 0.398693 0.012080 0.031746