2 0.009191 0.087302 0.014181 0.017740
0 0.553309 0.251167 0.012080 0.024276
0 0.524422 0.951914 0.012080 0.025210
0 0.244485 0.681139 0.007878 0.014006
3 0.435662 0.583100 0.027836 0.068161
3 0.505777 0.848273 0.038866 0.070028
3 0.564076 0.845472 0.040966 0.053221
3 0.621586 0.597106 0.028887 0.071895
3 0.478466 0.592904 0.029412 0.069094
4 0.511817 0.567694 0.026786 0.067227
3 0.501313 0.353408 0.039391 0.047619
3 0.309874 0.601774 0.042017 0.049486
3 0.327206 0.554622 0.038866 0.041083
3 0.340861 0.516340 0.040966 0.044818
3 0.230567 0.553688 0.040966 0.050420
3 0.263393 0.522409 0.041492 0.043884
3 0.266544 0.469655 0.040441 0.046685
3 0.184086 0.520542 0.038340 0.042017
3 0.202994 0.486461 0.043592 0.048553
3 0.214548 0.437442 0.035189 0.043884
3 0.129727 0.494865 0.044118 0.044818
3 0.149422 0.453782 0.042542 0.041083
3 0.166492 0.412232 0.039916 0.045752
3 0.744748 0.681606 0.042017 0.046685
3 0.741334 0.627918 0.039391 0.042017
3 0.740809 0.570028 0.037290 0.038282
3 0.769170 0.542017 0.040441 0.043884
3 0.784139 0.707283 0.032563 0.038282
3 0.804622 0.661531 0.040966 0.043884
3 0.809086 0.614379 0.042542 0.048553
3 0.837447 0.579832 0.044643 0.050420
3 0.827468 0.729225 0.040441 0.046685
3 0.868172 0.645191 0.040966 0.041083
3 0.881303 0.764239 0.042017 0.049486
3 0.925945 0.678805 0.043067 0.046685
3 0.930147 0.789449 0.045168 0.049486
3 0.978992 0.817460 0.039916 0.053221
3 0.882090 0.917367 0.044643 0.049486
5 0.636029 0.676471 0.061975 0.084967
3 0.392069 0.451914 0.033088 0.063492
5 0.296744 0.318861 0.042017 0.055089
3 0.166754 0.252568 0.041492 0.047619
3 0.115284 0.387021 0.044643 0.049486
3 0.099527 0.426237 0.040441 0.051354
3 0.072742 0.467320 0.042542 0.047619
3 0.060662 0.362745 0.038340 0.043884
3 0.023897 0.430906 0.041492 0.053221
3 0.017069 0.223623 0.034139 0.032680
3 0.071166 0.250700 0.044643 0.049486
3 0.013918 0.256303 0.027836 0.053221
3 0.964548 0.651727 0.045693 0.054155
3 0.481880 0.671802 0.032038 0.073763
3 0.597689 0.246032 0.032563 0.075630
3 0.648897 0.204482 0.026786 0.065359
3 0.676733 0.139589 0.029937 0.066293
3 0.665704 0.063025 0.032038 0.070028
3 0.705095 0.049020 0.030987 0.066293
5 0.735557 0.087302 0.050945 0.111111
0 0.010767 0.087768 0.013130 0.018674
9 0.552784 0.250233 0.009979 0.022409
0 0.531513 0.256303 0.007353 0.025210
9 0.555672 0.233427 0.013655 0.020542