3 0.706101 0.546958 0.023810 0.041005
4 0.795015 0.456349 0.031994 0.042328
4 0.853795 0.708995 0.021577 0.026455
4 0.837798 0.675265 0.026786 0.033069
4 0.871652 0.593254 0.018601 0.046296
3 0.890997 0.658069 0.020089 0.046296
3 0.123884 0.604497 0.030506 0.037037
3 0.197173 0.490079 0.025298 0.033069
3 0.009673 0.623016 0.019345 0.044974
3 0.853423 0.173942 0.026786 0.035714
5 0.959821 0.114418 0.031250 0.041005
4 0.713914 0.149471 0.024554 0.042328
4 0.739211 0.228836 0.030506 0.029101
3 0.293527 0.232143 0.018601 0.054233
3 0.256696 0.208995 0.017857 0.047619
3 0.249256 0.156746 0.017857 0.051587
3 0.281994 0.151455 0.017857 0.043651
3 0.327381 0.181217 0.020833 0.055556
4 0.161086 0.647487 0.027530 0.038360
3 0.203125 0.621693 0.031250 0.037037
3 0.319196 0.050265 0.011905 0.031746
8 0.743676 0.296958 0.063244 0.030423
3 0.594122 0.170635 0.026042 0.039683
9 0.339658 0.242063 0.009673 0.029101
3 0.144345 0.615079 0.026786 0.039683
4 0.221354 0.560847 0.023065 0.039683
3 0.262649 0.583333 0.031250 0.037037
3 0.748140 0.579365 0.023065 0.042328
5 0.810268 0.483466 0.025298 0.038360
5 0.941964 0.359127 0.023810 0.038360
3 0.072917 0.673942 0.031250 0.035714
9 0.178943 0.585317 0.012649 0.019841
3 0.171131 0.615741 0.025298 0.035714
3 0.604539 0.712963 0.023065 0.039683
4 0.622396 0.761905 0.023065 0.044974
3 0.639509 0.654101 0.023065 0.041005
3 0.667039 0.659392 0.024554 0.041005
4 0.674107 0.601852 0.025298 0.037037
4 0.698661 0.613095 0.023810 0.041005
7 0.742188 0.160053 0.014137 0.034392
3 0.034970 0.221561 0.028274 0.035714