9 0.477679 0.066138 0.007440 0.023810
2 0.510789 0.156085 0.006696 0.021164
3 0.523438 0.819444 0.054315 0.178571
3 0.595238 0.769841 0.061012 0.169312
3 0.489955 0.472222 0.037946 0.100529
3 0.468378 0.257937 0.031994 0.079365
3 0.366071 0.310847 0.062500 0.058201
3 0.295015 0.539021 0.043899 0.130952
8 0.649926 0.640873 0.127232 0.419312
3 0.047991 0.322751 0.084077 0.052910
8 0.711310 0.251323 0.046131 0.052910
3 0.310640 0.238757 0.060268 0.051587
0 0.163318 0.488095 0.018601 0.042328
0 0.153646 0.460317 0.018601 0.044974
3 0.456101 0.077381 0.023810 0.051587
4 0.057292 0.201058 0.038690 0.063492
0 0.073661 0.275794 0.016369 0.038360
7 0.701637 0.169974 0.049107 0.048942
2 0.218750 0.576058 0.017857 0.059524
3 0.834077 0.231481 0.074405 0.055556
5 0.330357 0.075397 0.032738 0.097884
6 0.499628 0.068783 0.015625 0.039683
0 0.517485 0.067460 0.006696 0.034392
0 0.511533 0.063492 0.006696 0.031746
1 0.213542 0.573413 0.016369 0.041005
1 0.509301 0.143519 0.008185 0.027778
1 0.476935 0.054894 0.008929 0.022487
6 0.809896 0.078042 0.024554 0.044974
0 0.152158 0.240741 0.014137 0.034392
0 0.222098 0.149471 0.011161 0.037037
5 0.529762 0.049603 0.035714 0.078042