3 0.452731 0.535481 0.040966 0.073763
6 0.098477 0.691877 0.037290 0.070962
1 0.101103 0.673669 0.025735 0.062558
8 0.116334 0.504669 0.106618 0.152194
2 0.697742 0.678338 0.023634 0.056956
1 0.698267 0.663399 0.020483 0.055089
3 0.796744 0.677404 0.081933 0.107376
3 0.721639 0.576564 0.068277 0.079365
2 0.741334 0.852007 0.030987 0.077498
1 0.744223 0.827264 0.024160 0.065359
9 0.627101 0.479458 0.012605 0.038282
1 0.627363 0.465920 0.012080 0.037348
1 0.855042 0.746965 0.017857 0.065359
0 0.904149 0.725023 0.021534 0.066293
1 0.601891 0.420635 0.009454 0.043884
0 0.659926 0.509337 0.012080 0.051354
0 0.648897 0.508403 0.014181 0.049486
6 0.696166 0.525210 0.042542 0.053221
3 0.680410 0.490196 0.042542 0.056022
3 0.650735 0.440243 0.035714 0.053221
0 0.966387 0.774977 0.022059 0.072829
1 0.939601 0.697479 0.028361 0.056022
9 0.838498 0.704015 0.042542 0.061625
3 0.630252 0.401494 0.036765 0.048553
6 0.736082 0.520075 0.046744 0.048553
3 0.533613 0.393091 0.028361 0.042951
4 0.621061 0.365079 0.027836 0.050420
4 0.601366 0.328665 0.022059 0.042951
3 0.168855 0.415966 0.055147 0.051354
3 0.215861 0.352941 0.055672 0.046685
9 0.498687 0.323529 0.008929 0.027077
3 0.273109 0.334734 0.027311 0.040149
3 0.072479 0.345938 0.055672 0.042017
3 0.318277 0.278245 0.027311 0.031746
3 0.419118 0.373483 0.027311 0.048553
3 0.376313 0.380486 0.030987 0.049486
3 0.513130 0.298786 0.023109 0.035481
3 0.508403 0.272642 0.018908 0.028011
3 0.506828 0.244164 0.015756 0.023343
3 0.570641 0.247899 0.034139 0.027077
9 0.480567 0.235761 0.011555 0.017740