1 0.873162 0.586835 0.036239 0.070028
3 0.505515 0.193744 0.083508 0.075630
9 0.259191 0.445378 0.034139 0.097106
9 0.715074 0.098506 0.015231 0.025210
0 0.006040 0.419701 0.012080 0.062558
1 0.620536 0.232960 0.011029 0.030812
0 0.278624 0.471055 0.016282 0.079365
0 0.004989 0.376751 0.009979 0.043884
9 0.228729 0.314192 0.027836 0.023343
0 0.233981 0.296452 0.014181 0.047619
0 0.132090 0.317927 0.012080 0.045752
9 0.133666 0.296452 0.011029 0.040149
1 0.220851 0.271242 0.008929 0.036415
0 0.327994 0.441176 0.012080 0.045752
3 0.498162 0.989262 0.064601 0.021475
3 0.930935 0.089169 0.035189 0.060691
0 0.161239 0.340336 0.010504 0.055089
0 0.123687 0.380486 0.021534 0.066293
0 0.172532 0.342670 0.013130 0.069094
0 0.164916 0.348273 0.011555 0.041083
2 0.235294 0.321195 0.035714 0.074697
9 0.315914 0.333333 0.024685 0.069094
9 0.697742 0.107843 0.017332 0.027077
1 0.698792 0.086368 0.008929 0.034547
0 0.659926 0.141457 0.009979 0.045752
9 0.366334 0.376751 0.034139 0.066293
0 0.211922 0.415966 0.016282 0.071895
0 0.190389 0.419701 0.021534 0.068161
3 0.640494 0.115313 0.060399 0.071895
0 0.288078 0.443044 0.016282 0.079365
0 0.196166 0.396359 0.016282 0.070028
3 0.680935 0.070495 0.046744 0.058824
0 0.218750 0.390756 0.019433 0.079365
3 0.604254 0.570495 0.098214 0.183007
0 0.017595 0.401961 0.022584 0.077498
3 0.543592 0.472456 0.089286 0.143791
3 0.660189 0.265640 0.061975 0.088702
3 0.732931 0.312325 0.063550 0.103641
3 0.355830 0.479458 0.097164 0.167134
0 0.480567 0.269374 0.019958 0.073763
9 0.148372 0.300654 0.016282 0.052288
6 0.621061 0.248833 0.037290 0.068161
9 0.660977 0.159197 0.019433 0.032680
3 0.476103 0.349673 0.086660 0.111111
9 0.384191 0.333800 0.046744 0.055089
3 0.732931 0.154528 0.059349 0.109244
9 0.364233 0.279645 0.034139 0.060691
9 0.465861 0.254435 0.038866 0.055089
3 0.603992 0.176937 0.059874 0.077498
3 0.802784 0.160131 0.042542 0.073763
1 0.717700 0.077965 0.008929 0.030812
3 0.777048 0.089169 0.044643 0.068161
3 0.855830 0.026144 0.036239 0.050420
3 0.800158 0.046218 0.041492 0.053221
9 0.867384 0.610644 0.026786 0.069094
2 0.195116 0.499533 0.037290 0.069094