3 0.339548 0.429038 0.039391 0.083100
3 0.488445 0.603175 0.086134 0.078431
3 0.277311 0.051354 0.015756 0.028011
9 0.527836 0.359477 0.016807 0.039216
1 0.528624 0.351541 0.013130 0.034547
4 0.255252 0.018207 0.014706 0.023343
3 0.290704 0.169468 0.021534 0.036415
3 0.249737 0.096172 0.019433 0.031746
0 0.017857 0.873016 0.026261 0.069094
2 0.172006 0.878618 0.033088 0.070962
3 0.888655 0.191410 0.042017 0.035481
3 0.710609 0.070028 0.026261 0.024276
4 0.718225 0.107843 0.026786 0.027077
3 0.951943 0.240896 0.043592 0.037348
3 0.947216 0.220822 0.036239 0.034547
3 0.979517 0.180672 0.034664 0.040149
4 0.384191 0.158730 0.021534 0.039216
3 0.317752 0.078898 0.030462 0.027077
3 0.132090 0.643324 0.103466 0.084034
3 0.273897 0.570495 0.088761 0.078431
3 0.414916 0.394958 0.032563 0.054155
0 0.034926 0.864146 0.023634 0.075630
0 0.050945 0.849673 0.022059 0.078431
9 0.064338 0.798319 0.032038 0.054155
1 0.061450 0.779178 0.018908 0.056956
0 0.018120 0.850140 0.025735 0.068161
3 0.925683 0.237628 0.040441 0.034547
3 0.923845 0.209617 0.035714 0.032680
4 0.856880 0.196545 0.037290 0.032680
4 0.840599 0.190009 0.032038 0.036415
4 0.855830 0.173669 0.036239 0.033613
4 0.839548 0.165266 0.035189 0.031746
3 0.827994 0.187675 0.036239 0.028011
3 0.809086 0.175537 0.033088 0.029879
3 0.789128 0.171802 0.027836 0.026144
3 0.776523 0.160598 0.027836 0.024276
3 0.862658 0.133520 0.027836 0.024276
3 0.843225 0.129785 0.026786 0.028011
3 0.834821 0.114379 0.032038 0.030812
3 0.816176 0.111111 0.025210 0.026144
3 0.798057 0.101774 0.030987 0.031746
3 0.770746 0.093371 0.029937 0.026144
3 0.730042 0.074697 0.026261 0.028011