0 0.627232 0.383598 0.049107 0.126984
0 0.663318 0.182540 0.020089 0.071429
0 0.706473 0.447090 0.031994 0.164021
0 0.531622 0.392857 0.031994 0.119048
0 0.408482 0.417989 0.028274 0.150794
0 0.474702 0.500661 0.032738 0.165344
0 0.329613 0.429894 0.025298 0.134921
0 0.417039 0.398810 0.030506 0.154762
0 0.613095 0.338624 0.029762 0.105820
0 0.357143 0.386243 0.025298 0.140212
0 0.309524 0.462963 0.038690 0.164021
0 0.133929 0.370370 0.037202 0.126984
0 0.270833 0.335317 0.022321 0.109788
0 0.546503 0.199735 0.021577 0.092593
0 0.944568 0.303571 0.036458 0.123016
0 0.258185 0.310847 0.025298 0.124339
1 0.790179 0.275794 0.025298 0.101852
0 0.808408 0.269841 0.024554 0.092593
0 0.584449 0.279762 0.014137 0.059524
0 0.847470 0.877646 0.059524 0.226190
1 0.538318 0.325397 0.026042 0.108466
0 0.520461 0.297619 0.026042 0.089947
0 0.487351 0.157407 0.017857 0.063492
0 0.095238 0.314153 0.017857 0.067460
1 0.095610 0.317460 0.031994 0.058201
2 0.430432 0.343254 0.040923 0.070106
0 0.641369 0.141534 0.013393 0.071429
1 0.182292 0.160053 0.016369 0.034392
0 0.161086 0.130291 0.015625 0.046296
0 0.803943 0.216270 0.017113 0.062169
0 0.441964 0.108466 0.013393 0.052910
0 0.397693 0.096561 0.012649 0.052910
1 0.134301 0.104497 0.014137 0.050265
0 0.790179 0.160714 0.014881 0.048942
1 0.117932 0.119709 0.015625 0.030423
0 0.230655 0.120370 0.014881 0.026455
0 0.722842 0.146164 0.012649 0.048942
0 0.436012 0.122354 0.014881 0.062169
0 0.571801 0.278439 0.014137 0.056878
0 0.563988 0.247354 0.016369 0.082011
0 0.958705 0.294312 0.026042 0.104497
0 0.970982 0.281085 0.026786 0.120370
0 0.182664 0.100529 0.014137 0.044974
0 0.562872 0.094577 0.011161 0.038360
0 0.551711 0.088624 0.008185 0.037037
0 0.488839 0.220238 0.017857 0.078042
0 0.739955 0.133598 0.017113 0.052910
1 0.955729 0.174603 0.020089 0.063492
1 0.904762 0.185185 0.020833 0.044974
1 0.940848 0.193783 0.018601 0.035714
1 0.925967 0.189815 0.018601 0.035714