3 0.046744 0.287115 0.093487 0.086835
0 0.599002 0.711951 0.023634 0.066293
1 0.622637 0.710084 0.022584 0.042017
0 0.602416 0.680672 0.022059 0.072829
0 0.090074 0.142857 0.021534 0.059757
0 0.110294 0.093838 0.021008 0.066293
0 0.051733 0.063025 0.021534 0.060691
0 0.046218 0.151261 0.025210 0.070962
6 0.100053 0.042484 0.043592 0.038282
9 0.050420 0.096639 0.015756 0.060691
6 0.809611 0.690009 0.076155 0.160598
2 0.270746 0.059757 0.021534 0.063492
1 0.274685 0.055556 0.018908 0.056956
0 0.618697 0.110177 0.012605 0.050420
0 0.582458 0.131186 0.014706 0.058824
0 0.594275 0.124650 0.012080 0.053221
0 0.585347 0.115313 0.013130 0.058824
1 0.695903 0.137722 0.018908 0.034547
0 0.718750 0.144258 0.019433 0.056956
9 0.861345 0.871148 0.060924 0.076564
2 0.867910 0.887021 0.061450 0.056022
3 0.405462 0.300654 0.114496 0.085901
3 0.738708 0.500467 0.112920 0.151261
3 0.690126 0.223156 0.097689 0.082166
3 0.399422 0.179739 0.079307 0.094304
3 0.196691 0.399627 0.125525 0.106443
6 0.347689 0.438842 0.074580 0.095238
9 0.794380 0.921569 0.049895 0.082166
1 0.810924 0.937908 0.027311 0.053221
1 0.798057 0.912698 0.038340 0.062558
9 0.315126 0.081232 0.018908 0.048553
1 0.315389 0.072362 0.016282 0.053221
0 0.619485 0.105976 0.015231 0.060691
1 0.362132 0.419234 0.043592 0.070962