3 0.131040 0.704482 0.027836 0.043884
3 0.137605 0.681139 0.027311 0.042017
5 0.075105 0.643324 0.053571 0.115780
5 0.111607 0.586835 0.046744 0.088702
1 0.142857 0.596172 0.006303 0.027077
5 0.160189 0.577031 0.046218 0.082166
5 0.143908 0.637255 0.037815 0.075630
3 0.219013 0.699813 0.030462 0.043884
3 0.217700 0.681139 0.024685 0.043884
3 0.213235 0.653595 0.021008 0.033613
3 0.179884 0.582166 0.015231 0.021475
3 0.213761 0.629785 0.018908 0.027077
3 0.392069 0.573296 0.015231 0.020542
3 0.950630 0.787582 0.084034 0.075630
3 0.347164 0.565359 0.021008 0.027077
3 0.466649 0.657796 0.040441 0.049486
4 0.497637 0.676471 0.040441 0.055089
5 0.590599 0.675537 0.141282 0.127918
3 0.753414 0.631653 0.034139 0.027077
4 0.901786 0.665266 0.053571 0.049486
5 0.963498 0.670401 0.070903 0.070962
3 0.948004 0.641457 0.037815 0.035481
3 0.956408 0.624183 0.030462 0.025210
5 0.942489 0.615780 0.027836 0.027077
5 0.912553 0.607843 0.040441 0.042951
3 0.849790 0.628385 0.035714 0.031746
0 0.397059 0.761905 0.012605 0.054155
0 0.446166 0.757703 0.015231 0.055089
0 0.400998 0.750233 0.012080 0.060691
0 0.449055 0.758170 0.013655 0.059757
0 0.492910 0.695145 0.012080 0.047619
0 0.418330 0.756769 0.012080 0.055089
5 0.864496 0.652194 0.053571 0.043884
3 0.441964 0.560691 0.021534 0.027077
5 0.020221 0.637722 0.040441 0.104575
5 0.073267 0.597106 0.068803 0.116713
3 0.329044 0.574697 0.018382 0.027077
4 0.540179 0.710084 0.059349 0.060691
4 0.586134 0.611111 0.031513 0.032680
3 0.210872 0.630719 0.018382 0.032680
3 0.212185 0.616246 0.018908 0.031746
3 0.750525 0.791317 0.063025 0.060691
4 0.748424 0.681606 0.048319 0.042951