1 0.003939 0.432773 0.007878 0.047619
2 0.010242 0.437442 0.011029 0.049486
0 0.112132 0.416900 0.011029 0.045752
0 0.387342 0.096639 0.006828 0.025210
3 0.469013 0.012138 0.013655 0.011204
3 0.467437 0.026144 0.014706 0.022409
3 0.464548 0.041550 0.014181 0.027077
3 0.462447 0.056489 0.016282 0.028945
3 0.459296 0.077965 0.016282 0.045752
3 0.468487 0.105976 0.018908 0.036415
3 0.547532 0.042017 0.020483 0.042951
3 0.562237 0.078898 0.033088 0.023343
3 0.577468 0.131653 0.034139 0.024276
0 0.602679 0.097572 0.007878 0.036415
9 0.620011 0.286181 0.017332 0.019608
9 0.726366 0.415966 0.009454 0.036415
2 0.754727 0.382353 0.010504 0.028945
0 0.932773 0.367880 0.012605 0.050420
9 0.675683 0.364613 0.032038 0.038282
0 0.693015 0.308590 0.009979 0.045752
1 0.702994 0.387955 0.009979 0.025210
3 0.460872 0.290383 0.033088 0.057890
3 0.465074 0.226424 0.023634 0.045752
1 0.689601 0.965920 0.028361 0.045752
9 0.252889 0.410364 0.027836 0.034547
1 0.864496 0.614846 0.017857 0.055089
1 0.425420 0.332400 0.010504 0.035481
2 0.863708 0.627918 0.046744 0.043884
9 0.422794 0.350140 0.012605 0.031746
0 0.548582 0.129318 0.006828 0.036415
9 0.363708 0.307656 0.020483 0.030812
0 0.542279 0.283380 0.009979 0.032680
2 0.021271 0.435574 0.018382 0.038282
3 0.173845 0.917367 0.111345 0.161531
3 0.496586 0.171335 0.019433 0.043884
3 0.946691 0.906629 0.104517 0.156863
3 0.590861 0.312325 0.028361 0.045752
3 0.446429 0.186741 0.023109 0.041083
3 0.067227 0.534547 0.096639 0.068161
3 0.652574 0.265640 0.050945 0.043884
3 0.584821 0.141457 0.040441 0.027077
4 0.455357 0.149860 0.021008 0.036415
6 0.691702 0.967320 0.034664 0.056022
9 0.688813 0.398693 0.008929 0.037348
2 0.761817 0.403828 0.015231 0.036415
9 0.792805 0.399627 0.008929 0.041083
9 0.813288 0.401494 0.012080 0.037348
9 0.868435 0.415500 0.008929 0.035481
9 0.902574 0.390756 0.015231 0.036415
2 0.914916 0.418301 0.011555 0.037348
9 0.964548 0.416900 0.023634 0.049486
1 0.489496 0.338469 0.012605 0.030812
6 0.488971 0.354342 0.017857 0.036415
1 0.419118 0.405696 0.012605 0.047619
9 0.418592 0.416900 0.023109 0.042017
1 0.152311 0.725490 0.021008 0.067227
9 0.156513 0.746499 0.039916 0.055089
9 0.345326 0.365546 0.026786 0.028945
9 0.395746 0.303922 0.023634 0.034547
9 0.400473 0.282446 0.024685 0.028945
0 0.129989 0.435574 0.013130 0.045752
0 0.545956 0.130252 0.006828 0.038282
0 0.037553 0.413165 0.011029 0.049486
0 0.009979 0.415966 0.008403 0.043884
9 0.261292 0.423436 0.027836 0.030812
9 0.096376 0.449580 0.013130 0.045752
3 0.510504 0.612045 0.098739 0.081232
3 0.586660 0.703548 0.095588 0.079365
9 0.164391 0.725490 0.048319 0.061625
1 0.159401 0.709617 0.023634 0.063492
3 0.460609 0.121382 0.017857 0.029879
1 0.424107 0.332866 0.012080 0.038282
1 0.489758 0.350607 0.012080 0.027077
3 0.449055 0.374416 0.033613 0.069094
2 0.538078 0.480392 0.033088 0.034547
1 0.542017 0.459384 0.017857 0.041083
2 0.530725 0.450980 0.027836 0.029879
1 0.533088 0.432306 0.017857 0.035481
2 0.538866 0.466387 0.027311 0.030812
1 0.540704 0.448646 0.017332 0.036415
3 0.700105 0.441176 0.080882 0.077498
3 0.716649 0.564893 0.101366 0.072829
3 0.623687 0.506536 0.083508 0.068161
0 0.566176 0.330065 0.014706 0.045752
4 0.388393 0.686275 0.100315 0.097106
3 0.327731 0.561625 0.099790 0.086835
3 0.905200 0.577031 0.101366 0.074697
3 0.903361 0.509337 0.086134 0.068161
3 0.935399 0.471522 0.072479 0.056022
0 0.566702 0.279645 0.008403 0.027077