2 0.031250 0.586835 0.054097 0.064426
0 0.027574 0.595705 0.032038 0.076564
3 0.126576 0.288049 0.114496 0.086835
0 0.540441 0.675070 0.027311 0.070962
1 0.559349 0.672736 0.025210 0.042017
0 0.542017 0.651261 0.022059 0.071895
9 0.958508 0.535948 0.049370 0.054155
6 0.951943 0.474323 0.064601 0.065359
1 0.970326 0.472923 0.021534 0.060691
1 0.945641 0.468254 0.021534 0.049486
0 0.090599 0.139589 0.021534 0.060691
0 0.133141 0.088235 0.020483 0.066293
0 0.091912 0.053221 0.021008 0.059757
0 0.049370 0.141457 0.023109 0.070028
1 0.962973 0.526144 0.022584 0.066293
6 0.102153 0.039683 0.043592 0.038282
9 0.051996 0.094771 0.015756 0.060691
3 0.035977 0.248833 0.071954 0.096172
6 0.814338 0.687208 0.076155 0.160598
2 0.275473 0.057890 0.021534 0.063492
1 0.275735 0.054622 0.018908 0.056956
0 0.570903 0.087302 0.013655 0.051354
0 0.582195 0.131186 0.015231 0.058824
0 0.594800 0.118581 0.012080 0.054155
0 0.590861 0.115313 0.012605 0.058824
1 0.700105 0.135854 0.018908 0.034547
0 0.721376 0.142857 0.019433 0.056022
9 0.869748 0.872082 0.060924 0.076564
2 0.877889 0.889823 0.061450 0.056022
3 0.346376 0.649860 0.124475 0.227824
3 0.595851 0.302521 0.113971 0.084034
3 0.659664 0.696078 0.081933 0.232493
3 0.221376 0.338469 0.124475 0.107376
6 0.240809 0.535481 0.080357 0.111111
0 0.571691 0.084034 0.015231 0.059757
1 0.254989 0.504202 0.043592 0.070962