5 0.119853 0.567320 0.066176 0.112418
3 0.883456 0.917647 0.096324 0.156863
3 0.189706 0.806536 0.102941 0.146405
3 0.083824 0.650327 0.094118 0.079739
3 0.205147 0.696732 0.058824 0.094118
3 0.872794 0.756209 0.100000 0.090196
3 0.230515 0.454248 0.065441 0.053595
3 0.434926 0.387582 0.027206 0.053595
3 0.475368 0.449020 0.030147 0.064052
3 0.480882 0.311765 0.019118 0.043137
3 0.440441 0.312418 0.019118 0.044444
3 0.228309 0.377124 0.050735 0.040523
3 0.231618 0.322222 0.039706 0.035294
3 0.241912 0.417647 0.050000 0.048366
4 0.366176 0.303922 0.029412 0.045752
4 0.377574 0.273856 0.019853 0.037908
5 0.648897 0.325490 0.028676 0.060131
3 0.812868 0.481699 0.068382 0.058824
3 0.958088 0.752941 0.080882 0.088889
3 0.861397 0.584967 0.086029 0.064052
3 0.757721 0.412418 0.059559 0.045752
1 0.168015 0.979739 0.019853 0.035294
3 0.738603 0.394118 0.052206 0.043137
3 0.733456 0.369935 0.053676 0.033987
3 0.838971 0.549673 0.067647 0.045752
6 0.760294 0.488235 0.041176 0.043137
6 0.164338 0.425490 0.052206 0.048366
3 0.619118 0.251634 0.033824 0.037908
3 0.657721 0.258824 0.041912 0.033987
5 0.689706 0.313725 0.052941 0.054902
3 0.397426 0.230719 0.016912 0.032680
3 0.404044 0.213725 0.016912 0.019608
1 0.354044 0.416993 0.011029 0.036601
1 0.232721 0.896732 0.021324 0.070588
0 0.215441 0.407190 0.010294 0.032680
0 0.227206 0.411111 0.008824 0.030065
0 0.238235 0.396078 0.008824 0.031373
9 0.384926 0.408497 0.012500 0.037908
3 0.618015 0.218301 0.031618 0.028758