0 0.544118 0.246032 0.007353 0.042017
2 0.870011 0.380486 0.029937 0.036415
3 0.205095 0.310924 0.080357 0.061625
0 0.684874 0.344538 0.012605 0.054155
6 0.266019 0.278711 0.033088 0.049486
9 0.366597 0.309057 0.015756 0.039216
9 0.376050 0.314659 0.015756 0.044818
9 0.391282 0.316527 0.013655 0.044818
3 0.424370 0.316993 0.037815 0.064426
3 0.482931 0.298786 0.045693 0.067227
4 0.737658 0.234827 0.033088 0.070028
9 0.691439 0.165733 0.020483 0.021475
3 0.276786 0.461718 0.100840 0.088702
4 0.622111 0.604108 0.130777 0.145658
9 0.876050 0.375817 0.012605 0.053221
3 0.095588 0.418301 0.091387 0.085901
3 0.963498 0.507937 0.070903 0.095238
0 0.561712 0.257703 0.008929 0.044818
6 0.180935 0.338936 0.048845 0.044818
1 0.170956 0.333800 0.014181 0.047619
2 0.101366 0.307190 0.025210 0.033613
1 0.104517 0.299720 0.012605 0.046685
2 0.885767 0.398226 0.029937 0.036415
1 0.894170 0.387488 0.014181 0.052288
0 0.894433 0.338936 0.012605 0.050420
2 0.982405 0.444911 0.033088 0.042017
3 0.064863 0.270775 0.070903 0.056022
4 0.951943 0.765173 0.094013 0.154062
2 0.238445 0.712418 0.025210 0.080299
1 0.236870 0.700280 0.016807 0.067227
1 0.238445 0.718487 0.021008 0.047619
2 0.895221 0.495798 0.039391 0.052288
1 0.898109 0.488329 0.024160 0.056022
9 0.021534 0.775444 0.043067 0.045752
9 0.013393 0.893091 0.026786 0.034547
3 0.878414 0.055556 0.019433 0.032680
3 0.850840 0.043417 0.019958 0.034547
9 0.702468 0.150794 0.017332 0.021475
3 0.792805 0.287115 0.034139 0.062558
4 0.878939 0.234360 0.029937 0.061625