3 0.039653 0.090103 0.079307 0.073763
9 0.200630 0.055556 0.010504 0.045752
9 0.214286 0.063025 0.009454 0.043884
9 0.228729 0.060224 0.009979 0.049486
3 0.259979 0.052754 0.044118 0.081232
3 0.318015 0.031279 0.053046 0.062558
4 0.893908 0.260971 0.096639 0.086835
0 0.892595 0.501867 0.020483 0.056956
0 0.904149 0.494865 0.015231 0.052288
0 0.951418 0.302988 0.015231 0.043884
3 0.016544 0.128852 0.033088 0.074697
0 0.679622 0.047152 0.009454 0.049486
0 0.827994 0.124650 0.015231 0.047619
0 0.383666 0.912698 0.017332 0.049486
0 0.101628 0.060691 0.011029 0.052288
3 0.528099 0.077965 0.035189 0.098039
0 0.840074 0.129785 0.015231 0.044818
1 0.402048 0.872549 0.027836 0.047619
2 0.403624 0.893091 0.045693 0.051354
0 0.820116 0.908030 0.023634 0.056956
1 0.830620 0.873483 0.019433 0.043884
0 0.859506 0.847339 0.022584 0.047619
1 0.877363 0.823063 0.024685 0.058824
0 0.849527 0.788982 0.026786 0.048553
0 0.928309 0.900560 0.032038 0.053221
7 0.104254 0.202148 0.038340 0.043884
1 0.097952 0.186275 0.008929 0.040149
1 0.106880 0.191877 0.008929 0.038282
9 0.035452 0.176004 0.035189 0.030812
1 0.034926 0.169468 0.011029 0.045752
0 0.670431 0.054622 0.006828 0.040149
0 0.663603 0.058357 0.006828 0.032680
0 0.808561 0.885621 0.017332 0.053221
3 0.759191 0.192344 0.084559 0.097106
0 0.242910 0.622782 0.015231 0.056022
9 0.252889 0.399160 0.033088 0.038282
1 0.245011 0.386555 0.011029 0.039216
9 0.809086 0.312325 0.035189 0.038282
1 0.815914 0.305789 0.016282 0.051354
9 0.757090 0.291783 0.033088 0.043884
1 0.762868 0.283380 0.018382 0.043884
6 0.131565 0.351541 0.039391 0.038282
1 0.137342 0.344071 0.013130 0.045752
2 0.694065 0.172736 0.021534 0.052288
9 0.773897 0.051821 0.021534 0.036415
0 0.779149 0.034080 0.008929 0.043884
2 0.764443 0.118114 0.028887 0.025210
3 0.036502 0.267040 0.071954 0.089636