3 0.601935 0.794312 0.053571 0.115079
4 0.636905 0.756614 0.049107 0.121693
6 0.699777 0.909392 0.063244 0.133598
3 0.563616 0.454365 0.030506 0.056878
3 0.314732 0.720899 0.038690 0.111111
3 0.382068 0.417989 0.024554 0.052910
6 0.311012 0.430556 0.020833 0.043651
3 0.327009 0.337963 0.024554 0.043651
3 0.357887 0.339286 0.022321 0.046296
0 0.456101 0.317460 0.007440 0.026455
3 0.546875 0.882275 0.053571 0.142857
3 0.499628 0.511243 0.026042 0.054233
3 0.477307 0.357804 0.020089 0.041005
4 0.510417 0.359127 0.020833 0.038360
7 0.625744 0.637566 0.047619 0.089947