3 0.493172 0.923436 0.080882 0.149393
3 0.141282 0.695145 0.170168 0.165266
3 0.505777 0.402894 0.043067 0.094304
3 0.418855 0.504202 0.055147 0.113912
4 0.497374 0.318861 0.036765 0.090570
3 0.570903 0.278711 0.031513 0.058824
3 0.659664 0.344071 0.042017 0.066293
4 0.706408 0.300187 0.044118 0.068161
4 0.715074 0.258170 0.069853 0.051354
3 0.728204 0.237162 0.063550 0.046685
3 0.690389 0.210084 0.060399 0.042951
3 0.556723 0.024276 0.016807 0.029879
1 0.906513 0.702148 0.022059 0.087768
2 0.896534 0.710551 0.050420 0.056022
1 0.934086 0.640990 0.021534 0.083100
2 0.929884 0.654062 0.048845 0.053221
1 0.636817 0.383287 0.016282 0.049486
1 0.638918 0.384687 0.013130 0.048553
9 0.635504 0.400093 0.018908 0.049486
1 0.443015 0.345938 0.011029 0.045752
1 0.441964 0.330532 0.011029 0.031746
2 0.444328 0.362745 0.010504 0.049486
1 0.451681 0.180672 0.008403 0.027077
6 0.456408 0.183940 0.017857 0.050420
1 0.469013 0.292250 0.011555 0.037348
9 0.468487 0.313725 0.011555 0.037348
1 0.611082 0.201681 0.011029 0.041083
2 0.611082 0.215686 0.008929 0.029879
2 0.888393 0.658263 0.047794 0.052288
1 0.893645 0.639122 0.022584 0.075630
3 0.511555 0.117180 0.019958 0.038282
3 0.887080 0.483193 0.114496 0.112979
3 0.518908 0.050420 0.017857 0.028011
3 0.513918 0.024743 0.016282 0.023343
3 0.477416 0.050887 0.017857 0.027077
9 0.572216 0.033613 0.015231 0.035481
0 0.612658 0.145191 0.011029 0.043884
2 0.581145 0.047152 0.013130 0.040149
0 0.622111 0.181606 0.009979 0.042017
0 0.699842 0.099440 0.015231 0.032680
0 0.597426 0.103175 0.008929 0.043884
0 0.603204 0.109711 0.007878 0.045752
0 0.457721 0.064893 0.012080 0.038282
0 0.613183 0.148926 0.009979 0.043884
0 0.620011 0.143791 0.012080 0.052288
3 0.405200 0.122782 0.051996 0.040149
3 0.422794 0.075630 0.049370 0.037348
4 0.448792 0.045285 0.022584 0.053221
3 0.672269 0.197012 0.060924 0.048553
3 0.658088 0.170868 0.049370 0.044818
3 0.648372 0.111578 0.047794 0.036415
3 0.639181 0.099907 0.050420 0.033613
3 0.601891 0.014006 0.032563 0.022409
3 0.618697 0.051821 0.033613 0.025210
3 0.632878 0.064426 0.035714 0.031746