3 0.763393 0.511671 0.032038 0.052288
3 0.752363 0.485994 0.026786 0.038282
0 0.820116 0.523810 0.006828 0.033613
0 0.801208 0.526611 0.008929 0.029879
3 0.627626 0.344538 0.016807 0.029879
3 0.389968 0.573296 0.058298 0.057890
3 0.444328 0.464052 0.029412 0.042951
3 0.480305 0.398693 0.021534 0.033613
3 0.502889 0.357143 0.015231 0.028945
3 0.509716 0.347339 0.014181 0.024276
3 0.516282 0.342204 0.012605 0.023343
3 0.135242 0.512605 0.050945 0.048553
3 0.575368 0.473389 0.026786 0.052288
3 0.546218 0.448179 0.018908 0.033613
3 0.560399 0.389356 0.013655 0.028011
3 0.572742 0.521008 0.026786 0.050420
3 0.910452 0.662465 0.068803 0.056956
3 0.580620 0.424837 0.016282 0.028011
3 0.583508 0.404762 0.015756 0.028945
3 0.534139 0.502334 0.026261 0.056022
3 0.542017 0.400560 0.018908 0.033613
9 0.637342 0.334267 0.013130 0.029879
9 0.646271 0.335668 0.011029 0.025210
1 0.636029 0.334734 0.008403 0.027077
1 0.644433 0.336134 0.010504 0.026144
0 0.798057 0.472456 0.011029 0.037348
0 0.816964 0.529879 0.006828 0.028945
0 0.534664 0.551821 0.008403 0.041083
0 0.534401 0.561158 0.008929 0.041083
3 0.741597 0.460317 0.024160 0.033613
1 0.561975 0.563492 0.011555 0.043884
2 0.558561 0.576564 0.021534 0.025210
9 0.561450 0.578898 0.023109 0.031746
1 0.558036 0.569094 0.011029 0.038282
0 0.933824 0.556489 0.007353 0.041083
0 0.816439 0.504202 0.011029 0.044818
0 0.939863 0.551821 0.008929 0.029879
9 0.733718 0.504669 0.011555 0.028945
1 0.735032 0.492063 0.009979 0.029879
3 0.533613 0.307190 0.013655 0.024276
3 0.576943 0.446779 0.020483 0.038282
3 0.585609 0.383754 0.013655 0.024276
3 0.515231 0.487395 0.021008 0.042951
2 0.463235 0.741830 0.030462 0.040149
1 0.462710 0.726891 0.016807 0.053221
2 0.316439 0.617180 0.025735 0.029879
1 0.313550 0.599907 0.011555 0.051354
0 0.840074 0.519141 0.008929 0.037348
0 0.535977 0.559290 0.008929 0.041083
0 0.637868 0.504202 0.008929 0.037348