4 0.350840 0.987395 0.030462 0.023343
3 0.746586 0.028011 0.030987 0.056022
2 0.060662 0.119048 0.014181 0.017740
0 0.534926 0.296919 0.012080 0.024276
0 0.539128 0.919234 0.012080 0.025210
0 0.267595 0.683007 0.007878 0.014006
3 0.457195 0.697479 0.021534 0.070962
3 0.457458 0.939309 0.033613 0.069094
3 0.514443 0.872082 0.038340 0.065359
3 0.597952 0.507003 0.022584 0.067227
3 0.497374 0.526144 0.030462 0.071895
3 0.534401 0.478058 0.027836 0.059757
3 0.558298 0.317927 0.035714 0.064426
3 0.305147 0.593371 0.047269 0.051354
3 0.316964 0.548086 0.037290 0.046685
3 0.328256 0.508403 0.038866 0.043884
3 0.238708 0.557423 0.039391 0.046685
3 0.269695 0.521942 0.038340 0.041083
3 0.272584 0.471522 0.044118 0.048553
3 0.192227 0.521475 0.038866 0.042017
4 0.212185 0.488796 0.043067 0.047619
3 0.224002 0.443978 0.034139 0.038282
3 0.141019 0.498133 0.043592 0.047619
3 0.160189 0.457049 0.044118 0.049486
3 0.179097 0.419701 0.038866 0.043884
3 0.735557 0.677404 0.042542 0.047619
3 0.734244 0.629318 0.038866 0.046685
3 0.737920 0.576097 0.036765 0.039216
3 0.760504 0.547152 0.040966 0.042951
3 0.772321 0.704482 0.034139 0.036415
3 0.792279 0.663866 0.040441 0.046685
3 0.795431 0.614846 0.041492 0.045752
3 0.825368 0.579365 0.045693 0.051354
3 0.813025 0.727824 0.038866 0.043884
3 0.852153 0.646592 0.040441 0.043884
3 0.865021 0.758637 0.044118 0.049486
3 0.908613 0.674603 0.045168 0.049486
3 0.912553 0.784314 0.044643 0.054155
3 0.961922 0.812792 0.042542 0.049486
3 0.750263 0.853408 0.042542 0.048553
5 0.591912 0.624183 0.053571 0.103641
3 0.438813 0.565359 0.027836 0.066293
5 0.385242 0.408030 0.040441 0.057890
3 0.278099 0.324930 0.037290 0.044818
3 0.126576 0.392624 0.039916 0.043884
3 0.110294 0.427638 0.043067 0.046685
3 0.082721 0.466853 0.043592 0.050420
3 0.073792 0.366480 0.040441 0.038282
3 0.039653 0.437908 0.042542 0.054155
3 0.028361 0.234360 0.039916 0.039216
3 0.086660 0.261438 0.047269 0.052288
4 0.023897 0.266106 0.037290 0.048553
3 0.507616 0.579365 0.032038 0.071895
3 0.629464 0.173669 0.030987 0.067227
3 0.646271 0.206816 0.027836 0.060691
3 0.678571 0.129785 0.028361 0.063492
5 0.688288 0.230159 0.056197 0.122316
0 0.542805 0.260971 0.012080 0.021475
9 0.564863 0.227358 0.009979 0.025210
4 0.993697 0.837535 0.009454 0.048553
3 0.009716 0.387955 0.019433 0.066293