3 0.807773 0.416900 0.023109 0.030812
3 0.837710 0.389823 0.021008 0.027077
3 0.829832 0.383287 0.018908 0.032680
5 0.830357 0.425303 0.033613 0.064426
3 0.750263 0.481326 0.034139 0.042017
6 0.668330 0.477591 0.017332 0.036415
3 0.798582 0.382820 0.023634 0.026144
4 0.750000 0.422969 0.027311 0.041083
3 0.657826 0.574697 0.049895 0.056956
3 0.215074 0.790850 0.110819 0.126984
3 0.442489 0.591503 0.067752 0.066293
4 0.504464 0.521475 0.048845 0.070028
3 0.575630 0.523343 0.045168 0.053221
3 0.633403 0.475724 0.037815 0.047619
3 0.690914 0.408964 0.023634 0.031746
5 0.742910 0.372549 0.027836 0.037348
3 0.778624 0.365079 0.021534 0.024276
3 0.737658 0.403828 0.025735 0.034547
0 0.301208 0.563959 0.018382 0.059757