0 0.906250 0.435574 0.017332 0.058824
1 0.825893 0.693277 0.027836 0.062558
0 0.582721 0.336134 0.011029 0.041083
9 0.306197 0.321662 0.012605 0.038282
0 0.304884 0.674136 0.019433 0.078431
0 0.432248 0.318394 0.012605 0.044818
0 0.443803 0.317927 0.012605 0.045752
1 0.455882 0.312325 0.012605 0.047619
0 0.479517 0.318394 0.012605 0.044818
0 0.449842 0.338936 0.008929 0.046685
0 0.493697 0.356676 0.010504 0.050420
0 0.472426 0.331466 0.008929 0.046685
0 0.436712 0.333800 0.015231 0.049486
0 0.446429 0.335201 0.012605 0.052288
0 0.381565 0.343604 0.015231 0.048553
0 0.437500 0.371615 0.016807 0.052288
0 0.174895 0.626517 0.017857 0.076564
0 0.104517 0.605976 0.027311 0.076564
0 0.073267 0.450514 0.019433 0.062558
0 0.048319 0.410831 0.018908 0.065359
0 0.153361 0.386555 0.018908 0.061625
0 0.181985 0.393557 0.019433 0.064426
6 0.285714 0.952381 0.099790 0.074697
1 0.259979 0.948179 0.027311 0.077498
0 0.815914 0.473389 0.014181 0.044818
2 0.577994 0.863679 0.023634 0.093371
9 0.689601 0.468721 0.022059 0.041083
9 0.815126 0.744631 0.036765 0.058824
9 0.654149 0.374883 0.026786 0.042017
2 0.681197 0.386088 0.030462 0.036415
9 0.706145 0.411765 0.016282 0.039216
1 0.778887 0.600840 0.018908 0.051354
1 0.766544 0.589169 0.023634 0.054155
1 0.753414 0.571429 0.019433 0.048553
1 0.677784 0.404762 0.018382 0.042017
0 0.644170 0.450514 0.013130 0.064426
0 0.301733 0.434174 0.017332 0.059757
0 0.285189 0.690476 0.014706 0.068161
0 0.612132 0.649860 0.019433 0.078431
0 0.599265 0.671802 0.017857 0.079365
0 0.581670 0.628852 0.019433 0.073763
0 0.552258 0.634454 0.019433 0.083100
0 0.677784 0.704482 0.019433 0.070028
0 0.528887 0.665733 0.014706 0.085901
0 0.553046 0.674136 0.018908 0.076564
0 0.304359 0.379085 0.012080 0.048553
0 0.470326 0.337068 0.011029 0.052288