3 0.936570 0.618717 0.100818 0.076058
1 0.096168 0.236442 0.010789 0.028439
9 0.095424 0.245701 0.018229 0.017857
2 0.427641 0.290675 0.009301 0.025794
9 0.176153 0.268188 0.016741 0.020503
1 0.178757 0.262897 0.010045 0.027116
1 0.183966 0.261574 0.010045 0.024471
3 0.125744 0.250331 0.032738 0.032407
3 0.195126 0.278770 0.030878 0.039021
5 0.283668 0.310516 0.051711 0.050926
3 0.555246 0.237765 0.018973 0.028439
1 0.673177 0.380622 0.016741 0.028439
3 0.512835 0.178241 0.015253 0.025794
9 0.469308 0.372685 0.030878 0.029762
1 0.471912 0.361111 0.012277 0.041005
3 0.430990 0.118717 0.012277 0.020503
8 0.468936 0.368056 0.087426 0.085317
3 0.874442 0.704034 0.077753 0.087963
3 0.738095 0.516865 0.085565 0.057540
3 0.371280 0.547950 0.040923 0.077381
3 0.249814 0.272817 0.029390 0.032407
2 0.424293 0.301257 0.008557 0.025794
2 0.432478 0.299272 0.009301 0.028439
3 0.516741 0.933201 0.067708 0.129630
3 0.534040 0.773479 0.052455 0.135582
1 0.812128 0.959987 0.020833 0.049603
0 0.798921 0.944775 0.023438 0.077381
2 0.808594 0.954696 0.022693 0.078704
8 0.652716 0.843915 0.097842 0.308201
5 0.473772 0.274802 0.023438 0.042989
3 0.502604 0.278770 0.020833 0.033730
3 0.475632 0.254960 0.017485 0.027116
3 0.509487 0.265542 0.015253 0.028439
8 0.474144 0.227183 0.026414 0.068122
3 0.502790 0.251653 0.015997 0.029762
6 0.554874 0.188161 0.012277 0.020503
2 0.672805 0.394511 0.015997 0.028439
3 0.502046 0.237103 0.018229 0.027116
3 0.494234 0.223876 0.017485 0.025794
3 0.490885 0.215278 0.013021 0.027116
3 0.462612 0.196759 0.014509 0.027116
4 0.456659 0.176918 0.013765 0.019180
4 0.452939 0.166997 0.012277 0.020503
5 0.483817 0.182870 0.018229 0.031085
3 0.472656 0.175595 0.013021 0.023148
5 0.360305 0.178902 0.028646 0.042989