3 0.495536 0.929038 0.076155 0.138189
3 0.389443 0.764239 0.077206 0.239963
3 0.501313 0.646592 0.065651 0.189542
3 0.389443 0.527544 0.083508 0.143791
3 0.505777 0.401961 0.043067 0.092437
3 0.440651 0.389356 0.040966 0.085901
4 0.498687 0.314192 0.035189 0.090570
3 0.595588 0.476190 0.048319 0.095238
3 0.662290 0.342670 0.043067 0.065359
4 0.709296 0.297386 0.044643 0.071895
4 0.718225 0.255369 0.069853 0.051354
3 0.728992 0.234827 0.064076 0.049486
3 0.694065 0.207750 0.062500 0.043884
3 0.550158 0.052754 0.019433 0.030812
1 0.910452 0.702614 0.024685 0.083100
2 0.901523 0.713819 0.049895 0.049486
1 0.938550 0.638655 0.024160 0.087768
2 0.935662 0.646592 0.051996 0.049486
1 0.702468 0.518207 0.017332 0.061625
1 0.707195 0.528945 0.017332 0.064426
9 0.696954 0.533613 0.025210 0.070028
1 0.439601 0.287115 0.009454 0.043884
1 0.440126 0.278245 0.008403 0.033613
2 0.437500 0.302521 0.009454 0.044818
1 0.460084 0.161998 0.007353 0.025210
6 0.462973 0.160131 0.015231 0.045752
1 0.479779 0.219888 0.011029 0.032680
9 0.480305 0.225957 0.009979 0.031746
1 0.625000 0.267040 0.013655 0.044818
2 0.623950 0.281513 0.013655 0.040149
1 0.516019 0.066293 0.017332 0.029879
3 0.919380 0.500000 0.113971 0.112979
3 0.521271 0.019608 0.015231 0.024276
3 0.474527 0.052754 0.017332 0.027077
9 0.574317 0.055089 0.015231 0.035481
0 0.618435 0.161064 0.011029 0.043884
2 0.584821 0.061158 0.013130 0.040149
0 0.631565 0.161998 0.009979 0.042017
0 0.027048 0.311391 0.025735 0.073763
0 0.701418 0.097572 0.015231 0.032680
0 0.597426 0.112512 0.008929 0.043884
0 0.603204 0.114379 0.007878 0.045752
0 0.462710 0.063025 0.011555 0.038282
0 0.616334 0.142390 0.009979 0.043884
0 0.624212 0.155462 0.012080 0.053221
3 0.406775 0.121849 0.051996 0.040149
3 0.423845 0.075163 0.049370 0.036415
4 0.449842 0.045285 0.022584 0.053221
3 0.673845 0.195145 0.060924 0.048553
3 0.659664 0.167600 0.049370 0.045752
3 0.650735 0.110177 0.048319 0.037348
3 0.640231 0.098973 0.050420 0.033613
3 0.602941 0.014006 0.032563 0.022409
3 0.619223 0.049486 0.033613 0.026144
3 0.633403 0.063492 0.035714 0.031746