3 0.846324 0.425490 0.044118 0.035294
3 0.749632 0.351634 0.033088 0.031373
3 0.951471 0.879739 0.095588 0.096732
3 0.600000 0.394118 0.023529 0.040523
3 0.657353 0.356863 0.041176 0.033987
3 0.698897 0.377124 0.041912 0.035294
7 0.304044 0.398039 0.021324 0.045752
0 0.725735 0.433333 0.008824 0.030065
5 0.648529 0.338562 0.038235 0.036601
0 0.762132 0.409804 0.009559 0.032680
0 0.870221 0.448366 0.009559 0.036601
0 0.881250 0.450327 0.008088 0.035294
0 0.649632 0.281046 0.008088 0.018301
0 0.738971 0.357516 0.007353 0.027451
3 0.404412 0.305229 0.017647 0.037908
3 0.383824 0.275163 0.014706 0.035294
3 0.423162 0.181046 0.012500 0.022222
3 0.401471 0.181046 0.010294 0.019608
3 0.443015 0.156863 0.012500 0.018301
3 0.447426 0.115686 0.009559 0.016993
3 0.466176 0.124837 0.010294 0.019608
2 0.253309 0.708497 0.012500 0.018301
1 0.255147 0.680392 0.008824 0.035294
2 0.595956 0.459477 0.006618 0.022222
4 0.500735 0.335948 0.019118 0.041830
3 0.509559 0.126144 0.027941 0.024837
3 0.490074 0.107190 0.021324 0.023529
3 0.463603 0.143137 0.013971 0.030065
9 0.133088 0.405882 0.023529 0.040523
3 0.553309 0.207843 0.025735 0.015686
3 0.550368 0.198039 0.021324 0.014379
3 0.544118 0.184967 0.025000 0.016993
3 0.526838 0.172549 0.021324 0.015686
3 0.506618 0.153595 0.020588 0.016993
0 0.596691 0.447712 0.008088 0.024837
3 0.752941 0.432680 0.052941 0.036601
3 0.760294 0.463399 0.055882 0.040523
3 0.775000 0.484314 0.060294 0.048366
3 0.855515 0.542484 0.062500 0.047059
3 0.766176 0.818954 0.061765 0.103268
3 0.624632 0.444444 0.028676 0.044444
3 0.898162 0.780392 0.094853 0.078431
3 0.870221 0.722876 0.088971 0.075817
3 0.398529 0.529412 0.027941 0.067974
3 0.889706 0.505882 0.054412 0.062745
3 0.498897 0.196732 0.013971 0.027451
3 0.874265 0.599346 0.072059 0.056209
8 0.044485 0.747059 0.088971 0.179085
3 0.021691 0.569281 0.043382 0.074510
3 0.315809 0.883007 0.041912 0.134641
3 0.393750 0.840523 0.040441 0.125490
3 0.324265 0.739869 0.038235 0.094118
3 0.393382 0.714379 0.035294 0.098039
3 0.470221 0.810458 0.041912 0.122876
4 0.461029 0.655556 0.033824 0.098039
3 0.456985 0.568627 0.025735 0.078431
3 0.408088 0.147059 0.008824 0.019608
3 0.261029 0.330719 0.032353 0.036601
3 0.240441 0.266667 0.017647 0.028758
3 0.259559 0.275817 0.016176 0.026144
3 0.637500 0.296078 0.044118 0.035294
3 0.657353 0.288235 0.032353 0.027451
3 0.829412 0.680392 0.076471 0.061438
3 0.586029 0.281699 0.022059 0.027451
3 0.782721 0.960131 0.091912 0.074510
3 0.240074 0.443137 0.052206 0.039216
4 0.769853 0.375817 0.033824 0.045752
4 0.804412 0.386275 0.023529 0.043137