3 0.866176 0.458170 0.045588 0.037908
3 0.762500 0.376471 0.035294 0.036601
3 0.605882 0.422876 0.025000 0.040523
3 0.666176 0.381046 0.044118 0.032680
3 0.710662 0.401961 0.041912 0.037908
7 0.291544 0.428758 0.021324 0.047059
0 0.729044 0.482353 0.009559 0.033987
5 0.660294 0.363399 0.038235 0.036601
9 0.068015 0.503922 0.031618 0.037908
0 0.798162 0.464052 0.009559 0.036601
0 0.893750 0.486275 0.009559 0.036601
0 0.906250 0.484314 0.008088 0.035294
0 0.910294 0.511111 0.008824 0.031373
0 0.673162 0.304575 0.008088 0.018301
0 0.781250 0.381046 0.008088 0.027451
3 0.397426 0.388889 0.016912 0.043137
3 0.363971 0.380392 0.019118 0.036601
3 0.422426 0.228105 0.012500 0.022222
3 0.399265 0.240523 0.014706 0.023529
3 0.439706 0.150980 0.010294 0.016993
3 0.441912 0.106536 0.008824 0.014379
3 0.461397 0.124183 0.008088 0.018301
2 0.197059 0.962092 0.011765 0.033987
1 0.197426 0.919608 0.011029 0.037908
2 0.577574 0.434641 0.008088 0.019608
4 0.479412 0.286275 0.017647 0.033987
3 0.513971 0.127451 0.027941 0.024837
3 0.500368 0.116993 0.021324 0.024837
0 0.356985 0.337908 0.008088 0.032680
3 0.452574 0.131373 0.013971 0.030065
9 0.111029 0.436601 0.029412 0.039216
3 0.556250 0.219608 0.025735 0.015686
3 0.551103 0.207190 0.021324 0.014379
3 0.541912 0.192810 0.025000 0.016993
3 0.526838 0.183007 0.021324 0.015686
3 0.506618 0.162745 0.020588 0.016993
0 0.578309 0.424183 0.008088 0.024837
3 0.768382 0.465359 0.054412 0.036601
3 0.777206 0.502614 0.060294 0.043137
3 0.794118 0.525490 0.066176 0.047059
3 0.882353 0.592157 0.070588 0.054902
3 0.797794 0.929412 0.069118 0.122876
3 0.630882 0.477778 0.032353 0.048366
3 0.943382 0.875817 0.105882 0.083660
3 0.906985 0.813725 0.096324 0.074510
3 0.391544 0.592810 0.031618 0.074510
3 0.918750 0.551634 0.058088 0.062745
3 0.908088 0.658824 0.076471 0.057516
8 0.020956 0.837255 0.041912 0.192157
3 0.302574 0.962745 0.047794 0.069281
3 0.381985 0.938562 0.047794 0.117647
3 0.306618 0.831373 0.042647 0.107190
3 0.384926 0.805229 0.036029 0.112418
4 0.468382 0.913072 0.048529 0.152941
3 0.456618 0.738562 0.036765 0.107190
3 0.404779 0.169281 0.009559 0.024837
3 0.250000 0.355556 0.032353 0.036601
3 0.230882 0.284967 0.017647 0.028758
3 0.248897 0.294771 0.016912 0.027451
3 0.643015 0.313072 0.044853 0.035294
3 0.662868 0.305229 0.034559 0.027451
3 0.863971 0.764706 0.089706 0.075817
3 0.590074 0.301961 0.019853 0.026144
3 0.713603 0.866013 0.063971 0.126797
3 0.223897 0.482353 0.053676 0.039216
4 0.784191 0.403922 0.036029 0.047059
4 0.820588 0.419608 0.023529 0.047059