3 0.486082 0.640990 0.050945 0.126050
3 0.594275 0.870215 0.068803 0.216620
3 0.385767 0.487395 0.046744 0.106443
3 0.062237 0.642857 0.123424 0.096172
4 0.022059 0.514006 0.044118 0.133520
3 0.340074 0.265640 0.044643 0.064426
3 0.412815 0.184874 0.024160 0.052288
3 0.386817 0.131653 0.021534 0.042951
3 0.544905 0.219888 0.047794 0.053221
3 0.473214 0.394958 0.039916 0.074697
3 0.465861 0.255369 0.030462 0.056956
7 0.425420 0.118581 0.017857 0.044818
3 0.482931 0.083100 0.020483 0.039216
3 0.421481 0.095705 0.019433 0.043884
3 0.421218 0.069561 0.017857 0.040149
3 0.423057 0.040616 0.017332 0.034547
3 0.923582 0.147059 0.058298 0.049486
3 0.971901 0.132586 0.043592 0.037348
3 0.675158 0.161998 0.051996 0.040149
3 0.314863 0.166200 0.051996 0.050420
3 0.426471 0.025677 0.017857 0.027077
9 0.307773 0.500000 0.014706 0.049486
1 0.306723 0.480392 0.014706 0.042017
1 0.316176 0.369748 0.012605 0.046685
9 0.316702 0.387955 0.014706 0.040149
9 0.352416 0.199813 0.010504 0.031746
9 0.404674 0.244631 0.009979 0.031746
1 0.352941 0.192344 0.007353 0.028011
1 0.404412 0.228758 0.009454 0.029879
1 0.337710 0.218021 0.007353 0.030812
9 0.337710 0.225957 0.009454 0.031746
1 0.380515 0.192810 0.012080 0.030812
6 0.381303 0.202614 0.015756 0.037348
1 0.517332 0.147526 0.008403 0.028011
9 0.518120 0.157796 0.007878 0.026144
1 0.494485 0.215686 0.009979 0.031746
9 0.495011 0.224556 0.009979 0.036415
9 0.373950 0.165733 0.009454 0.027077
1 0.373424 0.157796 0.009454 0.022409
1 0.547794 0.247432 0.011555 0.033613
9 0.547269 0.255836 0.013655 0.033613
6 0.395746 0.074697 0.011029 0.024276
1 0.394695 0.067227 0.007878 0.020542
9 0.831933 0.144258 0.007353 0.027077
9 0.807773 0.131653 0.010504 0.029879
0 0.743435 0.119514 0.006828 0.028011
0 0.737658 0.127451 0.009979 0.030812
0 0.727153 0.120915 0.006828 0.032680
0 0.674632 0.145191 0.007878 0.032680
3 0.367122 0.041083 0.030462 0.029879
3 0.368960 0.025210 0.030987 0.031746
3 0.199317 0.276844 0.069853 0.062558
3 0.171218 0.220822 0.061975 0.049486
3 0.170168 0.197479 0.074580 0.053221
3 0.336134 0.117180 0.049370 0.038282
3 0.356092 0.077031 0.037815 0.034547
3 0.681460 0.176937 0.055147 0.040149
5 0.757090 0.168067 0.061450 0.056022
3 0.549895 0.098039 0.048319 0.042951
3 0.538340 0.087768 0.045168 0.035481
3 0.506303 0.873483 0.069328 0.197012
9 0.263655 0.512138 0.017857 0.053221
1 0.262868 0.495798 0.017332 0.054155
9 0.061712 0.506069 0.040441 0.048553
3 0.397321 0.014939 0.014181 0.029879
3 0.463761 0.164332 0.023109 0.046685