3 0.897321 0.661064 0.108718 0.084034
3 0.876576 0.446779 0.066176 0.062558
3 0.378414 0.194678 0.016282 0.025210
6 0.124212 0.726424 0.024685 0.069094
1 0.128151 0.697946 0.021008 0.049486
8 0.236082 0.343137 0.042542 0.088702
3 0.635767 0.404762 0.043592 0.045752
9 0.701681 0.614379 0.021008 0.048553
1 0.701681 0.597106 0.017857 0.043884
1 0.675158 0.541550 0.014181 0.041083
3 0.487132 0.293651 0.020483 0.027077
3 0.262342 0.282446 0.030987 0.034547
9 0.365021 0.442577 0.018908 0.033613
3 0.315389 0.239496 0.017332 0.023343
3 0.455095 0.442577 0.030987 0.052288
3 0.466124 0.246965 0.018382 0.025210
3 0.460347 0.232026 0.014181 0.023343
7 0.292805 0.318394 0.012080 0.031746
2 0.675683 0.556489 0.016282 0.044818
9 0.457458 0.271242 0.008403 0.025210
1 0.457195 0.263305 0.007878 0.016807
5 0.940914 0.823529 0.115021 0.104575
3 0.812237 0.730626 0.081408 0.098039
3 0.954307 0.757703 0.085084 0.075630
3 0.431723 0.236228 0.015756 0.026144
3 0.350315 0.299253 0.022059 0.034547
3 0.400998 0.193744 0.013130 0.019608
0 0.189863 0.482260 0.012080 0.049486
6 0.511029 0.510271 0.042017 0.042017
9 0.619485 0.509804 0.015231 0.037348
3 0.417017 0.241830 0.017857 0.026144
9 0.485557 0.355275 0.012080 0.025210