3 0.146271 0.947712 0.158088 0.093371
3 0.192752 0.638189 0.103992 0.103641
3 0.084034 0.628852 0.098739 0.088702
3 0.496586 0.540616 0.040441 0.087768
3 0.503414 0.479458 0.040441 0.077498
3 0.519958 0.434174 0.031513 0.056022
3 0.520483 0.398226 0.025210 0.047619
3 0.530200 0.371148 0.024685 0.045752
3 0.741597 0.633520 0.109244 0.090570
3 0.736082 0.568161 0.097164 0.083100
6 0.354517 0.652661 0.076681 0.070962
3 0.334034 0.570962 0.081933 0.086835
3 0.358456 0.537815 0.079307 0.063492
3 0.357143 0.508870 0.090336 0.056022
3 0.352416 0.487862 0.059874 0.043884
3 0.376838 0.475724 0.081408 0.056956
5 0.394958 0.437442 0.074580 0.051354
3 0.427784 0.433707 0.062500 0.043884
3 0.441702 0.399627 0.061975 0.039216
3 0.462973 0.339869 0.051996 0.028011
3 0.471901 0.317927 0.049895 0.032680
0 0.509716 0.337535 0.008929 0.027077
0 0.513918 0.352474 0.008929 0.027077
0 0.511292 0.314192 0.008929 0.025210
0 0.520746 0.316527 0.008929 0.031746
3 0.728992 0.458917 0.061975 0.066293
3 0.726628 0.449113 0.059349 0.059757
3 0.727416 0.422035 0.050420 0.048553
3 0.490546 0.967320 0.155462 0.065359
3 0.441439 0.626984 0.051996 0.098039
3 0.593750 0.381886 0.023634 0.046685
0 0.688025 0.554155 0.013655 0.066293
0 0.698267 0.521475 0.015231 0.053221
3 0.448792 0.374883 0.049895 0.032680
1 0.328519 0.659664 0.014181 0.066293
0 0.634454 0.681139 0.014706 0.049486
0 0.649685 0.679272 0.014706 0.066293
0 0.646271 0.653595 0.012080 0.044818
0 0.700893 0.499533 0.009979 0.042951
0 0.585872 0.387955 0.006828 0.045752
6 0.620536 0.644258 0.025735 0.070962