9 0.367279 0.505229 0.008088 0.024837
9 0.371691 0.520915 0.009559 0.027451
9 0.376103 0.454902 0.008088 0.023529
0 0.294118 0.537908 0.011765 0.043137
0 0.148897 0.460784 0.012500 0.032680
0 0.267279 0.404575 0.009559 0.027451
9 0.410294 0.502614 0.008824 0.024837
9 0.398162 0.416340 0.008088 0.030065
9 0.423162 0.383660 0.009559 0.022222
9 0.425368 0.374510 0.008088 0.022222
7 0.194485 0.528758 0.043382 0.045752
5 0.331250 0.374510 0.021324 0.043137
3 0.505515 0.357516 0.015441 0.024837
6 0.223162 0.496078 0.047794 0.037908
6 0.359191 0.432026 0.018382 0.027451
7 0.505882 0.507843 0.017647 0.045752
0 0.555515 0.532680 0.011029 0.032680
3 0.272059 0.533987 0.035294 0.043137
3 0.714706 0.556209 0.050000 0.040523
3 0.695588 0.521569 0.050000 0.041830
7 0.312868 0.533987 0.024265 0.045752
5 0.679412 0.490850 0.055882 0.035294
3 0.589706 0.424837 0.019118 0.028758
3 0.641912 0.449673 0.035294 0.026144
3 0.409191 0.370588 0.016912 0.024837
4 0.319853 0.449673 0.033824 0.039216
3 0.378309 0.408497 0.025735 0.030065
7 0.349632 0.477124 0.021324 0.036601
0 0.281618 0.600000 0.011765 0.044444
3 0.309559 0.413072 0.044118 0.028758
0 0.606250 0.442484 0.008088 0.024837
9 0.331618 0.485621 0.035294 0.037908
3 0.326103 0.387582 0.031618 0.024837
7 0.247059 0.483660 0.022059 0.044444
7 0.264706 0.490196 0.038235 0.041830
7 0.257721 0.549673 0.038971 0.043137
3 0.600368 0.407190 0.037500 0.035294
3 0.358824 0.357516 0.029412 0.027451
7 0.224632 0.481046 0.019853 0.041830
4 0.546691 0.597386 0.028676 0.057516
6 0.354779 0.449020 0.021324 0.032680
3 0.344485 0.341176 0.027206 0.023529
3 0.337500 0.326144 0.023529 0.024837
9 0.425735 0.360131 0.008824 0.022222
0 0.305515 0.535294 0.011029 0.035294
3 0.610294 0.366667 0.032353 0.030065
0 0.266544 0.405882 0.009559 0.027451
6 0.321691 0.350327 0.016912 0.023529
1 0.539706 0.367320 0.007353 0.023529
1 0.588603 0.460784 0.009559 0.024837
0 0.626471 0.501961 0.010294 0.033987
0 0.484191 0.659477 0.011029 0.045752
3 0.916176 0.960784 0.083824 0.075817
3 0.575368 0.835948 0.046324 0.103268
3 0.403309 0.451634 0.021324 0.032680
0 0.037868 0.662745 0.018382 0.052288
0 0.065441 0.662745 0.017647 0.052288
0 0.816544 0.938562 0.015441 0.057516
6 0.150735 0.486275 0.044118 0.036601
6 0.159191 0.533987 0.043382 0.037908