1 0.004464 0.427171 0.008929 0.047619
2 0.010242 0.431839 0.011029 0.049486
0 0.150998 0.393557 0.011029 0.045752
0 0.383666 0.090570 0.006828 0.024276
3 0.469800 0.013539 0.014181 0.012138
3 0.468225 0.026144 0.015231 0.022409
3 0.465074 0.040149 0.014181 0.026144
3 0.462973 0.056022 0.016282 0.028011
3 0.459296 0.076564 0.016282 0.044818
3 0.469275 0.104575 0.019433 0.035481
3 0.547269 0.044351 0.019958 0.043884
3 0.562763 0.078898 0.033088 0.023343
3 0.578782 0.131653 0.033613 0.024276
0 0.603204 0.095705 0.007878 0.036415
9 0.621061 0.285247 0.017332 0.019608
9 0.727941 0.412232 0.009454 0.036415
2 0.755777 0.383287 0.010504 0.028945
0 0.942752 0.381419 0.012605 0.051354
9 0.676208 0.365546 0.032038 0.038282
0 0.706670 0.315126 0.009979 0.045752
1 0.703519 0.380486 0.009979 0.025210
3 0.480567 0.242764 0.027311 0.056022
3 0.479254 0.176004 0.020483 0.040149
1 0.690651 0.955649 0.028361 0.045752
9 0.254464 0.407563 0.027836 0.034547
1 0.939338 0.614846 0.018382 0.055089
1 0.436975 0.284781 0.010504 0.035481
2 0.940914 0.631186 0.036239 0.044818
9 0.435137 0.298786 0.012080 0.031746
0 0.551733 0.128385 0.006828 0.036415
9 0.363708 0.302054 0.018382 0.030812
0 0.569065 0.269374 0.009979 0.032680
2 0.022321 0.431839 0.018382 0.038282
3 0.175420 0.910831 0.111345 0.167134
3 0.498162 0.116246 0.016282 0.036415
3 0.948004 0.901494 0.102941 0.154062
3 0.591912 0.309524 0.028361 0.045752
3 0.446954 0.183007 0.023109 0.041083
3 0.322742 0.520075 0.090861 0.069094
3 0.653361 0.265640 0.050420 0.043884
3 0.586397 0.140523 0.040441 0.027077
4 0.455357 0.141457 0.021008 0.036415
6 0.693277 0.963119 0.035714 0.068161
9 0.689338 0.396359 0.008929 0.036415
2 0.762080 0.401027 0.014706 0.036415
9 0.794905 0.394958 0.008929 0.041083
9 0.814076 0.392157 0.011555 0.037348
9 0.870798 0.409897 0.009454 0.035481
9 0.903361 0.386088 0.014706 0.034547
2 0.917017 0.415500 0.011555 0.037348
9 0.967700 0.410831 0.021534 0.050420
1 0.488445 0.295051 0.012605 0.031746
6 0.487920 0.310458 0.017857 0.036415
1 0.424370 0.399160 0.012605 0.047619
9 0.423319 0.411298 0.023109 0.042017
1 0.152836 0.722689 0.021008 0.067227
9 0.157038 0.743231 0.040966 0.054155
9 0.346376 0.361345 0.026786 0.028011
9 0.397059 0.299253 0.023109 0.034547
9 0.400998 0.281046 0.024685 0.029879
0 0.129989 0.430906 0.013130 0.045752
0 0.549107 0.128385 0.006828 0.038282
9 0.260767 0.416900 0.027836 0.030812
9 0.096376 0.439309 0.013130 0.045752
4 0.069590 0.465453 0.078256 0.073763
3 0.340336 0.604575 0.101891 0.083100
3 0.347689 0.689542 0.099790 0.081232
9 0.090861 0.741830 0.046218 0.055089
1 0.090599 0.725957 0.025735 0.064426
6 0.875000 0.695145 0.057773 0.053221
1 0.887342 0.676937 0.020483 0.054155
3 0.461660 0.117647 0.019958 0.035481
1 0.435399 0.279645 0.012605 0.027077
1 0.487658 0.310458 0.012080 0.027077
3 0.449055 0.359477 0.033613 0.069094
2 0.618697 0.467320 0.033613 0.036415
1 0.622899 0.452848 0.017857 0.041083
2 0.606092 0.443511 0.034664 0.029879
1 0.606880 0.426704 0.017332 0.035481
2 0.621586 0.455182 0.030987 0.030812
1 0.619485 0.438842 0.017332 0.037348
3 0.778099 0.441176 0.080357 0.077498
3 0.795431 0.560224 0.102416 0.072829
3 0.783613 0.506536 0.087185 0.070028
9 0.578519 0.929972 0.038340 0.063492
1 0.580882 0.903828 0.023109 0.069094
1 0.590861 0.904295 0.017857 0.064426
2 0.784664 0.961718 0.017857 0.069094
1 0.786502 0.948179 0.017332 0.064426
0 0.526786 0.320728 0.012605 0.045752
4 0.178834 0.671335 0.109769 0.097106
3 0.102416 0.593838 0.112395 0.085901
3 0.976103 0.570962 0.045693 0.068161
3 0.978466 0.506536 0.042017 0.056956
0 0.579832 0.268908 0.007353 0.029879