3 0.477206 0.406536 0.019118 0.039216
3 0.510662 0.364052 0.013971 0.024837
3 0.747794 0.617647 0.036765 0.056209
3 0.708456 0.528758 0.031618 0.043137
3 0.262868 0.548366 0.041912 0.069281
3 0.334191 0.493464 0.052206 0.040523
3 0.225000 0.545098 0.044118 0.070588
3 0.345956 0.482353 0.047794 0.039216
3 0.306985 0.406536 0.022794 0.036601
3 0.677574 0.400000 0.033088 0.028758
0 0.710662 0.567974 0.011029 0.035294
9 0.354044 0.591503 0.012500 0.043137
9 0.370588 0.590850 0.019118 0.031373
3 0.426103 0.547059 0.028676 0.061438
3 0.472426 0.563399 0.027206 0.057516
3 0.873529 0.941830 0.069118 0.113725
3 0.819853 0.880392 0.069118 0.087582
3 0.838235 0.803922 0.088235 0.081046
3 0.803676 0.699346 0.072059 0.062745
3 0.271324 0.785621 0.063235 0.112418
3 0.317279 0.681699 0.055147 0.098039
3 0.208824 0.569281 0.066176 0.053595
7 0.222794 0.910458 0.069118 0.105882
3 0.763971 0.667320 0.038235 0.061438
3 0.898162 0.755556 0.100735 0.078431
3 0.886765 0.718301 0.083824 0.066667
0 0.748897 0.755556 0.012500 0.057516
0 0.760294 0.789542 0.019118 0.057516
0 0.777941 0.794771 0.016176 0.062745
0 0.756618 0.754248 0.011765 0.054902
3 0.231618 0.659477 0.041176 0.079739
0 0.187868 0.663399 0.011029 0.043137
0 0.204779 0.652288 0.011029 0.044444
2 0.675368 0.510458 0.008088 0.024837
0 0.727206 0.621569 0.013235 0.053595
0 0.737132 0.651634 0.011029 0.045752