3 0.889443 0.690476 0.109769 0.084967
3 0.885504 0.462652 0.066176 0.062558
3 0.392069 0.199346 0.016282 0.025210
3 0.394695 0.180672 0.017332 0.021475
6 0.108981 0.711485 0.026786 0.067227
1 0.104517 0.691410 0.021008 0.049486
8 0.237658 0.356209 0.046744 0.083100
3 0.630777 0.414566 0.044118 0.046685
9 0.684086 0.602708 0.021534 0.043884
1 0.688288 0.593371 0.017332 0.043884
1 0.651523 0.537815 0.014181 0.041083
3 0.490021 0.305322 0.019958 0.035481
3 0.244485 0.311391 0.038340 0.036415
3 0.266544 0.284314 0.030987 0.032680
9 0.383666 0.443978 0.018382 0.032680
3 0.304359 0.279645 0.021534 0.032680
3 0.323792 0.245098 0.017332 0.023343
3 0.450893 0.394491 0.024685 0.043884
3 0.474002 0.254435 0.018382 0.025210
3 0.470851 0.232960 0.014181 0.023343
7 0.296481 0.314659 0.012080 0.031746
2 0.656775 0.550887 0.016282 0.044818
9 0.455620 0.267974 0.007878 0.020542
1 0.464023 0.260971 0.007878 0.015873
5 0.939338 0.874883 0.118172 0.123249
3 0.808561 0.761905 0.083508 0.108310
3 0.956408 0.790850 0.082983 0.074697
3 0.444065 0.229225 0.016282 0.025210
3 0.348739 0.307656 0.023109 0.034547
3 0.411502 0.205882 0.014181 0.021475
0 0.176208 0.500000 0.012080 0.053221
6 0.483981 0.527077 0.043592 0.042017
9 0.609506 0.499533 0.015231 0.035481
3 0.426733 0.235761 0.017332 0.025210
9 0.487132 0.343137 0.012080 0.027077