3 0.585347 0.839869 0.159139 0.155929
5 0.157038 0.646592 0.143908 0.146592
3 0.258929 0.455649 0.116597 0.113912
3 0.099527 0.413165 0.109769 0.099907
3 0.321429 0.335668 0.094538 0.094304
3 0.225315 0.320728 0.086134 0.075630
3 0.609769 0.275444 0.044118 0.074697
3 0.620273 0.217554 0.039916 0.070962
3 0.636555 0.186741 0.033613 0.063492
3 0.641282 0.152194 0.029412 0.052288
3 0.649947 0.126517 0.024685 0.045752
3 0.666492 0.084500 0.024160 0.042017
3 0.847426 0.394024 0.116071 0.098973
3 0.841387 0.339402 0.096639 0.084967
6 0.465336 0.368814 0.066176 0.061625
0 0.396796 0.554155 0.020483 0.075630
0 0.366071 0.543417 0.015756 0.078431
0 0.381565 0.545285 0.017332 0.072829
9 0.623424 0.508403 0.027311 0.066293
1 0.625000 0.491130 0.016807 0.074697
3 0.450105 0.295518 0.080882 0.077498
3 0.471113 0.274510 0.076681 0.063492
3 0.472689 0.248833 0.080882 0.055089
3 0.466649 0.225023 0.081408 0.044818
3 0.492122 0.212885 0.080882 0.056022
3 0.514181 0.177871 0.073529 0.055089
3 0.543067 0.177871 0.066176 0.051354
3 0.559349 0.145191 0.064076 0.042017
3 0.566964 0.122782 0.059349 0.043884
3 0.582195 0.090103 0.056197 0.034547
3 0.594275 0.071429 0.051996 0.038282
3 0.647059 0.038282 0.018908 0.039216
0 0.595851 0.175537 0.008929 0.037348
0 0.605567 0.179272 0.011555 0.042951
0 0.625263 0.165266 0.014181 0.044818
1 0.605567 0.152661 0.011555 0.032680
0 0.604779 0.131653 0.012080 0.033613
0 0.613971 0.129785 0.009454 0.028011
1 0.697216 0.202148 0.013130 0.038282
2 0.695378 0.216620 0.017857 0.033613
1 0.693540 0.055089 0.008929 0.026144
2 0.692752 0.064426 0.016807 0.022409
3 0.848739 0.223156 0.073529 0.063492
3 0.846901 0.205415 0.071954 0.057890
3 0.845063 0.192810 0.073529 0.053221
3 0.727153 0.033613 0.024685 0.037348
0 0.294643 0.238562 0.011555 0.043884
3 0.024947 0.381886 0.049895 0.098973
3 0.715861 0.144258 0.024160 0.049486
3 0.504464 0.257703 0.049895 0.035481
1 0.448792 0.373016 0.018382 0.066293
0 0.722164 0.422502 0.014706 0.049486
0 0.737132 0.424370 0.015231 0.066293
0 0.741334 0.399627 0.012080 0.044818
6 0.718750 0.396825 0.030987 0.084034