3 0.124442 0.305225 0.031622 0.032407
1 0.265253 0.480489 0.010417 0.033730
2 0.264509 0.495370 0.013393 0.026455
2 0.283296 0.485450 0.010789 0.026455
1 0.281622 0.478175 0.010417 0.035714
9 0.284412 0.513558 0.015253 0.032407
1 0.284040 0.499669 0.013765 0.037698
3 0.463914 0.562500 0.041667 0.074735
4 0.459821 0.435847 0.034226 0.068783
4 0.511533 0.426257 0.033482 0.056217
3 0.450707 0.307870 0.018973 0.036376
1 0.658668 0.592262 0.012277 0.032407
1 0.659412 0.581680 0.014509 0.045635
2 0.656808 0.594907 0.016741 0.046958
8 0.485677 0.270833 0.037574 0.076058
3 0.307292 0.649802 0.052827 0.102513
3 0.423549 0.389220 0.021949 0.049603
8 0.349144 0.422288 0.056920 0.142196
3 0.396391 0.375331 0.023438 0.046958
3 0.498512 0.363095 0.032738 0.042328
4 0.833891 0.597884 0.084449 0.087302
3 0.959449 0.675926 0.079613 0.078042
4 0.622768 0.478505 0.059524 0.062831
3 0.889881 0.604828 0.093750 0.085317
4 0.455915 0.787368 0.053199 0.135582
4 0.541481 0.787368 0.050223 0.130291
6 0.577195 0.408730 0.023438 0.052910
1 0.583891 0.412368 0.013021 0.039021
2 0.487909 0.232474 0.008557 0.025794
5 0.131138 0.367394 0.058408 0.049603
3 0.014695 0.343585 0.028646 0.039021
4 0.903460 0.236442 0.018229 0.037698
0 0.906064 0.257606 0.008557 0.032407
4 0.968564 0.338955 0.027158 0.039021
3 0.954799 0.316468 0.024182 0.031085
3 0.943266 0.303241 0.021205 0.035053
3 0.402716 0.320437 0.021205 0.040344
3 0.407180 0.287368 0.018229 0.037698
3 0.400298 0.260913 0.015625 0.031085
4 0.374442 0.288029 0.015997 0.031085
4 0.378906 0.251653 0.017485 0.028439
3 0.367746 0.338624 0.024182 0.038360
4 0.396763 0.239418 0.015253 0.026455
3 0.369234 0.225860 0.016741 0.025794
4 0.367188 0.214616 0.014137 0.029762
3 0.360863 0.198743 0.012649 0.024471
4 0.353609 0.175595 0.011533 0.027116
3 0.400856 0.218585 0.014509 0.020503
5 0.390253 0.200728 0.022321 0.027116
3 0.377790 0.194444 0.014509 0.021164
3 0.330357 0.171296 0.015625 0.021164
3 0.375930 0.182209 0.015253 0.020503
4 0.379278 0.174272 0.010045 0.019180
5 0.253162 0.192791 0.024926 0.045635