3 0.502976 0.476190 0.031250 0.082011
3 0.480655 0.720899 0.050595 0.126984
3 0.563988 0.418651 0.029762 0.067460
3 0.795387 0.296296 0.053571 0.042328
3 0.877976 0.306878 0.053571 0.037037
3 0.516369 0.058201 0.014881 0.026455
3 0.533854 0.070106 0.015625 0.031746
3 0.552827 0.013889 0.011905 0.019841
0 0.714658 0.298942 0.009673 0.034392
0 0.760789 0.301587 0.011161 0.031746
3 0.614583 0.055556 0.014881 0.031746
9 0.482515 0.087963 0.009673 0.022487
3 0.694940 0.054233 0.013393 0.026455
3 0.604167 0.129630 0.014881 0.031746
3 0.584449 0.071429 0.012649 0.029101
3 0.554315 0.100529 0.016369 0.029101
3 0.797619 0.271825 0.058036 0.038360
3 0.648065 0.464947 0.050595 0.067460
3 0.410342 0.664683 0.064732 0.093915
3 0.275298 0.720238 0.061012 0.117725
3 0.320312 0.496032 0.049851 0.089947
0 0.727307 0.183862 0.008185 0.026455
0 0.712798 0.182540 0.010417 0.029101
0 0.394345 0.751984 0.010417 0.038360
5 0.165179 0.410714 0.084821 0.067460
3 0.668899 0.021164 0.023810 0.018519
3 0.654390 0.010582 0.027530 0.015873
0 0.643229 0.099206 0.009673 0.026455
1 0.482887 0.076720 0.008929 0.026455
1 0.603423 0.232143 0.005952 0.017196
9 0.602307 0.243386 0.006696 0.021164
9 0.495164 0.029101 0.008185 0.018519
0 0.445312 0.066799 0.006696 0.025132