5 0.599265 0.489262 0.017857 0.041083
3 0.589811 0.676004 0.073529 0.123249
3 0.266544 0.848739 0.034139 0.052288
3 0.634191 0.434174 0.047794 0.042951
5 0.063025 0.948179 0.126050 0.101774
3 0.431197 0.628852 0.015756 0.038282
3 0.759191 0.453782 0.023634 0.028011
3 0.711922 0.284314 0.014181 0.025210
4 0.541754 0.350140 0.009979 0.016807
3 0.455095 0.289449 0.008929 0.016807
3 0.465599 0.261438 0.007878 0.014939
5 0.439076 0.207283 0.013655 0.028011
3 0.474790 0.270308 0.008403 0.015873
3 0.454569 0.241830 0.008929 0.014939
3 0.494748 0.211485 0.009454 0.014006
3 0.460084 0.222222 0.009454 0.016807
3 0.487132 0.191410 0.006828 0.011204
5 0.508403 0.386088 0.013655 0.036415
3 0.467174 0.212418 0.008929 0.015873
3 0.467962 0.244631 0.009454 0.014939
5 0.544905 0.240430 0.013130 0.030812