3 0.027048 0.313259 0.037290 0.066293
3 0.028624 0.251167 0.040441 0.059757
3 0.708246 0.165733 0.026786 0.055089
3 0.695116 0.806256 0.042542 0.043884
3 0.609506 0.425770 0.034139 0.069094
3 0.614496 0.771242 0.039916 0.042951
3 0.519958 0.653128 0.027311 0.060691
3 0.524160 0.543417 0.030462 0.065359
8 0.559349 0.367880 0.074580 0.177404
5 0.559874 0.626517 0.033613 0.072829
3 0.798845 0.543884 0.034664 0.043884
3 0.467962 0.816060 0.030462 0.070962
4 0.617122 0.215219 0.028361 0.060691
2 0.327731 0.274510 0.015756 0.016807
0 0.432248 0.507003 0.008403 0.018674
9 0.076943 0.157330 0.016282 0.017740
0 0.617384 0.732493 0.012080 0.025210
0 0.674107 0.413165 0.007878 0.014006
0 0.349790 0.746032 0.007353 0.014939
3 0.308298 0.589169 0.039916 0.039216
3 0.326681 0.555089 0.037815 0.045752
3 0.335347 0.516340 0.038340 0.044818
3 0.253676 0.557890 0.038866 0.045752
3 0.281513 0.529412 0.037815 0.041083
3 0.287815 0.482260 0.038866 0.045752
3 0.213498 0.526144 0.035189 0.038282
4 0.232143 0.497666 0.039916 0.044818
3 0.240284 0.452381 0.034139 0.038282
3 0.165966 0.507470 0.040966 0.043884
3 0.183298 0.468254 0.039916 0.047619
3 0.200105 0.430906 0.037815 0.043884
3 0.717174 0.673669 0.040441 0.043884
3 0.718487 0.632586 0.035714 0.045752
3 0.723214 0.582633 0.035714 0.039216
3 0.743435 0.556956 0.040441 0.043884
3 0.751838 0.700747 0.034139 0.036415
3 0.771534 0.661998 0.039916 0.046685
3 0.779149 0.619048 0.041492 0.046685
3 0.799632 0.587768 0.040441 0.047619
3 0.789916 0.723156 0.038866 0.043884
3 0.960084 0.724090 0.039916 0.043884
3 0.838235 0.753035 0.039916 0.043884
3 0.881040 0.778245 0.042542 0.045752
3 0.925945 0.801120 0.039916 0.046685
5 0.634191 0.254902 0.045693 0.098973
3 0.152311 0.407563 0.039916 0.043884
3 0.131828 0.438375 0.039916 0.047619
3 0.108193 0.476657 0.040966 0.047619
3 0.065389 0.359944 0.042542 0.036415
3 0.065651 0.442577 0.040966 0.048553
3 0.102679 0.281979 0.038340 0.042951
3 0.165179 0.314192 0.043592 0.049486
4 0.062500 0.285247 0.037815 0.045752
0 0.593750 0.172736 0.012080 0.022409
8 0.356880 0.378618 0.084559 0.103641
5 0.738708 0.030812 0.028887 0.056022
3 0.983193 0.930906 0.030462 0.048553
3 0.862920 0.864613 0.035714 0.048553
8 0.198004 0.248833 0.086134 0.088702
3 0.462973 0.722689 0.030987 0.063492
3 0.442489 0.700280 0.029937 0.059757
4 0.972689 0.828198 0.048319 0.048553
3 0.039653 0.402894 0.024685 0.066293
3 0.013393 0.409897 0.026786 0.042951