3 0.469669 0.233007 0.008456 0.009804
3 0.166728 0.928105 0.090809 0.141176
4 0.292463 0.799673 0.067279 0.141830
3 0.226103 0.803595 0.070588 0.130065
3 0.018382 0.807190 0.036765 0.100654
3 0.130699 0.725163 0.074632 0.102614
3 0.226287 0.663725 0.049632 0.081699
3 0.199081 0.621895 0.051838 0.080392
0 0.907537 0.865686 0.015809 0.060784
1 0.922243 0.808824 0.012868 0.049020
2 0.918566 0.829085 0.030515 0.034641
0 0.694485 0.547059 0.011765 0.048366
3 0.257353 0.938889 0.071324 0.120915
3 0.271324 0.670588 0.047794 0.082353
3 0.359191 0.576471 0.037500 0.075817
3 0.243199 0.534967 0.039338 0.056863
3 0.302022 0.591830 0.043015 0.079085
3 0.296140 0.519608 0.031985 0.048366
3 0.333272 0.520588 0.034191 0.051634
3 0.390441 0.454902 0.023529 0.041830
3 0.337316 0.429085 0.023897 0.042484
3 0.414706 0.337255 0.017647 0.030065
3 0.326471 0.394771 0.019853 0.033987
3 0.361213 0.379412 0.018750 0.035948
3 0.398713 0.414379 0.023162 0.037908
3 0.254779 0.457843 0.033088 0.039869
3 0.288787 0.464706 0.029044 0.039216
3 0.292096 0.401634 0.024632 0.037255
8 0.165257 0.559804 0.104044 0.160131
3 0.405331 0.832026 0.051838 0.103268
3 0.533088 0.931046 0.056618 0.124837
3 0.597610 0.803922 0.058456 0.101961
3 0.646324 0.759477 0.055147 0.092810
3 0.623529 0.673856 0.040441 0.083660
3 0.466544 0.616013 0.033088 0.062092
3 0.535478 0.577778 0.028309 0.054902
3 0.474081 0.512418 0.024632 0.041830
3 0.503309 0.443464 0.021324 0.039869
3 0.451838 0.365686 0.015441 0.032026
3 0.466360 0.335948 0.015809 0.028758
3 0.572610 0.491176 0.027574 0.037255
3 0.562500 0.449020 0.027206 0.036601
3 0.554228 0.418627 0.020956 0.039869
3 0.528860 0.336928 0.017279 0.021569
1 0.545037 0.481699 0.007721 0.031373
0 0.705699 0.738889 0.016544 0.060784
0 0.890257 0.748039 0.013603 0.052941
0 0.732721 0.567320 0.010294 0.049673
1 0.729228 0.734314 0.013603 0.046405
3 0.827206 0.741503 0.095588 0.076471
2 0.728493 0.750000 0.016544 0.046405
0 0.766728 0.775490 0.016544 0.063399
0 0.784007 0.783333 0.014338 0.055556