0 0.175420 0.370682 0.011555 0.065359
0 0.177521 0.389823 0.014706 0.060691
1 0.186712 0.387488 0.018382 0.076564
0 0.349790 0.242764 0.017857 0.069094
0 0.033088 0.390756 0.025210 0.081232
0 0.205882 0.101307 0.011555 0.045752
2 0.313813 0.227358 0.015231 0.043884
9 0.933824 0.249767 0.021008 0.027077
1 0.935137 0.232493 0.012080 0.033613
1 0.982931 0.217087 0.013130 0.032680
9 0.980830 0.228291 0.021534 0.021475
3 0.900473 0.862278 0.151786 0.228758
4 0.293330 0.925770 0.215861 0.142857
3 0.525735 0.374416 0.122899 0.098973
3 0.815389 0.617647 0.128676 0.191410
3 0.949055 0.446312 0.089286 0.115780
3 0.891807 0.316060 0.078782 0.101774
3 0.184086 0.159664 0.054097 0.065359
9 0.650735 0.347339 0.048319 0.059757
1 0.650473 0.332866 0.016282 0.056956
1 0.664128 0.320728 0.017332 0.051354
3 0.733718 0.216620 0.065126 0.076564
3 0.713498 0.178338 0.069853 0.061625