3 0.139443 0.702614 0.027836 0.043884
3 0.145221 0.683007 0.027836 0.038282
5 0.075105 0.643324 0.053571 0.115780
5 0.111607 0.586835 0.046744 0.088702
1 0.142857 0.596172 0.006303 0.027077
5 0.162290 0.579832 0.046218 0.078431
3 0.226366 0.738562 0.030462 0.063492
5 0.158876 0.614846 0.027836 0.055089
3 0.225053 0.694678 0.026786 0.042951
3 0.223477 0.669001 0.024685 0.043884
3 0.219538 0.646125 0.021008 0.033613
3 0.190389 0.581232 0.015231 0.021475
3 0.217962 0.626050 0.018908 0.027077
5 0.355830 0.637255 0.046744 0.077498
3 0.400210 0.573763 0.014706 0.019608
3 0.714548 0.680205 0.046744 0.042017
3 0.861345 0.748366 0.071429 0.053221
3 0.431723 0.623716 0.024160 0.029879
3 0.499737 0.679272 0.040441 0.049486
4 0.527574 0.692344 0.040441 0.055089
5 0.613708 0.673669 0.141282 0.127918
3 0.763130 0.633520 0.034664 0.027077
4 0.904937 0.670868 0.053571 0.049486
5 0.964811 0.667134 0.068277 0.071895
3 0.948004 0.641457 0.037815 0.035481
3 0.956408 0.624183 0.030462 0.025210
5 0.948267 0.620448 0.027836 0.027077
5 0.919643 0.613445 0.040966 0.042951
3 0.857931 0.631653 0.034139 0.032680
0 0.529674 0.781979 0.015231 0.060691
0 0.571166 0.783847 0.015231 0.060691
0 0.523634 0.772176 0.017857 0.059757
0 0.574580 0.785714 0.012605 0.058824
0 0.588235 0.733894 0.011555 0.048553
0 0.563813 0.792250 0.012080 0.055089
5 0.872899 0.660131 0.053571 0.044818
3 0.573529 0.608777 0.024160 0.031746
5 0.020746 0.630252 0.041492 0.104575
5 0.073792 0.598506 0.068803 0.115780
3 0.337973 0.579365 0.018382 0.027077