3 0.725818 0.517196 0.024554 0.039683
4 0.984375 0.272487 0.029762 0.031746
4 0.853795 0.708995 0.021577 0.026455
4 0.837798 0.675265 0.026786 0.033069
4 0.872024 0.593254 0.019345 0.046296
3 0.889881 0.656085 0.020833 0.047619
3 0.125000 0.601852 0.029762 0.034392
3 0.197173 0.490079 0.025298 0.033069
3 0.010417 0.621032 0.020833 0.046296
3 0.853423 0.173280 0.026786 0.034392
5 0.959821 0.114418 0.031250 0.041005
4 0.714286 0.149471 0.025298 0.042328
4 0.739211 0.227513 0.030506 0.029101
3 0.295015 0.230820 0.018601 0.054233
3 0.257440 0.208995 0.017857 0.047619
3 0.249628 0.156085 0.018601 0.052910
3 0.282738 0.151455 0.017857 0.043651
3 0.329613 0.177249 0.022321 0.047619
4 0.156250 0.646164 0.028274 0.038360
3 0.193452 0.625661 0.026786 0.031746
8 0.743676 0.296958 0.063244 0.030423
3 0.594122 0.170635 0.026042 0.039683
9 0.340402 0.243386 0.009673 0.029101
3 0.212426 0.556217 0.026042 0.035714
4 0.286086 0.505952 0.023065 0.041005
3 0.457217 0.898148 0.021577 0.047619
3 0.248512 0.589947 0.029762 0.034392
3 0.650298 0.730820 0.025298 0.035714
5 0.692708 0.672619 0.026786 0.038360
5 0.797991 0.521164 0.023065 0.039683
4 0.132068 0.635582 0.021577 0.025132
3 0.192708 0.593915 0.028274 0.037037
9 0.245164 0.547619 0.012649 0.018519
3 0.270833 0.552249 0.026786 0.035714
3 0.633185 0.663360 0.023810 0.041005
4 0.653274 0.681217 0.025298 0.039683
3 0.662946 0.616402 0.023810 0.039683
3 0.681176 0.636243 0.023065 0.039683
4 0.696429 0.564815 0.025298 0.037037
4 0.707589 0.597222 0.023810 0.035714
7 0.742932 0.158730 0.014137 0.034392
3 0.036458 0.219577 0.028274 0.037037
7 0.897321 0.394841 0.023810 0.035714
0 0.011905 0.674603 0.013393 0.018519