1 0.930935 0.431839 0.026786 0.060691
3 0.516544 0.196545 0.083508 0.075630
9 0.273897 0.442577 0.034139 0.097106
9 0.729779 0.126517 0.015231 0.025210
0 0.035977 0.410364 0.012080 0.062558
1 0.585872 0.311858 0.011029 0.039216
0 0.303046 0.470588 0.015756 0.074697
0 0.027048 0.371148 0.011029 0.056956
0 0.037027 0.378618 0.009979 0.043884
9 0.240284 0.301120 0.027836 0.023343
0 0.240809 0.280579 0.014181 0.047619
0 0.156250 0.324463 0.012080 0.045752
9 0.158351 0.293651 0.011029 0.040149
0 0.345851 0.437442 0.012080 0.045752
3 0.981618 0.045285 0.029412 0.060691
0 0.183298 0.352474 0.010504 0.055089
0 0.124737 0.388889 0.021534 0.066293
0 0.182773 0.360411 0.013655 0.069094
0 0.175158 0.374416 0.012080 0.041083
2 0.253676 0.316527 0.035714 0.074697
9 0.332195 0.332400 0.024685 0.069094
9 0.714023 0.133053 0.017332 0.032680
1 0.714548 0.110644 0.008929 0.038282
0 0.689863 0.135854 0.009979 0.045752
9 0.383666 0.377684 0.034139 0.066293
0 0.237132 0.404762 0.016282 0.071895
0 0.214023 0.412232 0.018382 0.068161
3 0.668330 0.119048 0.059349 0.070028
0 0.311712 0.431839 0.016282 0.070028
0 0.218750 0.388889 0.016282 0.070028
3 0.710347 0.077965 0.047794 0.058824
0 0.240809 0.386088 0.019433 0.079365
3 0.564863 0.702148 0.118172 0.227824
0 0.043855 0.391690 0.022584 0.077498
3 0.485819 0.598506 0.107143 0.184874
3 0.662815 0.303455 0.064076 0.095238
0 0.008666 0.392157 0.014181 0.046685
3 0.727679 0.378151 0.067752 0.117647
0 0.025473 0.408497 0.018382 0.066293
3 0.374737 0.480392 0.097164 0.167134
0 0.504202 0.270308 0.019958 0.073763
9 0.169905 0.301120 0.016282 0.051354
0 0.024422 0.378618 0.013130 0.047619
6 0.592700 0.327731 0.041492 0.080299
9 0.690389 0.149860 0.019433 0.032680
3 0.493960 0.351541 0.086660 0.111111
9 0.402048 0.332866 0.046744 0.055089
3 0.751838 0.161064 0.059349 0.109244
9 0.381040 0.279645 0.034139 0.060691
9 0.486870 0.252568 0.038866 0.055089
3 0.627889 0.180672 0.060399 0.077498
3 0.819065 0.189076 0.048845 0.084967
9 0.820641 0.916433 0.037290 0.070028
1 0.732405 0.102241 0.008929 0.030812
1 0.825368 0.880019 0.017332 0.045752
3 0.800158 0.095705 0.041492 0.064426
3 0.876838 0.048086 0.036239 0.062558
3 0.825893 0.050420 0.040441 0.048553
9 0.927784 0.460784 0.016282 0.049486
2 0.215599 0.492997 0.037290 0.069094