4 0.383073 0.653241 0.017188 0.037963
3 0.400260 0.609259 0.014063 0.025926
3 0.456771 0.950926 0.028125 0.072222
3 0.432292 0.812037 0.022917 0.053704
3 0.433854 0.720833 0.018750 0.037963
3 0.356250 0.833333 0.026042 0.059259
7 0.339062 0.889815 0.026042 0.050000
1 0.326823 0.935185 0.009896 0.033333
9 0.327344 0.943056 0.022396 0.036111
1 0.371875 0.862500 0.007292 0.023148
6 0.373958 0.867130 0.014583 0.045370
1 0.390625 0.815278 0.008333 0.026852
6 0.393229 0.819907 0.013542 0.041667
3 0.616146 0.964352 0.066667 0.054630
9 0.571094 0.951389 0.011979 0.041667
0 0.553646 0.947685 0.009375 0.045370
9 0.561979 0.882407 0.008333 0.037037
6 0.234375 0.874074 0.020833 0.048148
3 0.681510 0.745833 0.033854 0.039815
6 0.653385 0.873148 0.030729 0.040741
5 0.353646 0.740278 0.033333 0.069444
3 0.395313 0.628241 0.015625 0.030556
3 0.414583 0.631944 0.017708 0.030556
3 0.458073 0.591667 0.014063 0.025926
3 0.327865 0.710648 0.040104 0.030556
5 0.347135 0.673148 0.044271 0.040741
6 0.310417 0.875000 0.037500 0.087037
0 0.546615 0.762037 0.006771 0.031481
3 0.385417 0.571296 0.011458 0.022222
4 0.620313 0.747685 0.021875 0.058333
3 0.521875 0.621296 0.013542 0.024074
3 0.338542 0.692130 0.036458 0.026852
1 0.208333 0.900463 0.013542 0.021296
1 0.170052 0.903241 0.014063 0.034259
1 0.185938 0.913889 0.010417 0.025926
1 0.178125 0.887963 0.013542 0.027778
0 0.209115 0.868056 0.011979 0.032407
1 0.214323 0.803704 0.009896 0.027778
1 0.211719 0.806944 0.008854 0.028704
3 0.479427 0.651389 0.017188 0.034259
6 0.495573 0.565741 0.009896 0.027778
6 0.487500 0.533333 0.009375 0.024074
9 0.451302 0.533333 0.006771 0.018519
3 0.489844 0.492130 0.011979 0.019444
8 0.503385 0.484722 0.011979 0.032407
9 0.504427 0.712963 0.008854 0.027778
3 0.443750 0.494907 0.016667 0.017593
3 0.445833 0.480093 0.011458 0.019444
3 0.493490 0.476852 0.010937 0.018519
3 0.491667 0.457870 0.008333 0.015741
3 0.495573 0.467130 0.009896 0.017593
3 0.504167 0.442130 0.014583 0.012037
3 0.545833 0.528241 0.013542 0.021296
3 0.258854 0.824074 0.029167 0.057407
6 0.286719 0.826852 0.014063 0.042593
3 0.687760 0.717593 0.026562 0.037037
3 0.316667 0.744444 0.039583 0.038889
1 0.504167 0.709722 0.006250 0.017593
3 0.384375 0.605556 0.016667 0.027778
3 0.529427 0.595833 0.010937 0.021296
3 0.526563 0.577315 0.011458 0.019444
3 0.676823 0.680093 0.035937 0.028704
4 0.580729 0.549537 0.027083 0.023148
3 0.400000 0.558796 0.021875 0.019444
3 0.419531 0.561111 0.014063 0.024074
3 0.415885 0.574537 0.014063 0.023148
3 0.435937 0.558796 0.014583 0.025000
3 0.442188 0.527315 0.010417 0.023148
1 0.190625 0.867130 0.013542 0.025000
0 0.213281 0.860185 0.008854 0.033333
1 0.231510 0.773611 0.010937 0.019444
9 0.311198 0.664352 0.016146 0.021296
1 0.209115 0.817130 0.010937 0.026852
9 0.333333 0.809722 0.017708 0.034259
6 0.479427 0.581481 0.008854 0.024074
0 0.214583 0.885185 0.009375 0.037037
8 0.523698 0.519444 0.014063 0.035185
9 0.605469 0.608333 0.007812 0.024074
3 0.432031 0.512500 0.011979 0.017593
3 0.672656 0.781944 0.031771 0.050926
6 0.708594 0.824537 0.034896 0.037963
6 0.715104 0.850463 0.034375 0.041667