3 0.034139 0.028011 0.068277 0.056022
9 0.194853 0.009804 0.010504 0.019608
9 0.208508 0.010271 0.009454 0.020542
9 0.222952 0.010738 0.009979 0.021475
4 0.916754 0.204015 0.103466 0.092437
0 0.846376 0.118114 0.015231 0.047619
3 0.454832 0.576097 0.060924 0.188609
3 0.680410 0.662465 0.089811 0.183940
3 0.553309 0.883287 0.075105 0.220355
3 0.453782 0.912698 0.075630 0.154062
0 0.172794 0.976190 0.023109 0.045752
3 0.877363 0.415966 0.115021 0.111111
0 0.857931 0.109711 0.013130 0.045752
0 0.965336 0.076097 0.015756 0.043884
0 0.964548 0.116713 0.018382 0.044818
0 0.969538 0.104108 0.015756 0.042017
0 0.980567 0.098039 0.016807 0.050420
1 0.392069 0.815593 0.027836 0.047619
2 0.392595 0.838469 0.045693 0.056022
0 0.844800 0.850140 0.023634 0.056956
1 0.852153 0.821195 0.024685 0.043884
0 0.886292 0.795985 0.023634 0.047619
1 0.907826 0.759570 0.024685 0.058824
0 0.868960 0.687675 0.026786 0.060691
0 0.953519 0.822129 0.028887 0.053221
9 0.388918 0.134921 0.022584 0.036415
1 0.388130 0.110644 0.011555 0.049486
9 0.678834 0.915966 0.022584 0.085901
1 0.680147 0.901494 0.021008 0.064426
0 0.829569 0.835201 0.019433 0.053221
3 0.774160 0.131186 0.089286 0.096172
0 0.229254 0.552754 0.017332 0.065359
0 0.050945 0.429038 0.023109 0.070028
9 0.242910 0.336601 0.033088 0.038282
1 0.236082 0.316060 0.011029 0.040149
9 0.803309 0.245098 0.035189 0.038282
1 0.812237 0.234827 0.016282 0.051354
9 0.678309 0.126517 0.024685 0.042017
1 0.683561 0.114379 0.018382 0.055089
6 0.116859 0.282913 0.039391 0.044818
1 0.120536 0.277778 0.013130 0.045752
2 0.705095 0.106443 0.021534 0.052288
9 0.797006 0.597106 0.038340 0.055089
1 0.801208 0.581232 0.021534 0.056956
9 0.704569 0.014939 0.027836 0.029879
0 0.705620 0.011204 0.008929 0.022409
2 0.777574 0.059757 0.033088 0.026144
3 0.030725 0.194211 0.061450 0.089636