5 0.724740 0.953241 0.052604 0.089815
3 0.243750 0.971296 0.036458 0.053704
3 0.260417 0.933796 0.030208 0.067593
6 0.282031 0.941667 0.024479 0.055556
3 0.494531 0.664352 0.019271 0.043519
4 0.552865 0.917130 0.030729 0.076852
4 0.541927 0.815741 0.032813 0.083333
3 0.652604 0.712500 0.030208 0.052778
3 0.491927 0.531944 0.017188 0.025000
3 0.315365 0.807870 0.034896 0.062037
5 0.333854 0.742593 0.039583 0.074074
6 0.327083 0.883333 0.023958 0.075926
4 0.363021 0.658796 0.028125 0.047222
8 0.376563 0.621759 0.029167 0.067593
4 0.456771 0.608796 0.015625 0.036111
3 0.430990 0.599074 0.017188 0.033333
3 0.461198 0.536574 0.013021 0.026852
3 0.601302 0.684259 0.023438 0.048148
3 0.574219 0.579167 0.029687 0.030556
3 0.302604 0.603241 0.038542 0.030556
6 0.225000 0.730556 0.023958 0.038889
6 0.169531 0.845833 0.028646 0.049074
0 0.485417 0.593056 0.007292 0.026852
0 0.642708 0.737037 0.009375 0.029630
9 0.696875 0.822685 0.028125 0.032407
8 0.505990 0.483796 0.014063 0.039815
3 0.396354 0.580093 0.017708 0.032407
3 0.403385 0.549537 0.016146 0.028704
3 0.516406 0.568519 0.016146 0.029630
3 0.519010 0.612037 0.017188 0.033333
0 0.457292 0.506944 0.006250 0.019444
3 0.330990 0.575926 0.022396 0.031481
4 0.368750 0.572685 0.020833 0.037963
3 0.581510 0.499537 0.022396 0.023148
3 0.580208 0.487963 0.021875 0.022222
0 0.473698 0.504167 0.005729 0.023148
3 0.353385 0.696296 0.024479 0.048148