3 0.731771 0.511905 0.026042 0.039683
4 0.852679 0.711640 0.022321 0.026455
4 0.837798 0.680556 0.023810 0.030423
4 0.871652 0.592593 0.021577 0.042328
3 0.889509 0.652778 0.021577 0.043651
3 0.125372 0.599206 0.026042 0.037037
3 0.199033 0.492063 0.026042 0.034392
3 0.012277 0.619048 0.023065 0.047619
3 0.853795 0.177910 0.026042 0.030423
5 0.960938 0.118386 0.030506 0.035714
5 0.712426 0.150794 0.020089 0.039683
4 0.739211 0.232143 0.024554 0.022487
3 0.298363 0.230159 0.019345 0.055556
3 0.259301 0.209656 0.020089 0.048942
4 0.249256 0.156085 0.019345 0.052910
4 0.283482 0.152116 0.017857 0.042328
3 0.330357 0.178571 0.022321 0.047619
3 0.116071 0.677249 0.026786 0.034392
3 0.171131 0.638228 0.026786 0.033069
8 0.743676 0.296296 0.063244 0.029101
4 0.596726 0.172619 0.025298 0.041005
9 0.646577 0.283730 0.010417 0.014550
9 0.322545 0.282407 0.014137 0.038360
9 0.808036 0.220238 0.011905 0.019841
0 0.804315 0.219577 0.013393 0.013228
0 0.809896 0.224868 0.012649 0.013228
9 0.531250 0.954365 0.010417 0.027778
9 0.208333 0.679233 0.010417 0.014550
0 0.466518 0.582011 0.010417 0.018519
9 0.321801 0.136905 0.011161 0.033069
9 0.351562 0.246032 0.008185 0.018519
0 0.293899 0.373016 0.010417 0.018519
9 0.702381 0.309524 0.014881 0.018519
9 0.941592 0.252646 0.017113 0.018519
4 0.229539 0.562831 0.026042 0.035714
3 0.315476 0.510582 0.023810 0.029101
4 0.335938 0.383598 0.012649 0.050265
3 0.337426 0.303571 0.018601 0.043651
3 0.093750 0.723545 0.026786 0.034392
3 0.229911 0.603836 0.031250 0.035714
3 0.351190 0.580026 0.031250 0.030423
5 0.417039 0.631614 0.029018 0.038360
5 0.479167 0.724868 0.025298 0.034392
4 0.384673 0.458333 0.026786 0.035714
4 0.433408 0.455688 0.023065 0.022487
3 0.492188 0.427910 0.027530 0.027778
9 0.455357 0.406085 0.011905 0.018519
3 0.621652 0.380952 0.024554 0.023810
3 0.646577 0.643519 0.026786 0.038360
4 0.654762 0.681217 0.026786 0.042328
3 0.672247 0.606481 0.024554 0.038360
3 0.683780 0.634921 0.026786 0.042328
4 0.699405 0.561508 0.023810 0.041005
4 0.789062 0.466270 0.024554 0.035714
3 0.822173 0.454365 0.026786 0.046296
7 0.742932 0.161376 0.014137 0.031746
3 0.038690 0.218254 0.025298 0.037037
7 0.700893 0.700397 0.022321 0.038360
0 0.058780 0.642857 0.010417 0.015873