3 0.505252 0.595238 0.047269 0.111111
3 0.601366 0.709617 0.061975 0.149393
3 0.399422 0.627451 0.056197 0.138189
3 0.088235 0.645658 0.128151 0.096172
4 0.060924 0.535948 0.070378 0.138189
3 0.356355 0.298786 0.045693 0.067227
3 0.436975 0.231092 0.025210 0.056956
3 0.413340 0.158730 0.022059 0.046685
3 0.611607 0.218954 0.054097 0.053221
3 0.496061 0.355742 0.037290 0.070962
3 0.490809 0.231559 0.029937 0.056022
7 0.455357 0.129318 0.017857 0.045752
3 0.505777 0.067694 0.019958 0.036415
3 0.443277 0.106909 0.021008 0.045752
3 0.445903 0.084500 0.017857 0.040149
3 0.451418 0.050887 0.017332 0.036415
3 0.958771 0.159197 0.061450 0.049486
3 0.645483 0.169468 0.053571 0.040149
3 0.303309 0.175537 0.051996 0.050420
3 0.454569 0.031746 0.017332 0.028011
9 0.302784 0.676004 0.017332 0.054155
1 0.303046 0.645191 0.016807 0.048553
1 0.322742 0.469655 0.014181 0.048553
9 0.323004 0.495798 0.015756 0.050420
9 0.378414 0.233427 0.009979 0.031746
9 0.418592 0.302521 0.011555 0.035481
1 0.377101 0.217087 0.007353 0.027077
1 0.418855 0.281046 0.009979 0.029879
1 0.366071 0.244164 0.007353 0.030812
9 0.367384 0.255836 0.009979 0.031746
1 0.404674 0.232026 0.012080 0.030812
6 0.404412 0.242297 0.016807 0.042017
1 0.537290 0.136321 0.008403 0.028011
9 0.537553 0.146592 0.007878 0.026144
1 0.521534 0.193277 0.009454 0.031746
9 0.521008 0.201214 0.010504 0.034547
9 0.382353 0.200280 0.009454 0.027077
1 0.382878 0.187675 0.009454 0.022409
1 0.569853 0.279178 0.011555 0.033613
9 0.569853 0.291317 0.013655 0.033613
0 0.325630 0.279178 0.014706 0.048553
6 0.420431 0.091036 0.012080 0.025210
1 0.419905 0.084500 0.007878 0.021475
9 0.863183 0.156396 0.007878 0.027077
9 0.836660 0.147059 0.011555 0.030812
0 0.781250 0.126984 0.011029 0.029879
0 0.778099 0.137722 0.009979 0.028945
0 0.769433 0.129318 0.008403 0.032680
0 0.717174 0.150794 0.008929 0.032680
3 0.392857 0.042017 0.030462 0.029879
3 0.393120 0.027077 0.030987 0.031746
3 0.226103 0.278245 0.069853 0.063492
3 0.199055 0.227824 0.061975 0.048553
3 0.199580 0.203548 0.075630 0.056022
3 0.362920 0.119981 0.049370 0.036415
3 0.379989 0.080299 0.038340 0.035481
3 0.705095 0.184407 0.055147 0.042017
5 0.788078 0.178805 0.061450 0.055089
3 0.576943 0.104575 0.048845 0.041083
3 0.563813 0.090570 0.045693 0.035481
3 0.525998 0.858077 0.066702 0.192344
9 0.687763 0.892157 0.029937 0.096172
1 0.689601 0.875817 0.025210 0.087768
9 0.302784 0.473389 0.018382 0.052288
1 0.301733 0.460317 0.017332 0.052288
9 0.094275 0.504202 0.036239 0.048553
3 0.422532 0.015406 0.014181 0.030812
3 0.490284 0.138189 0.022584 0.041083