3 0.579044 0.576097 0.138130 0.132586
3 0.212447 0.412698 0.106618 0.102708
3 0.439338 0.348739 0.101366 0.098039
3 0.336397 0.319795 0.095063 0.088702
3 0.737658 0.316527 0.044643 0.089636
3 0.749475 0.255369 0.039916 0.075630
3 0.769695 0.216153 0.032038 0.066293
3 0.773897 0.173203 0.026786 0.047619
3 0.785452 0.146592 0.024685 0.048553
3 0.806985 0.085434 0.025735 0.038282
6 0.582195 0.394958 0.074055 0.070962
0 0.435399 0.721755 0.021008 0.102708
0 0.410189 0.706816 0.022059 0.091503
0 0.424895 0.717554 0.021008 0.096172
9 0.751576 0.563025 0.029412 0.070962
1 0.754202 0.549486 0.015756 0.066293
3 0.569065 0.316527 0.084559 0.091503
3 0.586397 0.291783 0.079307 0.066293
3 0.597689 0.265173 0.090336 0.057890
3 0.586397 0.232960 0.059349 0.030812
3 0.616071 0.231092 0.082983 0.056956
5 0.630777 0.199813 0.074580 0.052288
3 0.670431 0.199346 0.062500 0.043884
3 0.688550 0.162465 0.061975 0.039216
3 0.714548 0.102241 0.053046 0.032680
3 0.730305 0.083100 0.040441 0.031746
0 0.730830 0.169001 0.008929 0.031746
0 0.740284 0.170401 0.008929 0.032680
0 0.710347 0.169468 0.007878 0.036415
1 0.760242 0.140523 0.008929 0.027077
0 0.744485 0.133053 0.008929 0.032680
0 0.752889 0.134921 0.008929 0.032680
0 0.809349 0.320728 0.021008 0.062558
2 0.808036 0.332866 0.030987 0.042017
3 0.122637 0.363212 0.105567 0.098973
3 0.030725 0.323063 0.053046 0.095238
3 0.858193 0.158730 0.024160 0.048553
9 0.095588 0.425770 0.046218 0.059757
1 0.095063 0.416433 0.019958 0.074697
3 0.698267 0.140523 0.049895 0.038282
1 0.562763 0.393557 0.018382 0.066293
0 0.865284 0.488796 0.015231 0.049486
0 0.888393 0.495331 0.015231 0.066293
0 0.888918 0.457983 0.012080 0.043884
6 0.863971 0.453782 0.031513 0.093371