5 0.631565 0.528478 0.037290 0.070962
5 0.524422 0.401027 0.019433 0.047619
5 0.596113 0.299253 0.016807 0.038282
5 0.780200 0.316993 0.071954 0.049486
3 0.452994 0.273109 0.012080 0.021475
3 0.490284 0.260037 0.009979 0.015873
5 0.471376 0.255369 0.018382 0.032680
6 0.541492 0.472923 0.017857 0.027077
5 0.940914 0.452848 0.116071 0.059757
3 0.761817 0.450980 0.038340 0.029879
8 0.416754 0.741363 0.066702 0.141923
4 0.540179 0.275444 0.015231 0.029879
3 0.595851 0.270308 0.015231 0.032680
3 0.527311 0.307190 0.014706 0.022409
1 0.538078 0.458450 0.012080 0.026144
3 0.480305 0.303922 0.012080 0.021475
3 0.556460 0.264706 0.012080 0.019608
3 0.174107 0.298319 0.021534 0.021475
3 0.432773 0.281513 0.014706 0.017740
3 0.472952 0.274510 0.015231 0.020542