3 0.434926 0.733333 0.039706 0.078431
3 0.524081 0.804575 0.051838 0.104575
3 0.908456 0.806536 0.119118 0.090196
3 0.994301 0.797712 0.010662 0.076471
3 0.727941 0.760458 0.100000 0.086928
3 0.785294 0.744118 0.091912 0.079085
3 0.610846 0.680392 0.083456 0.083660
3 0.589154 0.523203 0.043750 0.045098
3 0.392096 0.258170 0.011397 0.016993
3 0.007721 0.400000 0.015441 0.033987
3 0.395772 0.233660 0.010662 0.018954
3 0.447243 0.336601 0.017279 0.023529
3 0.114890 0.891503 0.076838 0.142484
3 0.352206 0.410458 0.019118 0.033987
3 0.206250 0.638889 0.046324 0.076471
3 0.151471 0.604248 0.044853 0.071242
3 0.213419 0.521569 0.034191 0.054902
3 0.258824 0.543791 0.033824 0.060131
3 0.321324 0.408170 0.020588 0.034641
3 0.238787 0.441830 0.027574 0.044444
3 0.220588 0.424183 0.025735 0.041830
3 0.244301 0.383660 0.020956 0.033987
3 0.277022 0.376471 0.020956 0.032680
3 0.410846 0.280065 0.013603 0.021569
2 0.009375 0.676797 0.014338 0.035948
9 0.027390 0.636275 0.013603 0.042484
9 0.047243 0.622876 0.013603 0.043137
2 0.066728 0.600654 0.012868 0.033987
2 0.095772 0.574183 0.014338 0.039869
2 0.037500 0.554575 0.010294 0.042484
2 0.058088 0.553268 0.012500 0.046405
2 0.071691 0.538889 0.012500 0.042484
2 0.040441 0.602288 0.013235 0.051634
2 0.057537 0.519281 0.014338 0.039869
9 0.558824 0.714379 0.021324 0.039216
1 0.558824 0.690850 0.013971 0.030065
2 0.615625 0.745752 0.018750 0.031373
1 0.616544 0.723529 0.012500 0.033987
2 0.590809 0.740850 0.023529 0.033333
1 0.591544 0.716993 0.016912 0.040523
0 0.697426 0.655229 0.011765 0.049020
1 0.817096 0.916667 0.015809 0.042484
1 0.848713 0.878758 0.017279 0.042484
1 0.718199 0.919281 0.016544 0.047712
1 0.765257 0.920588 0.020221 0.049020
1 0.684375 0.854575 0.014338 0.049020
1 0.636213 0.763725 0.014338 0.046405
1 0.709007 0.887908 0.016544 0.049020
1 0.722978 0.834314 0.012132 0.039869
0 0.712684 0.838889 0.013603 0.043791
1 0.681434 0.800327 0.014338 0.043791
1 0.649449 0.744118 0.012132 0.046405
1 0.689890 0.763725 0.012132 0.039869
1 0.701654 0.795752 0.012132 0.043791
1 0.728125 0.798366 0.015074 0.047712
1 0.763787 0.802941 0.016544 0.046405
1 0.795037 0.882026 0.014338 0.058170
1 0.788787 0.848039 0.015074 0.055556
0 0.893750 0.841830 0.016176 0.062745
1 0.915074 0.843137 0.013235 0.067974
0 0.871691 0.817647 0.017647 0.061438
0 0.976103 0.879085 0.014706 0.069281
0 0.894118 0.822876 0.016912 0.064052
3 0.285110 0.423856 0.023162 0.035948
3 0.460662 0.869608 0.048529 0.103922
3 0.542279 0.945425 0.060294 0.107843
3 0.515257 0.509477 0.043750 0.042484
3 0.477390 0.354575 0.015074 0.021569
3 0.470404 0.340850 0.015809 0.020261
3 0.378309 0.808824 0.045588 0.109150
3 0.500919 0.661111 0.038603 0.063399
3 0.387868 0.661111 0.035294 0.064706
3 0.546875 0.554902 0.054779 0.048366
3 0.438051 0.579739 0.029779 0.054902
3 0.409191 0.526797 0.027941 0.052288
3 0.449449 0.308824 0.012132 0.017647
3 0.439522 0.287255 0.013603 0.020261
3 0.422610 0.257190 0.011397 0.015033