3 0.474081 0.237582 0.008456 0.009804
1 0.905699 0.940850 0.016544 0.046405
3 0.191912 0.880719 0.075000 0.119608
3 0.297610 0.801961 0.062132 0.128105
3 0.087684 0.814706 0.079044 0.116993
3 0.248162 0.744444 0.056618 0.108497
3 0.191360 0.744444 0.062132 0.098039
3 0.278493 0.664052 0.050368 0.077124
3 0.352022 0.603268 0.032721 0.069281
3 0.281250 0.557516 0.038235 0.057516
3 0.398713 0.403595 0.016544 0.043791
3 0.283088 0.477451 0.025735 0.049020
3 0.332721 0.448039 0.021324 0.046405
3 0.347978 0.410784 0.020221 0.032026
3 0.304779 0.439542 0.026471 0.046405
3 0.364522 0.375163 0.015809 0.023529
3 0.371324 0.359477 0.013235 0.023529
3 0.379779 0.345425 0.011765 0.020261
3 0.384375 0.335621 0.008456 0.021569
3 0.388971 0.327124 0.010294 0.018954
3 0.394118 0.304902 0.012500 0.017647
3 0.369853 0.525817 0.031618 0.059477
3 0.420404 0.308497 0.015074 0.022222
3 0.434559 0.282353 0.011765 0.020915
3 0.440993 0.250980 0.007721 0.011765
3 0.145956 0.613072 0.037500 0.049673
3 0.189154 0.635621 0.033456 0.051634
3 0.224265 0.508497 0.035294 0.056209
3 0.392463 0.279412 0.009191 0.012418
3 0.399449 0.266340 0.009191 0.016340
3 0.386581 0.260458 0.009926 0.011111
3 0.423346 0.249346 0.007721 0.012418
3 0.418382 0.229412 0.008088 0.015686
3 0.428125 0.241503 0.007721 0.012418
3 0.425919 0.733987 0.040809 0.081046
3 0.518015 0.759150 0.041912 0.084314
3 0.701103 0.978758 0.062500 0.041176
3 0.671691 0.881046 0.048529 0.105882
3 0.467647 0.582026 0.028676 0.060784
3 0.530147 0.548693 0.027941 0.047712
3 0.480882 0.489542 0.019853 0.036601
3 0.502574 0.414379 0.016176 0.032680
3 0.452941 0.342810 0.013235 0.025490
3 0.469485 0.321895 0.011765 0.022876
3 0.487316 0.305556 0.009926 0.018954
3 0.590993 0.576471 0.029044 0.047059
3 0.574632 0.515686 0.025000 0.036601
3 0.566360 0.473203 0.020221 0.032680
3 0.534559 0.362418 0.015441 0.030719
1 0.553860 0.514052 0.004779 0.020261
2 0.553860 0.521895 0.009191 0.034641
3 0.480882 0.255229 0.011029 0.015033
1 0.002206 0.652941 0.004412 0.044444
0 0.071507 0.490850 0.009191 0.040523
1 0.161029 0.469935 0.007353 0.032680
1 0.184926 0.460458 0.008088 0.029412
0 0.219669 0.430392 0.004779 0.028105
0 0.234559 0.396405 0.005147 0.026797
0 0.797059 0.697059 0.012500 0.058170
0 0.808456 0.691503 0.012500 0.054902
0 0.876654 0.741830 0.014338 0.054902
0 0.897243 0.768301 0.015809 0.060784
0 0.884007 0.585621 0.009926 0.047059
0 0.919669 0.582353 0.008456 0.045752
0 0.930515 0.585948 0.008088 0.051634
0 0.972610 0.517320 0.004779 0.029412
0 0.876654 0.487255 0.009191 0.028105
0 0.853860 0.459477 0.006250 0.033987
0 0.897426 0.479412 0.008088 0.035948
0 0.917279 0.477451 0.004412 0.033333
0 0.982537 0.822549 0.016544 0.060784
0 0.930147 0.744771 0.014706 0.052941
0 0.945956 0.748366 0.013971 0.050980
0 0.877022 0.536275 0.009191 0.029412
0 0.892096 0.545098 0.003309 0.031373
0 0.902574 0.543791 0.010294 0.028758
0 0.863971 0.536928 0.004412 0.046405
0 0.779596 0.415686 0.007721 0.030065
0 0.786213 0.404575 0.009191 0.015686
0 0.805699 0.375490 0.006985 0.021569
0 0.815074 0.376797 0.006618 0.021569
0 0.869118 0.402288 0.004412 0.028105
1 0.790074 0.902614 0.011029 0.050980
0 0.945956 0.500654 0.007353 0.030065
0 0.949816 0.520261 0.007721 0.030065
0 0.962684 0.521569 0.004779 0.032680
0 0.952574 0.501634 0.005882 0.039869
2 0.159191 0.484641 0.010294 0.021569
2 0.184375 0.472876 0.008456 0.017647
2 0.220404 0.435294 0.009191 0.016993
2 0.235846 0.400327 0.011397 0.018954
9 0.784375 0.921242 0.019485 0.064706
1 0.832721 0.819281 0.011029 0.050327
9 0.831985 0.842157 0.034559 0.047712
0 0.966728 0.811438 0.014338 0.058170
0 0.961949 0.799673 0.014338 0.062092
0 0.949816 0.804902 0.015809 0.062092
0 0.953125 0.721895 0.014338 0.056863
0 0.929596 0.806209 0.012868 0.064706
0 0.939154 0.799673 0.011397 0.055556
1 0.895404 0.966667 0.020221 0.050980
0 0.864890 0.682026 0.013603 0.045098
9 0.869301 0.698039 0.029779 0.043137
0 0.857169 0.540850 0.009926 0.038562
0 0.853860 0.533007 0.009191 0.037255
0 0.874816 0.466340 0.010662 0.037255
0 0.831434 0.509804 0.012132 0.039216
1 0.781066 0.546078 0.013603 0.035948