2 0.007090 0.338469 0.011029 0.049486
9 0.617910 0.165733 0.020483 0.019608
2 0.749737 0.282446 0.009979 0.027077
9 0.672532 0.248833 0.032038 0.038282
0 0.681460 0.127451 0.008929 0.040149
0 0.686712 0.126517 0.006828 0.036415
8 0.753939 0.377684 0.165441 0.127918
3 0.655462 0.634921 0.079832 0.130719
3 0.323529 0.512605 0.112395 0.078431
3 0.497111 0.517274 0.089811 0.069094
3 0.655200 0.512138 0.094013 0.083100
3 0.379727 0.395892 0.077731 0.078431
3 0.401786 0.339402 0.064076 0.073763
3 0.485819 0.403361 0.086134 0.063492
3 0.187763 0.504202 0.106618 0.084034
1 0.663078 0.772176 0.020483 0.054155
0 0.743172 0.767974 0.019958 0.068161
0 0.782300 0.780112 0.025735 0.073763
0 0.764968 0.750700 0.022584 0.065359
1 0.597689 0.611111 0.023109 0.055089
9 0.064338 0.618581 0.036239 0.049486
9 0.806723 0.675537 0.032563 0.056956
1 0.520221 0.565826 0.015231 0.054155
2 0.522584 0.570495 0.040966 0.041083
1 0.531250 0.563025 0.015231 0.050420
9 0.248162 0.302988 0.027836 0.034547
1 0.265756 0.384220 0.017857 0.055089
1 0.299370 0.360411 0.012605 0.050420
2 0.265231 0.397292 0.035714 0.042017
9 0.290704 0.373950 0.036239 0.036415
1 0.696429 0.339402 0.012605 0.040149
9 0.694853 0.358077 0.031513 0.032680
0 0.532300 0.219421 0.013130 0.046685
0 0.464023 0.030345 0.006828 0.034547
9 0.358456 0.192810 0.022584 0.030812
0 0.863708 0.261905 0.007878 0.034547
0 0.861082 0.258170 0.011029 0.038282
0 0.284926 0.224556 0.006828 0.042017
0 0.337447 0.181606 0.011029 0.040149
2 0.013918 0.339402 0.018382 0.043884
3 0.177258 0.838469 0.109769 0.194211
3 0.486607 0.204015 0.023634 0.066293
3 0.938813 0.815593 0.120273 0.170868
3 0.588498 0.197479 0.030987 0.055089
3 0.439076 0.061158 0.023109 0.040149
3 0.646271 0.138655 0.050945 0.043884
3 0.582195 0.015406 0.042542 0.028945
4 0.447742 0.021942 0.020483 0.036415
6 0.668067 0.796452 0.037815 0.112045
0 0.925683 0.675537 0.023634 0.066293
9 0.683561 0.289916 0.008929 0.036415
2 0.752363 0.300654 0.015231 0.031746
9 0.790704 0.293184 0.009979 0.041083
9 0.807773 0.290850 0.012605 0.036415
9 0.863445 0.306256 0.009454 0.035481
9 0.896271 0.281513 0.015231 0.036415
2 0.910714 0.309057 0.012605 0.037348
9 0.960347 0.312792 0.023634 0.050420
0 0.335872 0.835201 0.020483 0.073763
0 0.352416 0.832866 0.025210 0.078431
1 0.487395 0.264706 0.013655 0.030812
6 0.486607 0.274977 0.020483 0.051354
1 0.403624 0.294585 0.015231 0.045752
9 0.406513 0.309057 0.023109 0.041083
1 0.155987 0.635854 0.021008 0.054155
9 0.157038 0.653128 0.033613 0.051354
4 0.464548 0.578898 0.088761 0.095238
1 0.809874 0.668534 0.023109 0.048553
9 0.337447 0.249767 0.026786 0.034547
9 0.389443 0.175070 0.025735 0.030812
9 0.392595 0.154528 0.024685 0.028945
0 0.123162 0.330999 0.013130 0.045752
0 0.584296 0.264706 0.013130 0.045752
0 0.471376 0.037815 0.007878 0.038282
1 0.059874 0.602708 0.019958 0.055089
2 0.599527 0.626050 0.041492 0.045752
0 0.346376 0.280579 0.013130 0.049486
0 0.324842 0.285247 0.013130 0.043884
9 0.252889 0.319795 0.027836 0.030812
9 0.087447 0.340336 0.017332 0.042017
1 0.291229 0.360878 0.015231 0.045752
1 0.487658 0.272642 0.015231 0.029879
3 0.523634 0.122782 0.028361 0.051354
9 0.657563 0.576097 0.038866 0.041083
1 0.657563 0.563959 0.019958 0.054155
0 0.783088 0.775910 0.016807 0.054155
5 0.366071 0.439309 0.111345 0.092437
1 0.709296 0.336601 0.009979 0.036415