3 0.186570 0.932540 0.071057 0.130952
3 0.277716 0.909061 0.071057 0.128968
3 0.346168 0.867394 0.072545 0.114418
3 0.414621 0.843585 0.071801 0.109127
3 0.458891 0.781415 0.071801 0.099868
4 0.559524 0.926918 0.098958 0.138228
3 0.355283 0.608466 0.033482 0.060847
3 0.799107 0.550595 0.069940 0.052249
3 0.708333 0.552910 0.078869 0.059524
3 0.016741 0.464616 0.033482 0.041667
3 0.239397 0.405754 0.046503 0.032407
3 0.821243 0.475529 0.059896 0.043651
4 0.721912 0.488757 0.070312 0.059524
3 0.490327 0.502315 0.061012 0.045635
3 0.545573 0.480159 0.058408 0.044974
3 0.101376 0.461971 0.060640 0.035053
3 0.215774 0.460979 0.057292 0.038360
3 0.348400 0.498016 0.056176 0.043651
3 0.015439 0.446759 0.030878 0.037698
3 0.248884 0.426587 0.046131 0.038360
3 0.375372 0.476521 0.057292 0.041667
3 0.205543 0.494378 0.064360 0.042989
3 0.210193 0.476852 0.058780 0.037037
3 0.155134 0.448413 0.051339 0.039683
3 0.332217 0.432209 0.049107 0.040344
3 0.085007 0.510251 0.075521 0.042989
3 0.078683 0.483135 0.058408 0.040344
3 0.193452 0.390212 0.024554 0.034392
8 0.292225 0.430556 0.123884 0.076720
3 0.538504 0.429233 0.056920 0.038360
3 0.629278 0.428902 0.050223 0.035053
8 0.574219 0.444775 0.126860 0.090608
3 0.007440 0.509921 0.014881 0.038360
3 0.425781 0.445767 0.047991 0.038360
3 0.439174 0.429894 0.046503 0.038360
3 0.693080 0.429563 0.054315 0.040344
3 0.762091 0.426257 0.059152 0.040344
3 0.752046 0.452050 0.059896 0.041667
3 0.829427 0.406746 0.054688 0.034392
3 0.846912 0.424934 0.053199 0.035053
3 0.886533 0.402116 0.045387 0.038360
0 0.091518 0.700066 0.019345 0.061508
0 0.062872 0.707011 0.019345 0.054233
2 0.282924 0.667328 0.028646 0.030423
1 0.277902 0.653108 0.014881 0.050926
2 0.200707 0.560185 0.026414 0.027778
1 0.196987 0.540344 0.015253 0.033069
2 0.140811 0.541997 0.025670 0.029762
1 0.138393 0.526786 0.013393 0.029762
0 0.185826 0.582011 0.014509 0.039683
2 0.715216 0.732143 0.023438 0.054233
1 0.719308 0.720569 0.014509 0.057540
9 0.774182 0.852183 0.030506 0.058862
0 0.828311 0.804563 0.017485 0.077381
0 0.856585 0.847222 0.024182 0.071429
0 0.828497 0.912698 0.021577 0.070106
0 0.898810 0.822421 0.016369 0.077381
0 0.912016 0.811839 0.022693 0.078704
2 0.684710 0.826058 0.026414 0.054233
1 0.686384 0.810185 0.018601 0.064815
0 0.849702 0.639220 0.014881 0.054894
0 0.838170 0.636905 0.011905 0.056878
0 0.925781 0.814484 0.019717 0.068122
0 0.832031 0.706680 0.014509 0.061508
0 0.841704 0.704034 0.014509 0.064153
0 0.794085 0.584325 0.016741 0.049603
0 0.907180 0.674934 0.015997 0.068122
2 0.641555 0.926257 0.044271 0.053571
2 0.797061 0.898479 0.033854 0.061508
2 0.819010 0.916336 0.033854 0.056217