4 0.497374 0.759570 0.031513 0.055089
3 0.897584 0.839402 0.055672 0.054155
3 0.562763 0.746499 0.023634 0.043884
5 0.370798 0.718487 0.068277 0.131653
5 0.422269 0.674603 0.065126 0.088702
4 0.563025 0.764706 0.026261 0.048553
5 0.914391 0.763772 0.111345 0.128852
3 0.496849 0.720355 0.017857 0.030812
4 0.728729 0.679739 0.017332 0.028011
3 0.564601 0.691410 0.022059 0.028945
5 0.837710 0.785247 0.048319 0.059757
5 0.626838 0.582166 0.017332 0.025210
3 0.664128 0.581699 0.007878 0.013072
3 0.583246 0.671335 0.016282 0.026144
3 0.675158 0.587302 0.008929 0.013072
3 0.498162 0.743231 0.024685 0.044818
3 0.509191 0.711485 0.016282 0.029879
5 0.431723 0.727358 0.050420 0.106443
5 0.471901 0.667600 0.041492 0.072829
3 0.564076 0.718954 0.022059 0.033613
5 0.518908 0.668067 0.033613 0.073763
3 0.561187 0.703081 0.016282 0.031746