5 0.650473 0.408030 0.020483 0.041083
3 0.545168 0.293184 0.022059 0.054155
3 0.594800 0.494865 0.023634 0.042951
3 0.611082 0.577965 0.030987 0.042951
3 0.548582 0.315593 0.032038 0.024276
3 0.726103 0.218021 0.018382 0.027077
4 0.564338 0.276844 0.009979 0.019608
3 0.426471 0.703548 0.023109 0.062558
3 0.464023 0.415966 0.015231 0.032680
3 0.518120 0.224556 0.009979 0.017740
3 0.395746 0.506536 0.020483 0.045752
3 0.413078 0.421102 0.016282 0.037348
3 0.425683 0.346872 0.012080 0.030812
3 0.455095 0.342204 0.012080 0.027077
4 0.481618 0.269374 0.015756 0.036415
5 0.552784 0.167600 0.014181 0.030812