3 0.641019 0.422035 0.046744 0.037348
3 0.409926 0.403361 0.050945 0.044818
3 0.235557 0.394491 0.044643 0.040149
3 0.509716 0.498599 0.025735 0.044818
5 0.649422 0.525677 0.037290 0.070962
5 0.537290 0.287115 0.014706 0.027077
5 0.601891 0.286181 0.019958 0.040149
3 0.492910 0.288049 0.012080 0.023343
5 0.610819 0.268908 0.049370 0.039216
3 0.470326 0.261905 0.012080 0.021475
3 0.451943 0.259104 0.012080 0.021475
3 0.420431 0.266573 0.020483 0.027077
3 0.391282 0.270775 0.021008 0.026144
5 0.472952 0.246032 0.018382 0.032680
5 0.535977 0.348739 0.015231 0.021475
8 0.487920 0.445378 0.031513 0.067227
3 0.849002 0.312792 0.021534 0.028011
3 0.802258 0.305322 0.021534 0.024276
3 0.600053 0.254435 0.015231 0.032680
1 0.534664 0.342670 0.011555 0.016807
3 0.257090 0.272176 0.018382 0.021475
3 0.324317 0.275910 0.024685 0.027077