3 0.489758 0.193744 0.083508 0.075630
9 0.247637 0.449113 0.034139 0.097106
9 0.762342 0.029412 0.015231 0.025210
0 0.008403 0.434641 0.013655 0.062558
1 0.784401 0.021942 0.011029 0.030812
0 0.282300 0.495331 0.016282 0.073763
0 0.019695 0.424370 0.011029 0.043884
9 0.224527 0.333800 0.027836 0.023343
0 0.227679 0.316993 0.014181 0.047619
0 0.132090 0.348739 0.012080 0.045752
9 0.135767 0.320728 0.011029 0.040149
1 0.210872 0.308590 0.008929 0.036415
0 0.322742 0.454715 0.014181 0.044818
4 0.491334 0.563492 0.094013 0.183940
3 0.567489 0.682073 0.109769 0.210084
3 0.833771 0.753035 0.076155 0.217554
0 0.194590 0.323529 0.015231 0.049486
0 0.208246 0.276844 0.019433 0.055089
0 0.218487 0.272176 0.017857 0.058824
2 0.225840 0.336134 0.035714 0.074697
9 0.307511 0.351074 0.024685 0.069094
9 0.745536 0.024276 0.017332 0.022409
1 0.746586 0.014472 0.008929 0.025210
0 0.513655 0.360878 0.015756 0.060691
9 0.356355 0.392624 0.034139 0.066293
0 0.212185 0.428105 0.015756 0.075630
0 0.189863 0.439309 0.021534 0.068161
3 0.638918 0.130252 0.062500 0.077498
0 0.288078 0.461718 0.016282 0.070028
0 0.193015 0.411298 0.016282 0.070028
3 0.674107 0.084500 0.047794 0.064426
0 0.217700 0.409430 0.017332 0.079365
3 0.689601 0.385621 0.077731 0.134454
0 0.037027 0.429972 0.022584 0.077498
3 0.600578 0.381886 0.080357 0.119514
3 0.665966 0.262838 0.061975 0.088702
3 0.747374 0.284781 0.056723 0.093371
3 0.355305 0.496265 0.097164 0.159664
0 0.479254 0.279645 0.021534 0.073763
9 0.146796 0.324463 0.016282 0.051354
6 0.786502 0.029412 0.025735 0.028945
9 0.513918 0.383754 0.026786 0.044818
3 0.469275 0.355275 0.086660 0.111111
9 0.376313 0.347806 0.046744 0.055089
3 0.725053 0.166200 0.063550 0.108310
9 0.357143 0.298319 0.034664 0.060691
9 0.465336 0.260037 0.038866 0.055089
3 0.596901 0.190943 0.060399 0.077498
3 0.856618 0.041550 0.035714 0.053221
1 0.765231 0.016807 0.008403 0.029879
3 0.767595 0.101307 0.044643 0.068161
3 0.795431 0.058357 0.041492 0.055089
2 0.195116 0.517274 0.037290 0.069094