5 0.010504 0.665266 0.021008 0.111111
3 0.097952 0.882820 0.059349 0.114846
3 0.150473 0.700747 0.027836 0.043884
3 0.158351 0.670868 0.026786 0.038282
5 0.088761 0.642390 0.053571 0.115780
5 0.122111 0.592437 0.046744 0.090570
1 0.157563 0.598506 0.007353 0.028011
5 0.176471 0.583567 0.046218 0.076564
3 0.238971 0.692810 0.025210 0.048553
5 0.171218 0.614846 0.028361 0.055089
3 0.236345 0.677871 0.024160 0.044818
3 0.233981 0.659197 0.024685 0.042951
3 0.230567 0.634921 0.021008 0.033613
3 0.202206 0.580299 0.014706 0.021475
3 0.230567 0.618581 0.018908 0.027077
5 0.315914 0.576564 0.029937 0.055089
3 0.407563 0.581699 0.015756 0.022409
3 0.500263 0.585434 0.021534 0.020542
3 0.575630 0.615780 0.030462 0.030812
3 0.396796 0.596172 0.021534 0.021475
3 0.662815 0.651727 0.031513 0.031746
3 0.508403 0.680672 0.043067 0.042951
3 0.545956 0.702614 0.043592 0.047619
4 0.590599 0.728291 0.049895 0.063492
5 0.660977 0.701214 0.153887 0.143791
3 0.898372 0.752568 0.060399 0.050420
3 0.772584 0.635387 0.034664 0.027077
4 0.918592 0.670868 0.053571 0.049486
5 0.973214 0.673669 0.049370 0.073763
3 0.948004 0.641457 0.037815 0.035481
3 0.956408 0.624183 0.030462 0.025210
5 0.964548 0.621382 0.027836 0.027077
5 0.934874 0.614379 0.040966 0.042951
3 0.868960 0.633987 0.034139 0.031746
1 0.748424 0.827731 0.017857 0.066293
0 0.768120 0.816527 0.015231 0.066293
0 0.739233 0.817460 0.018382 0.066293
0 0.777048 0.823996 0.018382 0.071895
0 0.777048 0.779645 0.015231 0.061625
0 0.771796 0.829599 0.018382 0.062558
4 0.779937 0.702614 0.050420 0.049486
3 0.375000 0.598973 0.017857 0.032680
5 0.884454 0.658730 0.053571 0.045752
5 0.035452 0.619981 0.059349 0.104575
5 0.092700 0.585434 0.056197 0.104575
3 0.351103 0.580299 0.018382 0.027077