9 0.584559 0.029879 0.012605 0.028011
3 0.644695 0.037815 0.049895 0.045752
0 0.740021 0.091036 0.011555 0.045752
1 0.648634 0.203081 0.014706 0.064426
1 0.737658 0.315126 0.013130 0.060691
1 0.747899 0.319795 0.016807 0.049486
3 0.314076 0.440710 0.121849 0.138189
0 0.252101 0.742764 0.021008 0.073763
0 0.261029 0.713352 0.025210 0.095238
3 0.249737 0.587768 0.030987 0.086835
9 0.304884 0.571429 0.034139 0.102708
3 0.638393 0.519608 0.080357 0.161531
0 0.817227 0.800654 0.027311 0.109244
0 0.924632 0.861811 0.033088 0.097106
0 0.949842 0.939309 0.036239 0.102708
0 0.955095 0.907563 0.034139 0.113912
4 0.582195 0.287582 0.048845 0.097106
3 0.458508 0.682540 0.074580 0.224090
4 0.381303 0.270308 0.053571 0.135387
3 0.561712 0.186741 0.042542 0.072829
3 0.489758 0.402894 0.055147 0.137255
3 0.563813 0.098973 0.030987 0.054155
9 0.462185 0.308123 0.015756 0.052288
1 0.462973 0.288515 0.017332 0.063492
1 0.647584 0.218487 0.018908 0.056022
3 0.500788 0.257703 0.043592 0.091503
6 0.417017 0.122782 0.023109 0.055089
3 0.555672 0.029412 0.028361 0.047619
3 0.502626 0.147526 0.037815 0.072829
3 0.504989 0.063959 0.028887 0.056956
2 0.602941 0.091036 0.012605 0.042017
6 0.723214 0.396359 0.040966 0.068161
1 0.604517 0.078898 0.012605 0.038282
1 0.717437 0.380952 0.016807 0.044818
0 0.735032 0.392624 0.025735 0.064426
9 0.780725 0.429038 0.041492 0.049486
0 0.778099 0.343604 0.015231 0.069094
0 0.790966 0.329132 0.016807 0.077498
9 0.743435 0.329132 0.038340 0.055089
0 0.764443 0.287582 0.015231 0.063492
9 0.748424 0.356676 0.038866 0.044818
0 0.656775 0.109244 0.013130 0.050420
0 0.659401 0.104575 0.009979 0.054155
0 0.621849 0.062092 0.012605 0.045752
3 0.686712 0.074230 0.066702 0.058824
0 0.624475 0.056489 0.012605 0.040149
0 0.737132 0.192810 0.017332 0.058824
0 0.626313 0.045752 0.012080 0.035481