9 0.941964 0.698413 0.066964 0.161376
1 0.947173 0.653439 0.061012 0.156085
1 0.937128 0.644180 0.034970 0.119048
1 0.496280 0.587963 0.040179 0.130952
9 0.513021 0.537698 0.039435 0.091270
0 0.678571 0.433862 0.029762 0.150794
0 0.421131 0.394841 0.023810 0.093915
1 0.406250 0.333333 0.019345 0.050265
0 0.503720 0.324735 0.013393 0.096561
0 0.526786 0.312831 0.022321 0.101852
0 0.565104 0.318783 0.018601 0.097884
0 0.550967 0.333333 0.012649 0.076720
0 0.573289 0.310185 0.018601 0.085979
9 0.598958 0.265212 0.019345 0.059524