5 0.011555 0.666200 0.023109 0.111111
3 0.117122 0.822596 0.052521 0.089636
3 0.158351 0.700280 0.027836 0.046685
3 0.167017 0.667134 0.026261 0.038282
5 0.093225 0.637722 0.053046 0.108310
5 0.129989 0.591036 0.045693 0.080299
1 0.160189 0.598506 0.007353 0.028011
5 0.183298 0.573296 0.046218 0.076564
3 0.246849 0.690943 0.025210 0.048553
5 0.175158 0.612512 0.024685 0.052288
3 0.240021 0.673203 0.024160 0.042951
3 0.240284 0.659197 0.024685 0.042951
3 0.235819 0.636788 0.021008 0.035481
3 0.211660 0.581699 0.014706 0.022409
3 0.236082 0.622316 0.019433 0.028945
5 0.319853 0.568161 0.027311 0.055089
3 0.377101 0.583100 0.018908 0.023343
3 0.411765 0.584034 0.016807 0.023343
3 0.486345 0.578898 0.018908 0.022409
3 0.557773 0.604108 0.022059 0.022409
3 0.421744 0.607376 0.022059 0.021475
3 0.634454 0.641923 0.031513 0.030812
3 0.519958 0.679739 0.042017 0.042951
3 0.564076 0.711018 0.049370 0.047619
4 0.625000 0.749767 0.052521 0.067227
5 0.686450 0.704015 0.159664 0.143791
3 0.931985 0.770308 0.067752 0.056022
3 0.844275 0.726424 0.056197 0.048553
3 0.782300 0.634921 0.038340 0.031746
4 0.926471 0.671802 0.056723 0.047619
5 0.975053 0.676004 0.045693 0.074697
3 0.948004 0.641457 0.037815 0.035481
3 0.956408 0.624183 0.030462 0.025210
5 0.976891 0.622782 0.028361 0.026144
5 0.945378 0.613912 0.040966 0.042017
3 0.877363 0.633520 0.035189 0.032680
1 0.787553 0.834267 0.017332 0.070028
0 0.810662 0.823996 0.014181 0.066293
0 0.780725 0.830065 0.017332 0.065359
0 0.818540 0.826797 0.017332 0.071895
0 0.814076 0.794585 0.015756 0.076564
0 0.810399 0.836601 0.018908 0.065359
4 0.736345 0.675537 0.043067 0.042017
3 0.393645 0.611111 0.023634 0.034547
5 0.896008 0.659664 0.053571 0.045752
5 0.046481 0.617180 0.059349 0.104575
5 0.102941 0.588235 0.055672 0.104575
3 0.355567 0.580766 0.017857 0.026144