0 0.819568 0.764881 0.012649 0.061508
0 0.838356 0.770503 0.014509 0.060847
0 0.856957 0.772487 0.012277 0.060847
3 0.577939 0.442460 0.033110 0.033069
3 0.032552 0.742725 0.065104 0.096561
3 0.457403 0.894841 0.049479 0.124339
3 0.529390 0.885582 0.049107 0.104497
3 0.457961 0.661706 0.033482 0.064153
3 0.512649 0.668651 0.034226 0.071429
3 0.459449 0.517857 0.024554 0.044974
3 0.495350 0.515212 0.023438 0.043651
3 0.525298 0.454696 0.021577 0.037698
3 0.491815 0.441468 0.021577 0.036376
3 0.460938 0.448082 0.021577 0.035053
3 0.376860 0.521495 0.029762 0.049603
3 0.513765 0.369048 0.018601 0.029101
3 0.421875 0.524471 0.028274 0.044974
3 0.462054 0.407077 0.019345 0.036376
3 0.488839 0.391204 0.021577 0.031085
8 0.065662 0.837302 0.131324 0.294974
4 0.179129 0.503638 0.036086 0.061508
3 0.228051 0.583003 0.046875 0.073413
3 0.152158 0.647156 0.054315 0.076058
3 0.279204 0.659722 0.042783 0.097222
3 0.280506 0.583664 0.041667 0.065476
3 0.199405 0.548280 0.040923 0.059524
3 0.271577 0.523479 0.034970 0.054894
3 0.334821 0.477844 0.026042 0.048280
3 0.219866 0.452712 0.034226 0.041667
3 0.281436 0.456680 0.027158 0.044312
3 0.309710 0.463955 0.026414 0.044312
3 0.385603 0.480159 0.025670 0.044974
3 0.424293 0.486772 0.029390 0.042328
4 0.426525 0.450397 0.020461 0.041005
3 0.396205 0.452381 0.022321 0.035714