3 0.127046 0.297950 0.031622 0.032407
1 0.287388 0.402447 0.009301 0.024471
2 0.288876 0.413029 0.013021 0.028439
2 0.304501 0.407407 0.010789 0.026455
1 0.304129 0.400463 0.010045 0.033730
3 0.453125 0.834656 0.061756 0.136243
4 0.458519 0.632275 0.044271 0.096561
4 0.556920 0.640542 0.049107 0.095899
3 0.489769 0.456680 0.030134 0.056217
1 0.678757 0.682870 0.012277 0.032407
1 0.678757 0.673611 0.015253 0.048280
2 0.677641 0.686177 0.017485 0.056217
8 0.523251 0.367394 0.045015 0.114418
5 0.320499 0.559854 0.061384 0.111772
4 0.388207 0.532738 0.042039 0.094577
3 0.364769 0.396495 0.026414 0.054894
3 0.422433 0.333003 0.018973 0.036376
8 0.370350 0.301587 0.030878 0.091270
3 0.405320 0.300595 0.018973 0.035053
3 0.601935 0.456680 0.059524 0.054894
4 0.832589 0.581349 0.080357 0.083333
3 0.957589 0.649802 0.084077 0.078704
4 0.804874 0.540013 0.072545 0.072090
6 0.552083 0.355159 0.017113 0.042328
1 0.554501 0.354497 0.009301 0.026455
2 0.494978 0.245040 0.008557 0.025794
5 0.028274 0.318783 0.038690 0.048942
4 0.890067 0.221892 0.018229 0.037698
0 0.918155 0.257275 0.008185 0.031746
4 0.956287 0.323743 0.027158 0.039021
3 0.940290 0.301918 0.024182 0.031085
3 0.933594 0.293320 0.021205 0.035053
3 0.405320 0.267526 0.018229 0.033730
3 0.400112 0.245370 0.017485 0.026455
3 0.395647 0.226852 0.015997 0.025132
4 0.374442 0.218585 0.015253 0.027116
4 0.389695 0.212632 0.013021 0.021825
3 0.364583 0.201720 0.016369 0.021164
4 0.362165 0.188823 0.011533 0.023148
3 0.358259 0.180886 0.011905 0.024471
4 0.353237 0.168651 0.011533 0.022487
3 0.397135 0.204696 0.014509 0.020503
5 0.386347 0.190476 0.018229 0.029101
3 0.373884 0.181878 0.014137 0.021164
4 0.377790 0.170304 0.010045 0.020503
5 0.255952 0.183201 0.025298 0.043651