3 0.483456 0.366667 0.015441 0.030065
3 0.715441 0.539869 0.029412 0.047059
3 0.684559 0.473203 0.026471 0.036601
3 0.299632 0.483660 0.034559 0.054902
3 0.357353 0.445752 0.044118 0.033987
3 0.268750 0.482353 0.033088 0.052288
3 0.369853 0.436601 0.038235 0.031373
3 0.331618 0.377124 0.020588 0.032680
3 0.664338 0.371895 0.030147 0.027451
0 0.683456 0.503922 0.008088 0.035294
9 0.379779 0.520915 0.009559 0.030065
9 0.393382 0.519608 0.016176 0.024837
4 0.506985 0.667320 0.033088 0.095425
3 0.440809 0.457516 0.019853 0.041830
3 0.491544 0.441830 0.018382 0.039216
4 0.206618 0.903922 0.069118 0.142484
3 0.792647 0.752941 0.061765 0.094118
3 0.755515 0.708497 0.056618 0.070588
3 0.774632 0.660784 0.071324 0.061438
3 0.754779 0.596078 0.061029 0.054902
3 0.888235 0.792157 0.098529 0.065359
3 0.325368 0.646405 0.047794 0.079739
3 0.355147 0.574510 0.041176 0.074510
3 0.255882 0.501961 0.052941 0.047059
7 0.292279 0.728105 0.047794 0.078431
3 0.727574 0.575817 0.028676 0.048366
3 0.827941 0.630719 0.070588 0.053595
3 0.819485 0.607190 0.069853 0.048366
0 0.711029 0.642484 0.010294 0.043137
0 0.717279 0.666667 0.015441 0.044444
0 0.726103 0.664052 0.012500 0.049673
0 0.717647 0.643137 0.011765 0.041830
9 0.281250 0.916340 0.019853 0.062745
3 0.283824 0.566013 0.030882 0.062745
0 0.252574 0.558824 0.011029 0.035294
0 0.263603 0.550980 0.009559 0.040523
2 0.654779 0.473856 0.008088 0.024837
0 0.696691 0.543137 0.013971 0.035294
0 0.703309 0.558824 0.011029 0.045752
9 0.764338 0.870588 0.018382 0.060131