3 0.042805 0.155929 0.084559 0.063492
2 0.204044 0.119048 0.013130 0.034547
2 0.214548 0.133053 0.011029 0.042017
2 0.230305 0.121849 0.012080 0.042017
3 0.261292 0.117180 0.038340 0.077498
3 0.315914 0.081699 0.047794 0.088702
3 0.558561 0.506536 0.044643 0.155929
0 0.198792 0.847339 0.017332 0.051354
3 0.866071 0.322596 0.088235 0.084967
0 0.811975 0.386555 0.015756 0.044818
0 0.822479 0.385154 0.015756 0.043884
0 0.933036 0.613445 0.016282 0.046685
3 0.136555 0.190943 0.079832 0.066293
2 0.628414 0.156863 0.013130 0.048553
0 0.664653 0.111578 0.008929 0.045752
0 0.805410 0.184407 0.015231 0.043884
0 0.105305 0.128852 0.011029 0.048553
0 0.815914 0.172269 0.016282 0.042017
0 0.901523 0.198880 0.017332 0.048553
2 0.403624 0.938842 0.044643 0.058824
0 0.791492 0.948646 0.015756 0.041083
0 0.799895 0.919701 0.017857 0.042951
0 0.828519 0.883754 0.019433 0.042017
0 0.845851 0.866947 0.019433 0.043884
0 0.820641 0.851541 0.016282 0.042951
6 0.360032 0.302988 0.040441 0.053221
2 0.255777 0.232026 0.030462 0.032680
1 0.259454 0.209617 0.008403 0.027077
0 0.653099 0.119514 0.011029 0.041083
0 0.781513 0.938842 0.015756 0.043884
3 0.738445 0.257703 0.076681 0.089636
0 0.236082 0.686741 0.020483 0.049486
2 0.256565 0.468254 0.027836 0.043884
9 0.139968 0.420168 0.048845 0.054155
2 0.686187 0.256769 0.023634 0.048553
0 0.787290 0.069094 0.015756 0.042951
3 0.338235 0.858543 0.086134 0.221289
3 0.583246 0.056489 0.033088 0.070028
0 0.757353 0.116713 0.015756 0.046685
0 0.060137 0.117647 0.013130 0.044818
0 0.839286 0.078898 0.009454 0.045752
0 0.764181 0.082166 0.014706 0.041083
9 0.011292 0.761438 0.022584 0.040149
9 0.008403 0.832400 0.016807 0.038282
9 0.019433 0.873483 0.038866 0.047619
9 0.031513 0.976657 0.060924 0.042951
3 0.042279 0.336601 0.084559 0.079365