3 0.496586 0.299720 0.038340 0.063492
3 0.627889 0.240430 0.057248 0.062558
3 0.034139 0.828665 0.068277 0.118581
4 0.112920 0.743697 0.119748 0.157796
3 0.336922 0.370682 0.051996 0.098973
3 0.465599 0.209617 0.050945 0.055089
7 0.707195 0.213352 0.043592 0.055089
3 0.417017 0.484594 0.045168 0.113912
3 0.426996 0.293651 0.029412 0.071895
3 0.455357 0.127451 0.025210 0.053221
3 0.532038 0.082166 0.021008 0.037348
3 0.562237 0.366013 0.038340 0.076564
3 0.458771 0.090570 0.020483 0.044818
3 0.423582 0.117180 0.023634 0.051354
3 0.024160 0.388889 0.048319 0.122316
9 0.280725 0.877218 0.029937 0.109244
1 0.278099 0.846872 0.020483 0.061625
9 0.233981 0.830999 0.030987 0.100840
1 0.234244 0.809991 0.025210 0.068161
1 0.699842 0.819795 0.023634 0.080299
9 0.700105 0.839402 0.025210 0.089636
0 0.193277 0.424837 0.019958 0.056022
0 0.232405 0.342670 0.015231 0.050420
1 0.321429 0.230159 0.009454 0.032680
6 0.401523 0.235761 0.022584 0.047619
1 0.400735 0.232960 0.009454 0.040149
0 0.548582 0.116713 0.009979 0.039216
1 0.415704 0.181606 0.008929 0.028945
9 0.415966 0.197479 0.009454 0.030812
1 0.395746 0.162465 0.007878 0.024276
9 0.396534 0.175070 0.011555 0.027077
9 0.923319 0.151727 0.010504 0.027077
9 0.895221 0.149860 0.012080 0.032680
0 0.928046 0.124183 0.010504 0.029879
0 0.929622 0.137722 0.010504 0.038282
0 0.916754 0.131186 0.008929 0.032680
0 0.876313 0.140523 0.008929 0.032680
3 0.403361 0.014006 0.029412 0.028011
3 0.437763 0.046218 0.021534 0.040149
3 0.197216 0.299720 0.074055 0.063492
3 0.182511 0.223156 0.062500 0.050420
3 0.182248 0.191877 0.075630 0.055089
3 0.297794 0.119981 0.059874 0.045752
3 0.468225 0.017740 0.018382 0.029879
3 0.366071 0.101307 0.049370 0.036415
3 0.386292 0.057423 0.037290 0.036415
3 0.751313 0.195145 0.064601 0.054155
5 0.844013 0.190943 0.071429 0.058824
9 0.674370 0.186275 0.018908 0.023343
1 0.676471 0.175070 0.012605 0.030812
3 0.601891 0.093838 0.051471 0.049486
3 0.591387 0.080299 0.049370 0.039216
3 0.958508 0.187675 0.072479 0.056022
3 0.515756 0.402428 0.039916 0.087768
9 0.596639 0.361811 0.017857 0.053221
1 0.596376 0.348739 0.015231 0.053221
9 0.364233 0.390289 0.020483 0.050420
1 0.365546 0.374883 0.017857 0.049486
9 0.328782 0.235294 0.023109 0.024276
1 0.326155 0.224090 0.011555 0.031746
9 0.320903 0.245098 0.024160 0.025210
9 0.018908 0.604108 0.037815 0.059757