3 0.378414 0.555089 0.047794 0.107376
3 0.471639 0.596172 0.086134 0.079365
3 0.257353 0.017740 0.014706 0.020542
9 0.452994 0.262372 0.012080 0.031746
1 0.453519 0.259104 0.011029 0.034547
3 0.339811 0.276844 0.029412 0.047619
3 0.280725 0.165733 0.021534 0.040149
4 0.581933 0.518674 0.052521 0.079365
0 0.015756 0.873016 0.026261 0.069094
2 0.171481 0.873950 0.033088 0.070962
3 0.888655 0.190476 0.042017 0.035481
3 0.709821 0.069561 0.026786 0.025210
4 0.717174 0.106909 0.026786 0.027077
3 0.950893 0.236695 0.043592 0.036415
3 0.943803 0.221755 0.036765 0.036415
3 0.978466 0.180672 0.034664 0.040149
4 0.383141 0.158730 0.021534 0.039216
3 0.294643 0.077965 0.030462 0.027077
3 0.160977 0.626517 0.099265 0.084034
3 0.284926 0.559290 0.085609 0.078431
3 0.400473 0.318394 0.030987 0.052288
0 0.033351 0.864146 0.023634 0.075630
0 0.048845 0.849673 0.022059 0.078431
9 0.062763 0.795518 0.032038 0.054155
1 0.059349 0.779178 0.018908 0.056956
0 0.017595 0.847339 0.025735 0.068161
3 0.924632 0.235761 0.040441 0.034547
3 0.923319 0.207283 0.035714 0.031746
4 0.855830 0.195612 0.037290 0.032680
4 0.838498 0.190009 0.032038 0.036415
4 0.854254 0.173669 0.036239 0.033613
4 0.839023 0.165266 0.035189 0.031746
3 0.826943 0.187675 0.036239 0.028011
3 0.808561 0.175537 0.033088 0.029879
3 0.788078 0.171802 0.027836 0.026144
3 0.775473 0.160131 0.027836 0.025210
3 0.861607 0.133520 0.027836 0.024276
3 0.842174 0.129785 0.026786 0.028011
3 0.834296 0.112512 0.032038 0.030812
3 0.815389 0.109711 0.025735 0.027077
3 0.798057 0.101774 0.030987 0.031746
3 0.770221 0.093371 0.029937 0.026144
3 0.729254 0.073763 0.026786 0.028011