3 0.935454 0.866402 0.103051 0.078042
3 0.897879 0.768849 0.093378 0.073413
3 0.850818 0.702712 0.093006 0.065476
3 0.825521 0.663360 0.083333 0.060847
3 0.803199 0.617394 0.063244 0.061508
3 0.749442 0.447090 0.033854 0.037037
3 0.725446 0.423942 0.033482 0.029101
3 0.313244 0.623347 0.035714 0.072090
3 0.396949 0.500992 0.027530 0.048280
3 0.405506 0.462302 0.024554 0.043651
3 0.325707 0.493056 0.025670 0.052249
4 0.365141 0.483135 0.023438 0.056217
3 0.280320 0.461971 0.027158 0.037698
3 0.311198 0.425595 0.024182 0.036376
3 0.340216 0.414021 0.023438 0.033069
3 0.383371 0.434193 0.023438 0.036376
3 0.414435 0.438823 0.019345 0.029762
3 0.360491 0.371032 0.018601 0.029101
4 0.376488 0.379299 0.017113 0.037698
3 0.393787 0.393849 0.020461 0.039021
3 0.416667 0.410384 0.022321 0.035053
3 0.379278 0.335979 0.017485 0.027778
3 0.393415 0.350198 0.015997 0.025794
3 0.412574 0.354167 0.016369 0.025794
3 0.236979 0.413029 0.027530 0.040344
5 0.282924 0.391534 0.036086 0.080688
0 0.951451 0.968254 0.024182 0.062169
0 0.935082 0.950066 0.019717 0.064153
0 0.984189 0.955357 0.021949 0.074735
0 0.912760 0.941799 0.019717 0.070106
0 0.944382 0.634590 0.010789 0.050926
0 0.827381 0.520503 0.010417 0.034392
0 0.836682 0.519841 0.007440 0.039683
3 0.507254 0.350860 0.013765 0.021825
3 0.509487 0.869048 0.047991 0.117725
3 0.410714 0.828373 0.044643 0.101190
3 0.427269 0.650463 0.034598 0.064153
3 0.532366 0.610119 0.030506 0.057540
3 0.487165 0.530423 0.026414 0.044974
3 0.447545 0.532407 0.027530 0.048942
3 0.506324 0.446759 0.021577 0.035053
3 0.462612 0.396825 0.019717 0.034392
3 0.477307 0.466931 0.021577 0.043651
3 0.471168 0.325066 0.010789 0.021825
3 0.465216 0.354497 0.014509 0.033069
3 0.511719 0.384259 0.016741 0.029101
3 0.488095 0.384590 0.018601 0.029762
3 0.472842 0.298280 0.012649 0.022487
3 0.487351 0.340278 0.016369 0.025794
3 0.527902 0.505952 0.027530 0.044974
3 0.531808 0.405423 0.018229 0.027778
3 0.661086 0.814153 0.055060 0.103175
3 0.564546 0.513889 0.026414 0.048942
3 0.329799 0.739749 0.047991 0.090608
3 0.353423 0.655754 0.043155 0.082672
3 0.106957 0.735780 0.070312 0.098545
3 0.375000 0.587632 0.035714 0.065476
3 0.379836 0.541336 0.029018 0.049603
3 0.248512 0.800265 0.058036 0.111111
3 0.260417 0.636905 0.045387 0.072751
3 0.208705 0.579034 0.044643 0.064153