9 0.176897 0.393188 0.021949 0.019180
1 0.176897 0.386243 0.007068 0.025132
0 0.260045 0.352844 0.009673 0.037698
9 0.558408 0.280423 0.011905 0.027778
9 0.329241 0.602513 0.018601 0.025132
9 0.484561 0.342923 0.010789 0.019180
1 0.484561 0.335648 0.007068 0.025794
0 0.060640 0.273148 0.007440 0.025132
1 0.322731 0.588294 0.010789 0.032407
9 0.544829 0.335317 0.014509 0.025132
6 0.583891 0.403439 0.027158 0.039683
6 0.564732 0.391865 0.024554 0.035053
0 0.557292 0.311508 0.011161 0.033069
9 0.516183 0.430886 0.015253 0.019180
9 0.487909 0.415675 0.014509 0.012566
1 0.488281 0.405754 0.007068 0.020503
3 0.923549 0.013889 0.011533 0.022487
0 0.602307 0.265542 0.006696 0.025794
0 0.909784 0.434524 0.010045 0.038360
9 0.384673 0.352183 0.019345 0.024471
9 0.055618 0.666005 0.038318 0.030423
9 0.053943 0.648148 0.034970 0.027778
9 0.053385 0.624008 0.038318 0.023148
9 0.678385 0.277447 0.013765 0.033730
6 0.658296 0.321098 0.021949 0.032407
0 0.271763 0.675926 0.017485 0.050265
9 0.486049 0.410053 0.013765 0.034392
9 0.679129 0.291997 0.012277 0.027116
9 0.706473 0.270833 0.013393 0.025794
6 0.735305 0.234458 0.018229 0.035053
0 0.756510 0.212632 0.009301 0.024471
0 0.233259 0.332341 0.008185 0.027116
0 0.227307 0.325066 0.026042 0.040344
0 0.531064 0.353175 0.007812 0.033069
4 0.824963 0.908730 0.097842 0.133598
3 0.689360 0.836971 0.084077 0.098545
3 0.591332 0.724537 0.074777 0.090608
3 0.549665 0.596561 0.065104 0.060847
3 0.326823 0.677579 0.044271 0.103836
0 0.094866 0.658399 0.013393 0.042989
0 0.101376 0.662368 0.012277 0.042989
0 0.101004 0.641534 0.013765 0.043651
0 0.654390 0.710317 0.013393 0.044974
0 0.771949 0.773810 0.012649 0.044974
0 0.784970 0.776124 0.013393 0.046958
0 0.882068 0.500992 0.010417 0.040344
0 0.876116 0.497685 0.012649 0.036376
0 0.211682 0.711310 0.012649 0.042989
0 0.213170 0.686508 0.013393 0.044974
0 0.222098 0.757937 0.016369 0.054233
0 0.221912 0.744378 0.013765 0.046958
4 0.630766 0.385582 0.048735 0.084656
3 0.665737 0.359458 0.030878 0.052249
3 0.691220 0.323743 0.033482 0.049603
3 0.720796 0.290344 0.029390 0.043651
3 0.745164 0.264881 0.032738 0.041667
3 0.764323 0.238757 0.027902 0.037037
3 0.786272 0.213294 0.029390 0.041667
3 0.808222 0.182870 0.029390 0.039021
5 0.834263 0.146495 0.035342 0.060185
3 0.674665 0.392526 0.038318 0.057540
5 0.716332 0.351190 0.033854 0.052910
3 0.806362 0.149802 0.018973 0.031085
3 0.862909 0.125331 0.021949 0.025794
3 0.911644 0.074405 0.018973 0.023148
3 0.582961 0.323413 0.037202 0.039683
9 0.729353 0.307209 0.011533 0.028439
1 0.732701 0.298611 0.005580 0.023148
9 0.770275 0.282738 0.010045 0.023148
1 0.771391 0.276786 0.005580 0.017857
3 0.100446 0.314484 0.042411 0.045635
0 0.156994 0.338955 0.008929 0.032407
7 0.195312 0.360119 0.031250 0.042989
7 0.289435 0.390212 0.036458 0.048942
7 0.250372 0.574074 0.032738 0.080688
6 0.396391 0.598876 0.033110 0.052249
7 0.376116 0.622685 0.036458 0.058862
5 0.446987 0.602513 0.062872 0.066138
6 0.279204 0.433532 0.029390 0.052249
0 0.164993 0.541336 0.010789 0.039021
9 0.188616 0.657077 0.014137 0.045635
1 0.185826 0.638889 0.007068 0.033069
2 0.261533 0.642857 0.011161 0.038360
1 0.255208 0.627976 0.010417 0.032407
9 0.281250 0.651455 0.017857 0.038360
2 0.296131 0.693783 0.014881 0.038360
1 0.296875 0.688492 0.011161 0.038360
9 0.457403 0.788029 0.025670 0.045635
1 0.452567 0.779762 0.014509 0.051587
9 0.125186 0.966931 0.025670 0.051587
1 0.124070 0.952050 0.014509 0.045635
9 0.430990 0.510251 0.018229 0.040344
9 0.445499 0.539352 0.014509 0.032407
9 0.516927 0.551587 0.016741 0.044974
9 0.617374 0.625661 0.010789 0.033069
9 0.531994 0.532077 0.021577 0.032407
7 0.539807 0.438161 0.028274 0.064153
7 0.554501 0.447090 0.021205 0.054233
9 0.558036 0.471892 0.017857 0.029762
2 0.755766 0.542659 0.021949 0.025794
0 0.761347 0.530093 0.007068 0.039021
9 0.815848 0.448082 0.006696 0.039021
6 0.415923 0.925926 0.025298 0.044974
1 0.413690 0.913360 0.014881 0.044974
9 0.658296 0.866733 0.029390 0.039021
1 0.659598 0.857474 0.010417 0.045635
9 0.463356 0.978175 0.025670 0.038360
1 0.462426 0.973545 0.016369 0.035714
9 0.486979 0.976852 0.031994 0.041005
1 0.489955 0.972222 0.017857 0.043651
9 0.521019 0.908399 0.014509 0.057540
1 0.523065 0.901455 0.011161 0.051587
7 0.552827 0.946098 0.052083 0.103836
9 0.557106 0.874008 0.021205 0.044312
1 0.558036 0.861772 0.012649 0.038360
9 0.606771 0.857804 0.014881 0.052910
0 0.601935 0.840939 0.011161 0.048280
1 0.595424 0.917989 0.015253 0.039683
1 0.607887 0.898810 0.025298 0.059524
1 0.561012 0.510251 0.011161 0.032407
9 0.514881 0.503307 0.014881 0.025132
1 0.510975 0.494378 0.007068 0.025794
1 0.536458 0.530754 0.014137 0.039021
9 0.429688 0.474537 0.021577 0.032407
1 0.425781 0.468915 0.014509 0.031746
0 0.615699 0.455357 0.006696 0.033730
0 0.444010 0.436177 0.007812 0.039021
9 0.662388 0.455026 0.010789 0.031746
9 0.372954 0.562500 0.025670 0.025794
9 0.213170 0.632937 0.014881 0.038360
7 0.021763 0.759921 0.043527 0.082011
0 0.472656 0.359788 0.007068 0.033069
0 0.489025 0.362103 0.006324 0.027116
7 0.886719 0.089286 0.010789 0.019841
7 0.609189 0.299934 0.018973 0.039021
7 0.176153 0.520833 0.014509 0.032407
9 0.241257 0.703373 0.029390 0.035053
1 0.173177 0.511243 0.010789 0.026455
9 0.111049 0.483796 0.017485 0.025794
9 0.197359 0.574405 0.018229 0.032407
6 0.239583 0.509921 0.032738 0.039683
9 0.194754 0.462302 0.018229 0.025132
9 0.229725 0.468915 0.015253 0.025132
9 0.147135 0.442130 0.018229 0.025794
9 0.227121 0.365410 0.014509 0.035053
1 0.227865 0.464616 0.007812 0.032407