9 0.384673 0.499669 0.027530 0.040344
9 0.525670 0.384921 0.021577 0.054233
6 0.597098 0.297288 0.012649 0.029762
6 0.587426 0.403108 0.028274 0.045635
6 0.570126 0.389220 0.027902 0.049603
9 0.580171 0.373347 0.011533 0.029762
0 0.576079 0.279431 0.007812 0.029762
9 0.055990 0.665344 0.034598 0.034392
3 0.054688 0.647817 0.031250 0.036376
3 0.056176 0.626323 0.036458 0.034392
9 0.705171 0.256944 0.012277 0.027116
6 0.727865 0.256944 0.018973 0.029762
9 0.602121 0.354828 0.012277 0.028439
9 0.723028 0.236442 0.012277 0.020503
9 0.753906 0.222553 0.013021 0.027116
7 0.791481 0.174272 0.021205 0.036376
3 0.008743 0.958995 0.017485 0.079365
3 0.962426 0.070437 0.019345 0.032407
6 0.803571 0.956680 0.052083 0.064153
9 0.463170 0.565476 0.025298 0.038360
9 0.444196 0.499339 0.024554 0.043651
2 0.270089 0.683862 0.024554 0.048942
6 0.698847 0.880291 0.088170 0.100529
9 0.515625 0.809524 0.027530 0.050265
9 0.315662 0.699074 0.024926 0.048942
2 0.438988 0.960648 0.027530 0.061508
9 0.596168 0.447421 0.013765 0.037698
1 0.522321 0.543651 0.011905 0.048942
1 0.475260 0.504630 0.015253 0.044974
1 0.476749 0.330026 0.032366 0.039683
0 0.585379 0.301918 0.006324 0.027116
9 0.515997 0.367394 0.006696 0.037698
9 0.156436 0.519511 0.016741 0.041667
4 0.628720 0.762566 0.087798 0.112434
3 0.515997 0.714616 0.075149 0.091931
3 0.436198 0.606481 0.064360 0.075397
3 0.374070 0.547619 0.062128 0.060847
3 0.289435 0.582011 0.053571 0.088624
3 0.143043 0.789683 0.046503 0.091270
0 0.093936 0.647156 0.011533 0.045635
0 0.106027 0.666997 0.015625 0.046958
0 0.096168 0.592262 0.012277 0.040344
0 0.726376 0.765212 0.018973 0.048942
0 0.782924 0.733466 0.012277 0.038360
0 0.788504 0.753307 0.013765 0.050265
0 0.862723 0.551587 0.010417 0.044974
0 0.854539 0.549603 0.015625 0.052910
0 0.265997 0.780754 0.013393 0.048280
0 0.267485 0.759259 0.012649 0.055556
0 0.292039 0.658069 0.012649 0.039683
0 0.285342 0.645833 0.009673 0.041667
5 0.634487 0.385251 0.047991 0.083995
3 0.666481 0.357143 0.032366 0.054233
3 0.694010 0.321759 0.035342 0.050926
3 0.722656 0.291667 0.031622 0.044974
3 0.747954 0.266534 0.035342 0.043651
3 0.768973 0.236111 0.031250 0.038360
3 0.792597 0.209987 0.029390 0.042989
3 0.812686 0.180886 0.029390 0.041667
5 0.838170 0.145503 0.033482 0.059524
3 0.722470 0.336310 0.037202 0.053571
3 0.767299 0.286376 0.031622 0.050265
3 0.882812 0.098876 0.021577 0.029762
3 0.915365 0.078373 0.021205 0.027116
3 0.953869 0.035714 0.018601 0.023810
3 0.585193 0.321429 0.039435 0.043651
9 0.812686 0.223876 0.011533 0.029762
9 0.831287 0.206019 0.010789 0.028439
3 0.103051 0.312169 0.046131 0.043651
7 0.198661 0.357143 0.033482 0.043651
7 0.292039 0.387897 0.036458 0.052249
6 0.347842 0.589286 0.033482 0.048942
7 0.279576 0.500992 0.039062 0.057540
6 0.472098 0.537698 0.036458 0.060847
0 0.205729 0.595569 0.013393 0.048280
9 0.193638 0.614749 0.016741 0.041667
9 0.320685 0.761243 0.019345 0.054233
1 0.318452 0.756614 0.017857 0.044974
9 0.306362 0.674934 0.027902 0.049603
9 0.317150 0.695106 0.021949 0.048942
9 0.474144 0.515873 0.019717 0.044974
9 0.519903 0.547619 0.018229 0.044974
9 0.515253 0.472553 0.012649 0.041667
7 0.543155 0.440807 0.031250 0.068122
7 0.557850 0.444444 0.021205 0.050265
2 0.706845 0.499008 0.020833 0.033730
9 0.798735 0.586310 0.015625 0.045635
9 0.393601 0.735119 0.022321 0.037698
9 0.412574 0.793981 0.020833 0.054894
9 0.485863 0.976852 0.034226 0.043651
7 0.551525 0.950728 0.056176 0.097222
9 0.547805 0.900132 0.023438 0.059524
9 0.606771 0.871362 0.019345 0.057540
0 0.599330 0.849206 0.015625 0.050265
9 0.263021 0.428241 0.022321 0.031085
9 0.188058 0.395172 0.021205 0.036376
0 0.446615 0.436508 0.009301 0.035714
9 0.704799 0.379960 0.012277 0.036376
9 0.164807 0.411045 0.021577 0.031085
6 0.023624 0.756944 0.047247 0.089286
0 0.462054 0.376984 0.010417 0.039683
9 0.243118 0.695437 0.030134 0.050926
6 0.135045 0.449074 0.030506 0.042328
9 0.229725 0.367394 0.015253 0.033730