5 0.260504 0.674603 0.059874 0.084967
3 0.715599 0.666667 0.028887 0.033613
5 0.733456 0.619514 0.071954 0.055089
3 0.395746 0.723623 0.024685 0.048553
3 0.400473 0.704482 0.027836 0.043884
5 0.340599 0.652194 0.051996 0.109244
5 0.372111 0.615780 0.040441 0.071895
3 0.472426 0.719421 0.024685 0.049486
5 0.410452 0.640056 0.021534 0.049486
3 0.468487 0.698880 0.022059 0.040149
3 0.666229 0.708683 0.034139 0.048553
3 0.639181 0.645658 0.023109 0.027077
3 0.743172 0.723623 0.048319 0.044818
3 0.913078 0.853875 0.079307 0.068161
3 0.811712 0.667134 0.030987 0.027077
3 0.799895 0.831466 0.070378 0.075630
3 0.596639 0.627451 0.025210 0.031746