0 0.040179 0.635582 0.043155 0.152116
0 0.843378 0.206349 0.020089 0.071429
0 0.764509 0.204365 0.017113 0.064815
0 0.971726 0.267857 0.023810 0.091270
0 0.867188 0.777778 0.073661 0.251323
0 0.944940 0.261905 0.031250 0.095238
0 0.329241 0.157407 0.017113 0.055556
0 0.294271 0.135582 0.011161 0.067460
0 0.320685 0.161376 0.011905 0.047619
0 0.188244 0.097222 0.016369 0.048942
0 0.899554 0.246693 0.023810 0.064815
1 0.563616 0.017196 0.014137 0.026455
2 0.563616 0.024471 0.027530 0.025132
0 0.508557 0.391534 0.029018 0.145503
0 0.871652 0.229497 0.018601 0.083333
0 0.651786 0.168651 0.013393 0.054233
0 0.640253 0.530423 0.036458 0.182540
0 0.434896 0.456349 0.037946 0.148148
0 0.398065 0.388228 0.031250 0.130952
0 0.242560 0.453042 0.034226 0.157407
0 0.333333 0.398148 0.022321 0.132275
0 0.424479 0.353175 0.026042 0.126984
0 0.289435 0.408730 0.034226 0.142857
0 0.465030 0.531746 0.038690 0.171958
0 0.382068 0.375000 0.030506 0.136243
0 0.235491 0.322751 0.026042 0.108466
0 0.400298 0.283730 0.019345 0.101852
0 0.470982 0.279101 0.017857 0.100529
0 0.561384 0.185847 0.018601 0.078042
0 0.883557 0.269841 0.027530 0.105820
0 0.454613 0.266534 0.020833 0.117725
1 0.781994 0.255291 0.020833 0.082011
0 0.806176 0.251323 0.023065 0.082011
0 0.327753 0.169312 0.012649 0.039683
1 0.952009 0.874339 0.063244 0.224868
1 0.549107 0.312169 0.022321 0.060847
0 0.534598 0.279101 0.023065 0.055556
0 0.526042 0.154101 0.016369 0.067460
0 0.176339 0.313492 0.017857 0.055556
1 0.118304 0.310185 0.032738 0.059524
2 0.442708 0.322090 0.035714 0.062169
1 0.158854 0.124339 0.012649 0.026455
0 0.184152 0.119709 0.015625 0.046296
0 0.789062 0.175265 0.014137 0.054233
0 0.407738 0.104497 0.013393 0.052910
0 0.389881 0.087302 0.010417 0.050265
1 0.141741 0.110450 0.020089 0.033069
1 0.119420 0.116402 0.017113 0.029101
0 0.237723 0.126323 0.012649 0.046296
0 0.710565 0.220238 0.019345 0.083333
0 0.969494 0.384259 0.043155 0.128307
0 0.893229 0.204365 0.021577 0.067460
0 0.596354 0.098545 0.012649 0.038360
0 0.582217 0.080026 0.011161 0.033069
1 0.928571 0.186508 0.016369 0.031746
1 0.913318 0.182540 0.015625 0.034392