3 0.502889 0.400560 0.043592 0.093371
3 0.193540 0.777311 0.155987 0.139122
4 0.495536 0.315593 0.037290 0.089636
3 0.224265 0.955182 0.204832 0.089636
3 0.684611 0.781979 0.162290 0.137255
3 0.550158 0.042017 0.017332 0.029879
3 0.653624 0.331466 0.047794 0.070962
3 0.825630 0.612512 0.156513 0.123249
4 0.704044 0.300654 0.046744 0.063492
4 0.711922 0.253501 0.069853 0.051354
3 0.725840 0.234827 0.064076 0.045752
3 0.686450 0.209150 0.053571 0.041083
1 0.803309 0.702614 0.023634 0.081232
2 0.796218 0.715219 0.052521 0.057890
1 0.508141 0.604108 0.022584 0.076564
2 0.507353 0.619514 0.048319 0.047619
1 0.598214 0.155929 0.012605 0.029879
1 0.597164 0.159664 0.012605 0.033613
9 0.597426 0.156863 0.011029 0.026144
1 0.443277 0.409897 0.014706 0.059757
1 0.448004 0.395892 0.009454 0.046685
2 0.443015 0.429038 0.016282 0.043884
1 0.435399 0.239496 0.011555 0.034547
6 0.437237 0.240430 0.020483 0.064426
1 0.456408 0.375817 0.015756 0.053221
9 0.456670 0.395892 0.012080 0.046685
1 0.586397 0.077031 0.006828 0.023343
2 0.585609 0.089636 0.005252 0.016807
2 0.598214 0.257236 0.013655 0.038282
1 0.598739 0.244631 0.012605 0.042951
3 0.502101 0.240430 0.029412 0.058824
3 0.885767 0.491130 0.110819 0.095238
3 0.510242 0.159197 0.025735 0.049486
3 0.470851 0.149860 0.025735 0.051354
4 0.504464 0.093838 0.021534 0.043884
3 0.476628 0.051821 0.017332 0.027077
1 0.379202 0.850140 0.029412 0.077498
9 0.384979 0.860411 0.056723 0.090570
3 0.518908 0.020075 0.013655 0.025210
0 0.608456 0.119048 0.011029 0.043884
0 0.658876 0.231092 0.009979 0.042017
0 0.696691 0.098506 0.015231 0.032680
0 0.457195 0.066760 0.012080 0.038282
0 0.618435 0.171335 0.009979 0.043884
0 0.615284 0.122782 0.012080 0.053221
3 0.405200 0.123716 0.051996 0.040149
3 0.420693 0.076564 0.049370 0.037348
4 0.448004 0.045752 0.023109 0.054155
0 0.603204 0.102708 0.007878 0.035481
0 0.610032 0.103175 0.008929 0.040149
3 0.671744 0.198880 0.060924 0.048553
3 0.657300 0.173203 0.049895 0.043884
3 0.647321 0.113445 0.047794 0.036415
3 0.639181 0.101774 0.050420 0.033613
3 0.601891 0.014006 0.032563 0.022409
3 0.618697 0.053688 0.033613 0.025210
3 0.632353 0.066293 0.035714 0.031746
9 0.490284 0.068627 0.005777 0.025210
9 0.497111 0.056489 0.007878 0.021475