3 0.510417 0.810847 0.022321 0.044974
3 0.381324 0.900132 0.024554 0.070106
3 0.468378 0.715608 0.014137 0.023810
3 0.577009 0.911376 0.029018 0.063492
3 0.543527 0.814815 0.027530 0.044974
3 0.567708 0.779762 0.020833 0.043651
8 0.414807 0.680556 0.024554 0.064815
0 0.326637 0.918651 0.007440 0.038360
1 0.329613 0.853175 0.007440 0.026455
9 0.329241 0.865079 0.008185 0.026455
3 0.365699 0.697751 0.017113 0.038360
3 0.345238 0.648148 0.035714 0.023810
1 0.344866 0.880291 0.009673 0.030423
2 0.344494 0.894180 0.007440 0.031746
0 0.538318 0.768519 0.008185 0.031746
3 0.451637 0.621032 0.028274 0.019841
3 0.426339 0.624339 0.013393 0.026455
3 0.494792 0.914683 0.026786 0.062169
3 0.520833 0.662698 0.013393 0.023810
3 0.472098 0.666667 0.015625 0.026455
3 0.500744 0.736111 0.019345 0.035714
3 0.506324 0.695767 0.014137 0.031746
3 0.479167 0.640873 0.014881 0.027778
3 0.496280 0.648810 0.016369 0.033069
3 0.480655 0.624339 0.026786 0.021164
3 0.497768 0.611772 0.014881 0.022487