3 0.498512 0.531085 0.035714 0.078042
3 0.509673 0.359127 0.029762 0.048942
3 0.546875 0.328042 0.022321 0.047619
3 0.542783 0.931217 0.048363 0.134921
3 0.181176 0.822090 0.082589 0.157407
3 0.691964 0.471561 0.063988 0.051587
3 0.304315 0.937831 0.071429 0.121693
3 0.047619 0.470899 0.032738 0.066138
3 0.099330 0.478836 0.031994 0.066138
3 0.141369 0.470238 0.032738 0.070106
3 0.187128 0.474206 0.033482 0.056878
3 0.239955 0.439815 0.061756 0.056878
3 0.258557 0.407407 0.058780 0.042328
3 0.273065 0.382937 0.052083 0.041005
3 0.289062 0.361772 0.055804 0.041005
3 0.469122 0.384921 0.027530 0.058201
5 0.382812 0.380291 0.049851 0.099206
7 0.321429 0.463624 0.038690 0.067460
3 0.379836 0.327381 0.030506 0.043651
3 0.366815 0.306878 0.026786 0.042328
3 0.683780 0.340608 0.032738 0.046296
9 0.456101 0.341931 0.011905 0.033069
9 0.458705 0.284392 0.018601 0.034392
3 0.922619 0.572751 0.055060 0.055556
3 0.089286 0.657407 0.081845 0.129630
3 0.036830 0.642196 0.073661 0.104497
3 0.335938 0.231481 0.023065 0.031746
3 0.353423 0.248016 0.022321 0.035714
3 0.569940 0.218915 0.017857 0.041005
3 0.488095 0.702381 0.046131 0.116402
3 0.579613 0.287037 0.023810 0.039683