2 0.009716 0.354342 0.011029 0.049486
3 0.456145 0.019141 0.016282 0.034547
3 0.573792 0.033147 0.034139 0.025210
9 0.618960 0.195612 0.020483 0.019608
9 0.724265 0.330999 0.009454 0.036415
2 0.753939 0.299253 0.009979 0.027077
9 0.675158 0.270308 0.032038 0.038282
0 0.691439 0.221755 0.008929 0.040149
0 0.697216 0.218021 0.006828 0.036415
3 0.771534 0.530812 0.086134 0.083100
3 0.159926 0.548553 0.111870 0.083100
3 0.362395 0.551821 0.091387 0.069094
3 0.518382 0.550420 0.096639 0.083100
3 0.454569 0.351074 0.036239 0.078431
3 0.438813 0.267507 0.026786 0.062558
3 0.702994 0.417367 0.085609 0.067227
1 0.668067 0.811858 0.022059 0.055089
0 0.827731 0.795985 0.021008 0.068161
0 0.873950 0.778245 0.019958 0.068161
0 0.844275 0.747432 0.020483 0.055089
1 0.469800 0.621382 0.022584 0.055089
1 0.679097 0.658263 0.015756 0.054155
2 0.679359 0.657330 0.043592 0.044818
1 0.693540 0.658730 0.015231 0.053221
9 0.253939 0.332866 0.027836 0.034547
1 0.529412 0.447712 0.017857 0.055089
1 0.420431 0.325864 0.009979 0.035481
2 0.529674 0.455182 0.036239 0.045752
9 0.421481 0.350140 0.015231 0.031746
0 0.592437 0.250233 0.012605 0.044818
0 0.503939 0.040616 0.006828 0.036415
9 0.363708 0.211485 0.022584 0.030812
0 0.420693 0.187675 0.009454 0.044818
2 0.017595 0.361811 0.018382 0.043884
3 0.183561 0.875817 0.105567 0.196078
3 0.488708 0.234827 0.023634 0.066293
3 0.940126 0.847339 0.115546 0.172736
3 0.588498 0.230626 0.030987 0.054155
3 0.440126 0.094771 0.023109 0.042017
3 0.649422 0.174136 0.050945 0.043884
3 0.583771 0.044351 0.042542 0.030812
4 0.449842 0.053688 0.020483 0.036415
6 0.669905 0.831933 0.035189 0.104575
0 0.953256 0.702614 0.024160 0.064426
9 0.686450 0.312325 0.009454 0.036415
2 0.756565 0.326331 0.015231 0.032680
9 0.793330 0.315593 0.009979 0.041083
9 0.810662 0.313259 0.012080 0.036415
9 0.865021 0.332400 0.009454 0.035481
9 0.897847 0.302988 0.015231 0.036415
2 0.912290 0.338936 0.012605 0.037348
9 0.961397 0.338002 0.023634 0.050420
1 0.491334 0.286648 0.012080 0.031746
6 0.489758 0.302988 0.021534 0.051354
1 0.407038 0.327264 0.014706 0.045752
9 0.407563 0.342670 0.023109 0.041083
1 0.161239 0.669468 0.019958 0.052288
9 0.162815 0.687208 0.032563 0.050420
4 0.292542 0.613445 0.098739 0.100840
9 0.340599 0.284314 0.026786 0.034547
9 0.393645 0.209617 0.025735 0.030812
9 0.395221 0.195612 0.024685 0.028945
0 0.128414 0.364613 0.013130 0.045752
0 0.505515 0.048086 0.007878 0.038282
2 0.474002 0.633987 0.041492 0.041083
0 0.245536 0.317927 0.013130 0.049486
0 0.211922 0.328198 0.013130 0.043884
9 0.260242 0.360878 0.027836 0.030812
9 0.092174 0.372082 0.017332 0.042017
9 0.956670 0.647526 0.036239 0.045752
1 0.958508 0.630719 0.019958 0.064426
1 0.422006 0.330999 0.015231 0.043884
1 0.491071 0.299720 0.014706 0.037348
3 0.288603 0.405696 0.088761 0.073763
3 0.526261 0.114379 0.027311 0.056956
3 0.526261 0.922035 0.061975 0.152194
3 0.206670 0.468254 0.088761 0.073763
3 0.528099 0.201681 0.029937 0.063492
3 0.584821 0.655929 0.083508 0.127918
3 0.423057 0.432773 0.079307 0.073763
3 0.557773 0.307190 0.046218 0.065359
9 0.522321 0.613912 0.041492 0.042017
1 0.523372 0.600840 0.020483 0.055089
0 0.868435 0.772642 0.015231 0.058824
5 0.878676 0.471522 0.111345 0.093371
3 0.745011 0.859477 0.065651 0.172736