3 0.920431 0.599440 0.100315 0.070962
3 0.399422 0.191877 0.016282 0.025210
6 0.221376 0.719421 0.024685 0.073763
1 0.217962 0.693277 0.021008 0.047619
8 0.288603 0.328665 0.039391 0.093371
3 0.665179 0.387021 0.041492 0.043884
9 0.777048 0.638189 0.022584 0.047619
1 0.778887 0.626984 0.021008 0.055089
1 0.747637 0.566760 0.014181 0.039216
3 0.516544 0.290850 0.020483 0.027077
9 0.386555 0.438375 0.018908 0.032680
3 0.345326 0.237628 0.017332 0.023343
3 0.561712 0.689076 0.055147 0.098973
3 0.488183 0.242297 0.018382 0.025210
3 0.482405 0.227358 0.014181 0.023343
0 0.190389 0.900093 0.021534 0.084034
3 0.056985 0.691877 0.076155 0.072829
3 0.119485 0.618114 0.068803 0.076564
7 0.327994 0.327731 0.012080 0.031746
2 0.746061 0.583100 0.015231 0.047619
9 0.497374 0.291783 0.008403 0.025210
1 0.496586 0.284314 0.007878 0.017740
5 0.953256 0.737628 0.091387 0.102708
3 0.845326 0.661064 0.074055 0.085901
3 0.966387 0.690476 0.064076 0.086835
3 0.464548 0.265640 0.017332 0.027077
3 0.386555 0.294118 0.018908 0.031746
3 0.420168 0.179272 0.011555 0.018674
0 0.267857 0.439776 0.011555 0.048553
6 0.589811 0.481793 0.040966 0.037348
9 0.679884 0.508403 0.015231 0.038282
3 0.455357 0.282446 0.018908 0.027077
9 0.546744 0.408497 0.013655 0.032680