0 0.101103 0.729225 0.015231 0.050420
0 0.096113 0.663866 0.026261 0.069094
1 0.256828 0.444911 0.014706 0.043884
1 0.720326 0.325397 0.015231 0.036415
9 0.719538 0.340803 0.032563 0.031746
3 0.396008 0.081232 0.032563 0.024276
3 0.360032 0.719888 0.062500 0.188609
9 0.288340 0.792250 0.023109 0.075630
1 0.286765 0.773109 0.021008 0.070962
9 0.296218 0.604575 0.018908 0.060691
1 0.294380 0.588702 0.016282 0.053221
3 0.064863 0.582166 0.118172 0.109244
3 0.079307 0.418768 0.080882 0.075630
3 0.070378 0.253501 0.042017 0.066293
3 0.085872 0.366480 0.094013 0.077498
3 0.262080 0.237162 0.060924 0.050420
3 0.444328 0.397292 0.042017 0.101774
3 0.341912 0.216620 0.065126 0.059757
3 0.413866 0.206816 0.030462 0.068161
3 0.377363 0.148926 0.037290 0.038282
3 0.840336 0.373483 0.085084 0.070962
5 0.958508 0.367880 0.080882 0.084034
4 0.714286 0.316060 0.068277 0.064426
9 0.715861 0.357143 0.024160 0.030812
1 0.718750 0.338469 0.014181 0.032680
3 0.635242 0.204949 0.061450 0.058824
3 0.621061 0.176471 0.055147 0.044818
3 0.452468 0.261438 0.032038 0.084034
3 0.561712 0.231092 0.030987 0.055089
3 0.512080 0.206816 0.026261 0.053221
3 0.516544 0.158730 0.023634 0.046685
3 0.475315 0.049486 0.019958 0.042951
3 0.479254 0.020542 0.016282 0.028011
7 0.435137 0.062558 0.022584 0.041083
9 0.555672 0.147993 0.009454 0.036415
1 0.555672 0.138189 0.008403 0.031746
9 0.408351 0.161998 0.012080 0.034547
9 0.454569 0.085901 0.009979 0.028011
9 0.445378 0.160598 0.009454 0.035481
9 0.378414 0.251167 0.015231 0.035481
9 0.319065 0.353408 0.017332 0.045752
1 0.318015 0.344071 0.015231 0.051354
9 0.244485 0.409897 0.035189 0.037348
1 0.239233 0.391690 0.015231 0.045752
9 0.275473 0.439309 0.032038 0.032680
1 0.269433 0.425770 0.016807 0.046685
9 0.262868 0.461718 0.033088 0.043884
3 0.409139 0.021475 0.031513 0.028011
3 0.013130 0.236228 0.026261 0.054155
3 0.434086 0.032213 0.016282 0.038282