3 0.669643 0.606481 0.023810 0.038360
4 0.679688 0.646164 0.027530 0.041005
4 0.853795 0.708995 0.021577 0.026455
4 0.837798 0.675926 0.026786 0.031746
4 0.871280 0.593254 0.019345 0.046296
3 0.889881 0.656085 0.020833 0.044974
3 0.639881 0.953704 0.020833 0.044974
3 0.120164 0.607143 0.030506 0.037037
3 0.196429 0.490741 0.025298 0.034392
3 0.009673 0.622354 0.019345 0.043651
3 0.853423 0.175265 0.026786 0.035714
5 0.959821 0.114418 0.031250 0.041005
4 0.713914 0.149471 0.024554 0.042328
4 0.739211 0.228836 0.030506 0.029101
3 0.294271 0.232143 0.018601 0.054233
3 0.256324 0.208995 0.017113 0.047619
3 0.249256 0.156746 0.017857 0.051587
3 0.281994 0.151455 0.017857 0.043651
3 0.327381 0.183201 0.020833 0.056878
4 0.216890 0.613757 0.027530 0.039683
3 0.287574 0.566138 0.030506 0.034392
3 0.349330 0.198413 0.014137 0.031746
8 0.743676 0.296958 0.063244 0.030423
3 0.594122 0.170635 0.026042 0.039683
9 0.339658 0.240741 0.009673 0.029101
3 0.031250 0.687169 0.026786 0.038360
4 0.153274 0.619048 0.025298 0.037037
3 0.352679 0.482143 0.025298 0.046296
3 0.884301 0.406746 0.029018 0.038360
5 0.985863 0.312831 0.025298 0.038360
9 0.104539 0.640212 0.012649 0.018519
3 0.049107 0.705026 0.026786 0.039683
3 0.527158 0.917989 0.020089 0.042328
3 0.552827 0.821429 0.022321 0.042328
3 0.597470 0.800926 0.022321 0.043651
4 0.609747 0.703704 0.023065 0.039683
4 0.636905 0.722222 0.022321 0.039683
7 0.741443 0.160053 0.014137 0.034392
3 0.034970 0.221561 0.028274 0.035714