3 0.488183 0.190009 0.083508 0.075630
9 0.245536 0.448179 0.034139 0.097106
9 0.747637 0.042484 0.015231 0.025210
0 0.006040 0.430906 0.012080 0.062558
1 0.741334 0.063959 0.011029 0.030812
0 0.278099 0.490663 0.016282 0.073763
0 0.008666 0.414099 0.011029 0.043884
9 0.224527 0.336601 0.027836 0.023343
0 0.227153 0.317927 0.014181 0.047619
0 0.126838 0.353408 0.012080 0.045752
9 0.132616 0.318861 0.011029 0.040149
1 0.211922 0.306723 0.008929 0.036415
0 0.324317 0.445378 0.015231 0.044818
4 0.483456 0.573763 0.094013 0.183940
3 0.563813 0.693277 0.109769 0.206349
3 0.859506 0.494398 0.060399 0.137255
0 0.192489 0.302988 0.015231 0.049486
0 0.183298 0.302988 0.019958 0.055089
0 0.212447 0.279178 0.017332 0.057890
0 0.205620 0.288515 0.008929 0.035481
2 0.224790 0.331466 0.035714 0.074697
9 0.305935 0.349206 0.024685 0.069094
9 0.730830 0.041550 0.017332 0.023343
1 0.730830 0.033147 0.008929 0.032680
0 0.559349 0.284314 0.013655 0.056956
9 0.354779 0.389823 0.034139 0.066293
0 0.210347 0.427638 0.015231 0.078431
0 0.187763 0.434641 0.021534 0.068161
3 0.637868 0.124650 0.062500 0.077498
0 0.289128 0.447712 0.016282 0.070028
0 0.193277 0.408964 0.016807 0.070962
3 0.673582 0.081699 0.047794 0.064426
0 0.215074 0.408497 0.019433 0.079365
3 0.686712 0.388889 0.078256 0.139122
0 0.017595 0.426237 0.022584 0.077498
3 0.599002 0.379085 0.080357 0.119514
3 0.665441 0.261438 0.061975 0.087768
3 0.747899 0.285714 0.056723 0.093371
3 0.352153 0.492530 0.097164 0.159664
0 0.477941 0.279645 0.021008 0.073763
9 0.144170 0.321662 0.016282 0.051354
6 0.742384 0.077965 0.025735 0.040149
9 0.561450 0.306723 0.024160 0.040149
3 0.469275 0.351541 0.086660 0.111111
9 0.374737 0.345938 0.046744 0.055089
3 0.725315 0.166200 0.060924 0.104575
9 0.355567 0.294585 0.034664 0.060691
9 0.465861 0.258170 0.038866 0.055089
3 0.595851 0.185341 0.060399 0.077498
3 0.836922 0.084967 0.037290 0.067227
1 0.746586 0.035948 0.008929 0.030812
3 0.768645 0.101307 0.044643 0.068161
3 0.794380 0.058357 0.037290 0.051354
2 0.193540 0.512605 0.037290 0.069094