3 0.597689 0.978058 0.093487 0.042017
8 0.438550 0.620915 0.070378 0.156863
5 0.501576 0.566760 0.079832 0.125117
3 0.429884 0.287582 0.034139 0.048553
3 0.400473 0.216153 0.033088 0.043884
3 0.373424 0.243697 0.030462 0.041083
3 0.320903 0.141923 0.026261 0.033613
3 0.291754 0.107843 0.021534 0.030812
4 0.356092 0.103641 0.023109 0.033613
3 0.417542 0.414566 0.045168 0.072829
3 0.382878 0.471989 0.045168 0.083100
3 0.372374 0.340336 0.042017 0.064426
3 0.286502 0.215686 0.024685 0.048553
3 0.268120 0.029879 0.016282 0.026144
3 0.276261 0.050887 0.030462 0.023343
3 0.183824 0.065826 0.017857 0.036415
0 0.238971 0.747432 0.018908 0.075630
0 0.217174 0.739029 0.020483 0.075630
0 0.283088 0.651261 0.026261 0.066293
1 0.301996 0.649860 0.013655 0.033613
9 0.049632 0.716620 0.028887 0.073763
1 0.048582 0.706349 0.024685 0.055089
0 0.010767 0.778245 0.021534 0.073763
3 0.918592 0.207283 0.036765 0.037348
3 0.917805 0.178805 0.035189 0.032680
4 0.851103 0.167600 0.036239 0.032680
3 0.835084 0.161531 0.031513 0.035481
4 0.849527 0.145191 0.035189 0.034547
8 0.833508 0.138655 0.034664 0.034547
3 0.822216 0.158263 0.034139 0.028945
3 0.801996 0.147526 0.033613 0.031746
3 0.809349 0.140990 0.030462 0.035481
3 0.780725 0.142857 0.028887 0.028011
3 0.771271 0.136321 0.028887 0.026144
3 0.779937 0.121382 0.034664 0.029879
4 0.756303 0.103641 0.031513 0.031746
3 0.853992 0.108777 0.027311 0.025210
3 0.834559 0.104575 0.026261 0.028011
3 0.826943 0.095705 0.029937 0.028945
3 0.811975 0.094304 0.026261 0.028011
3 0.798845 0.087768 0.030462 0.031746
3 0.763130 0.072829 0.030462 0.026144
4 0.721376 0.058824 0.026786 0.028011