5 0.129779 0.533333 0.061029 0.101961
3 0.839706 0.834641 0.088235 0.121569
3 0.202574 0.743137 0.093382 0.124183
3 0.098897 0.607190 0.084559 0.069281
3 0.022426 0.771895 0.044853 0.082353
3 0.213603 0.650980 0.053676 0.086275
3 0.833456 0.694118 0.088971 0.081046
3 0.231250 0.431373 0.062500 0.049673
3 0.435294 0.333333 0.023529 0.044444
3 0.473162 0.356863 0.024265 0.049673
3 0.474632 0.262745 0.016912 0.036601
3 0.438971 0.272549 0.019118 0.035294
3 0.226838 0.360131 0.050735 0.040523
3 0.230882 0.310458 0.039706 0.035294
3 0.242647 0.399346 0.050000 0.048366
4 0.361765 0.292810 0.027941 0.041830
4 0.373529 0.267320 0.017647 0.040523
5 0.634926 0.313072 0.025735 0.061438
3 0.788603 0.456209 0.063971 0.052288
3 0.920221 0.690196 0.083088 0.075817
3 0.829044 0.546405 0.083088 0.057516
3 0.737132 0.392810 0.058088 0.045752
9 0.977206 0.850327 0.025000 0.069281
1 0.207721 0.832026 0.018382 0.043137
3 0.718750 0.375163 0.046324 0.044444
3 0.714338 0.350327 0.049265 0.031373
3 0.814706 0.518301 0.067647 0.045752
6 0.736029 0.459477 0.041176 0.043137
6 0.169853 0.405882 0.048529 0.048366
3 0.608456 0.241830 0.031618 0.033987
3 0.644853 0.250327 0.038235 0.032680
5 0.673162 0.301961 0.049265 0.052288
3 0.392279 0.224183 0.016912 0.032680
3 0.398897 0.210458 0.016912 0.020915
1 0.354044 0.382353 0.008088 0.030065
1 0.263235 0.740523 0.016176 0.056209
0 0.223529 0.383660 0.010294 0.032680
0 0.238235 0.378431 0.008824 0.030065
0 0.246324 0.383007 0.008824 0.031373
9 0.388235 0.359477 0.013235 0.036601
3 0.605882 0.215033 0.030882 0.030065