3 0.510789 0.810185 0.018601 0.035714
3 0.417039 0.710979 0.014137 0.027778
3 0.361607 0.810847 0.020833 0.042328
3 0.333705 0.810847 0.024554 0.039683
3 0.472842 0.714947 0.012649 0.025132
3 0.590774 0.917989 0.023810 0.055556
3 0.578497 0.862434 0.020089 0.039683
3 0.559524 0.816799 0.020833 0.035714
3 0.544271 0.781085 0.017113 0.030423
3 0.524182 0.732143 0.017113 0.022487
3 0.541667 0.717593 0.013393 0.025132
8 0.438244 0.639550 0.014881 0.041005
0 0.381696 0.773810 0.005952 0.031746
1 0.386161 0.728175 0.005952 0.017196
3 0.396949 0.672619 0.011161 0.027778
3 0.380580 0.644841 0.026042 0.019841
1 0.394345 0.736111 0.005952 0.017196
2 0.394717 0.745370 0.006696 0.017196
3 0.464286 0.628307 0.025298 0.015873
3 0.444940 0.611772 0.010417 0.019841
0 0.514509 0.629630 0.006696 0.015873
3 0.493304 0.890212 0.022321 0.050265
3 0.511533 0.674603 0.011161 0.021164
3 0.495908 0.735450 0.014137 0.023810
3 0.501116 0.703704 0.011161 0.021164
3 0.480283 0.649471 0.011161 0.021164
3 0.496280 0.658069 0.011905 0.025132
3 0.482887 0.632275 0.023810 0.018519
3 0.497768 0.640212 0.010417 0.018519