3 0.432511 0.280579 0.057248 0.062558
3 0.827731 0.289449 0.069328 0.063492
4 0.048582 0.929038 0.097164 0.138189
3 0.295956 0.523810 0.059349 0.134454
3 0.348739 0.218021 0.067227 0.060691
3 0.439601 0.197946 0.029412 0.069094
3 0.507090 0.040149 0.020483 0.037348
3 0.536502 0.206349 0.028887 0.054155
3 0.444328 0.150327 0.023109 0.052288
3 0.402574 0.195612 0.027836 0.064426
0 0.133929 0.560224 0.019958 0.056022
0 0.202468 0.425770 0.015231 0.050420
1 0.293067 0.284781 0.010504 0.035481
6 0.375525 0.439309 0.030462 0.073763
1 0.372899 0.434641 0.012605 0.053221
1 0.894958 0.217554 0.013655 0.035481
9 0.894433 0.230159 0.026261 0.032680
0 0.614758 0.146592 0.009979 0.039216
1 0.414128 0.447712 0.015231 0.049486
9 0.414653 0.464986 0.014181 0.052288
1 0.380515 0.362278 0.011029 0.037348
9 0.380777 0.378151 0.014706 0.041083
9 0.936975 0.192810 0.010504 0.027077
9 0.905200 0.178805 0.012080 0.032680
0 0.938288 0.170401 0.008929 0.032680
3 0.382878 0.028011 0.033613 0.024276
3 0.387605 0.010271 0.030462 0.020542
3 0.408351 0.129785 0.025735 0.048553
3 0.150998 0.366013 0.078256 0.065359
3 0.144958 0.273576 0.065126 0.056022
3 0.118172 0.161998 0.038866 0.049486
3 0.150473 0.240430 0.078256 0.055089
3 0.276261 0.148926 0.059874 0.045752
3 0.451418 0.077498 0.021534 0.041083
3 0.347164 0.133053 0.056723 0.049486
3 0.431460 0.022876 0.018382 0.034547
3 0.371061 0.083567 0.037290 0.038282
3 0.756828 0.235294 0.068277 0.059757
5 0.854517 0.229692 0.078782 0.067227
9 0.656513 0.231559 0.019958 0.028011
1 0.658613 0.218487 0.012605 0.031746
3 0.594800 0.119514 0.054097 0.050420
3 0.583771 0.109244 0.050945 0.042951
3 0.725840 0.217087 0.072479 0.055089
3 0.530987 0.872082 0.068277 0.190476
3 0.507878 0.360411 0.037815 0.078431
9 0.570641 0.282913 0.016282 0.044818
1 0.570641 0.270775 0.012080 0.039216
9 0.333771 0.401027 0.020483 0.049486
1 0.334034 0.387488 0.017857 0.050420
9 0.304097 0.285714 0.025210 0.026144
1 0.301208 0.274977 0.012080 0.034547
9 0.295431 0.300654 0.025735 0.028011
3 0.063550 0.151727 0.030462 0.053221