4 0.516807 0.338936 0.065126 0.052288
3 0.414653 0.441643 0.048845 0.076564
3 0.449317 0.399160 0.037290 0.056956
3 0.517595 0.328665 0.050945 0.037348
3 0.237132 0.612512 0.139181 0.097106
3 0.250263 0.268441 0.027836 0.038282
4 0.529412 0.316527 0.044118 0.039216
3 0.543330 0.320728 0.043592 0.032680
3 0.262342 0.500467 0.105567 0.065359
3 0.279412 0.457516 0.093487 0.059757
3 0.288340 0.429972 0.085084 0.049486
3 0.313288 0.408964 0.076155 0.054155
3 0.326418 0.398693 0.061450 0.042951
3 0.345063 0.366013 0.057773 0.048553
3 0.365809 0.359944 0.048845 0.045752
3 0.372374 0.345938 0.055672 0.049486
3 0.386029 0.343604 0.043067 0.033613
3 0.420693 0.321662 0.052521 0.040149
0 0.792542 0.412232 0.012605 0.055089
0 0.788866 0.688142 0.031513 0.095238
0 0.455620 0.583567 0.020483 0.076564
3 0.313550 0.218021 0.018908 0.025210
3 0.065914 0.375817 0.056197 0.056956
3 0.120273 0.340336 0.049370 0.053221
3 0.124475 0.280112 0.025210 0.042951
3 0.077468 0.270775 0.024685 0.037348
3 0.298582 0.227358 0.020483 0.027077
9 0.280462 0.253968 0.012605 0.033613
3 0.017332 0.419701 0.034664 0.064426
3 0.155725 0.355275 0.043592 0.049486
0 0.141544 0.494398 0.014181 0.073763
0 0.113445 0.493464 0.018908 0.077498
0 0.114496 0.486461 0.014706 0.065359
3 0.144433 0.683940 0.161765 0.161531
0 0.650998 0.307656 0.013130 0.040149
0 0.660452 0.347806 0.014181 0.045752
0 0.687500 0.309991 0.008403 0.035481
0 0.705882 0.305322 0.005252 0.037348
0 0.711922 0.307190 0.008929 0.041083
0 0.728466 0.305322 0.007353 0.041083
0 0.732668 0.304388 0.008403 0.041083
0 0.633929 0.317460 0.011555 0.033613
0 0.419118 0.393557 0.010504 0.043884
3 0.259191 0.233894 0.021534 0.027077
9 0.220851 0.261438 0.011029 0.026144
3 0.928571 0.922035 0.138655 0.154062
3 0.811712 0.910831 0.143382 0.176471
3 0.651786 0.857610 0.100840 0.232493
3 0.519433 0.825397 0.129202 0.211018
0 0.561450 0.812792 0.027311 0.111111
3 0.410714 0.782913 0.080882 0.178338
3 0.288603 0.798319 0.123424 0.188609
5 0.961134 0.652661 0.072479 0.140056
0 0.903099 0.641923 0.016282 0.088702
0 0.569328 0.784314 0.017857 0.087768
0 0.478466 0.782913 0.023109 0.114846
3 0.164128 0.758170 0.145483 0.169935
3 0.739233 0.648459 0.141282 0.099907
3 0.578782 0.621382 0.123950 0.096172
9 0.329569 0.621382 0.018382 0.064426
3 0.564863 0.569561 0.128676 0.074697
3 0.862132 0.518207 0.102416 0.072829
3 0.654674 0.522876 0.104517 0.078431
3 0.514706 0.539683 0.100840 0.087768
3 0.486607 0.525210 0.100315 0.070028
3 0.478466 0.478525 0.097689 0.070028
3 0.056460 0.454715 0.066702 0.076564
0 0.712185 0.533147 0.017857 0.070962
3 0.599790 0.507470 0.094538 0.079365
3 0.826155 0.475257 0.106092 0.065359
3 0.582721 0.485528 0.084559 0.054155
3 0.790704 0.453315 0.103466 0.060691
3 0.763918 0.429038 0.069853 0.047619
3 0.749475 0.411298 0.077731 0.047619
3 0.556197 0.431373 0.080882 0.057890
3 0.534664 0.404762 0.075630 0.051354
3 0.549107 0.438842 0.068803 0.048553
3 0.527574 0.387021 0.065651 0.045752
3 0.517595 0.363679 0.059349 0.032680