5 0.670168 0.377684 0.019958 0.045752
3 0.557511 0.217087 0.021534 0.045752
3 0.552521 0.309057 0.014706 0.028011
3 0.551996 0.360878 0.021008 0.028945
3 0.073267 0.275444 0.032038 0.024276
3 0.566439 0.170401 0.017332 0.019608
4 0.573792 0.274977 0.011029 0.021475
3 0.469800 0.621382 0.020483 0.058824
3 0.172532 0.864146 0.073004 0.096172
3 0.323529 0.647059 0.040966 0.069094
3 0.386555 0.515406 0.028361 0.050420
3 0.467700 0.431839 0.015231 0.042017
4 0.496586 0.360411 0.021534 0.050420
8 0.605305 0.539216 0.044643 0.099907
5 0.559611 0.148926 0.014181 0.030812