2 0.160714 0.819795 0.030462 0.069094
3 0.888918 0.188142 0.042542 0.036415
3 0.701418 0.055556 0.026786 0.025210
4 0.707721 0.086368 0.026786 0.027077
3 0.944590 0.216153 0.043592 0.032680
3 0.942227 0.210551 0.037815 0.036415
3 0.976366 0.172736 0.035714 0.039216
3 0.507616 0.815126 0.083508 0.160598
8 0.397321 0.510271 0.056197 0.129785
5 0.455882 0.490663 0.066176 0.109244
3 0.461660 0.352474 0.042017 0.055089
3 0.448004 0.274510 0.037815 0.046685
3 0.400735 0.286648 0.030462 0.041083
3 0.343487 0.175070 0.028361 0.038282
3 0.307773 0.132586 0.024160 0.035481
4 0.361870 0.113912 0.023109 0.033613
3 0.397059 0.374883 0.040966 0.064426
3 0.356355 0.406162 0.039391 0.069094
3 0.355567 0.305789 0.035714 0.056956
3 0.274947 0.181139 0.021534 0.041083
3 0.282826 0.047619 0.016282 0.026144
3 0.262342 0.050887 0.025735 0.025210
3 0.256828 0.010738 0.014706 0.021475
3 0.237395 0.008870 0.014706 0.017740
3 0.183298 0.046218 0.017857 0.036415
0 0.238971 0.748366 0.018908 0.075630
0 0.216649 0.740430 0.020483 0.076564
0 0.253676 0.667134 0.026261 0.066293
1 0.273897 0.663866 0.013130 0.033613
9 0.050158 0.715686 0.028887 0.073763
1 0.048845 0.705415 0.022059 0.055089
0 0.008666 0.781046 0.017332 0.073763
3 0.919380 0.207283 0.038340 0.037348
3 0.918330 0.178805 0.035189 0.032680
4 0.851366 0.167600 0.036765 0.032680
3 0.835084 0.161064 0.031513 0.036415
4 0.849790 0.145191 0.035714 0.034547
8 0.833246 0.138189 0.035189 0.033613
3 0.822742 0.158263 0.035189 0.028945
3 0.802521 0.147526 0.033613 0.031746
3 0.809349 0.140990 0.030462 0.035481
3 0.780462 0.143324 0.028361 0.027077
3 0.771534 0.136788 0.028361 0.025210
3 0.779937 0.121382 0.034664 0.029879
4 0.756303 0.103641 0.031513 0.031746
3 0.854517 0.108777 0.027311 0.025210
3 0.834821 0.104575 0.026786 0.028011
3 0.827206 0.096172 0.030462 0.029879
3 0.812237 0.094771 0.025735 0.027077
3 0.799370 0.088235 0.030462 0.032680
3 0.763393 0.072829 0.029937 0.026144
4 0.721376 0.058824 0.026786 0.028011