3 0.385603 0.738757 0.045759 0.080688
3 0.447545 0.736111 0.050595 0.078042
3 0.497024 0.722553 0.049107 0.076058
3 0.548735 0.719907 0.051339 0.073413
3 0.587240 0.688823 0.052455 0.066799
3 0.415737 0.845238 0.057664 0.113757
3 0.479911 0.829696 0.058780 0.107804
3 0.537016 0.823743 0.065104 0.105159
5 0.616257 0.848545 0.082217 0.136243
4 0.654204 0.792328 0.072545 0.095238
3 0.524926 0.963955 0.063244 0.069444
3 0.592262 0.955026 0.069196 0.087302
3 0.673363 0.961971 0.081101 0.073413
3 0.735677 0.942130 0.097842 0.111772
3 0.515625 0.567460 0.030506 0.043651
3 0.919643 0.574735 0.072917 0.044974
3 0.824033 0.564815 0.063988 0.043651
3 0.686384 0.502315 0.052083 0.037698
3 0.821243 0.512566 0.058408 0.039683
3 0.916295 0.509921 0.055060 0.044974
3 0.755394 0.492394 0.054688 0.037698
3 0.562872 0.486111 0.052083 0.038360
3 0.574405 0.471230 0.052083 0.032407
3 0.485863 0.452050 0.046875 0.032407
3 0.414993 0.433532 0.044271 0.029762
3 0.510975 0.425265 0.047247 0.027778
3 0.466518 0.459987 0.043155 0.037698
4 0.436570 0.466270 0.056176 0.044974
3 0.347470 0.457341 0.048363 0.035053
3 0.373512 0.450397 0.049107 0.033069
3 0.557478 0.457672 0.044271 0.035714
3 0.641741 0.464947 0.046131 0.033069
3 0.259673 0.453373 0.043899 0.036376
3 0.511719 0.438161 0.043527 0.031085
3 0.567150 0.434524 0.039062 0.034392
3 0.266183 0.438161 0.045015 0.036376
3 0.261161 0.428241 0.045387 0.037698
3 0.291481 0.417989 0.038318 0.033069
3 0.355283 0.430886 0.039435 0.029762
3 0.428571 0.416005 0.036458 0.026455
3 0.691778 0.447421 0.038318 0.035053
3 0.143415 0.412698 0.043527 0.031746
3 0.218564 0.416667 0.029390 0.027778
0 0.041109 0.748016 0.012277 0.051587
0 0.014695 0.649802 0.011533 0.052249
0 0.036830 0.666005 0.012649 0.041005
0 0.009859 0.668651 0.015253 0.052910
0 0.148065 0.612434 0.017113 0.046296
0 0.078683 0.661045 0.013021 0.044312
0 0.084263 0.645172 0.013021 0.046958
0 0.103981 0.673942 0.015253 0.047619
0 0.197545 0.607474 0.014881 0.042989
0 0.143787 0.662368 0.014509 0.044312
0 0.175409 0.655093 0.018229 0.045635
0 0.164621 0.639220 0.015253 0.052249
2 0.285528 0.599537 0.025670 0.024471
1 0.284784 0.585648 0.011533 0.040344