2 0.009191 0.353408 0.011029 0.049486
3 0.456145 0.019141 0.016282 0.034547
3 0.574317 0.032213 0.034139 0.025210
9 0.620011 0.194678 0.020483 0.019608
9 0.724790 0.329132 0.009454 0.036415
2 0.754989 0.296452 0.009979 0.027077
9 0.675158 0.268441 0.032038 0.038282
0 0.695116 0.221755 0.008929 0.040149
0 0.703519 0.219888 0.006828 0.036415
3 0.788078 0.517740 0.089811 0.081232
3 0.135242 0.541083 0.111870 0.083100
3 0.345588 0.547152 0.091387 0.069094
3 0.506828 0.552288 0.096639 0.083100
3 0.456145 0.337535 0.036239 0.077498
3 0.438288 0.257236 0.026786 0.062558
3 0.727153 0.415033 0.085609 0.068161
1 0.666492 0.802054 0.025210 0.054155
0 0.837185 0.788515 0.021008 0.068161
0 0.880252 0.773109 0.024160 0.072829
0 0.851103 0.737162 0.020483 0.055089
1 0.449842 0.614846 0.022584 0.055089
1 0.695116 0.659664 0.015231 0.053221
2 0.694853 0.659664 0.044118 0.045752
1 0.708771 0.659664 0.015231 0.055089
9 0.253939 0.330065 0.027836 0.034547
1 0.547269 0.447712 0.017857 0.055089
1 0.421481 0.318861 0.009979 0.036415
2 0.547006 0.455182 0.036239 0.045752
9 0.424632 0.341737 0.015231 0.031746
0 0.595063 0.246965 0.012605 0.042017
0 0.509716 0.037815 0.006828 0.036415
9 0.361607 0.214286 0.022584 0.030812
0 0.426996 0.183940 0.009454 0.044818
2 0.017595 0.359477 0.018382 0.041083
3 0.182248 0.870682 0.107143 0.195145
3 0.489233 0.234827 0.023634 0.066293
3 0.941439 0.848739 0.112920 0.171802
3 0.589023 0.227358 0.030987 0.055089
3 0.441176 0.092904 0.023109 0.042017
3 0.650473 0.169468 0.050945 0.043884
3 0.583771 0.043417 0.042542 0.030812
4 0.450893 0.049953 0.020483 0.036415
6 0.671481 0.827264 0.041492 0.110177
0 0.961397 0.699346 0.025735 0.065359
9 0.686975 0.309524 0.009454 0.036415
2 0.756565 0.326331 0.015231 0.032680
9 0.793855 0.313725 0.009979 0.041083
9 0.811187 0.311391 0.012080 0.036415
9 0.867122 0.329599 0.009454 0.035481
9 0.899422 0.300187 0.015231 0.036415
2 0.913340 0.336134 0.012605 0.037348
9 0.961397 0.336134 0.023634 0.050420
1 0.491334 0.282913 0.012080 0.031746
6 0.488971 0.298786 0.022059 0.050420
1 0.407563 0.326331 0.014706 0.045752
9 0.407563 0.338002 0.023109 0.041083
1 0.157826 0.662932 0.020483 0.061625
9 0.160714 0.680205 0.034664 0.051354
4 0.268908 0.605042 0.098739 0.100840
9 0.340599 0.279645 0.026786 0.034547
9 0.391544 0.207750 0.025735 0.030812
9 0.394170 0.188142 0.024685 0.028945
0 0.127889 0.362745 0.013130 0.045752
0 0.510242 0.044351 0.007878 0.038282
2 0.452994 0.628852 0.041492 0.042017
0 0.236607 0.316993 0.013130 0.049486
0 0.203519 0.322596 0.013130 0.043884
9 0.258666 0.358077 0.027836 0.030812
9 0.092174 0.370215 0.017332 0.042017
9 0.922532 0.642857 0.036239 0.045752
1 0.923319 0.626984 0.019958 0.062558
1 0.423319 0.321662 0.012605 0.040149
1 0.490546 0.295051 0.014706 0.037348
3 0.312763 0.400093 0.088761 0.073763
3 0.527574 0.123249 0.027836 0.057890
3 0.529937 0.871148 0.061975 0.214753
3 0.246324 0.463585 0.088235 0.073763
3 0.529674 0.211951 0.030987 0.065359
3 0.604254 0.619514 0.083508 0.118581
3 0.453519 0.426704 0.077206 0.072829
3 0.564863 0.315593 0.050945 0.063492
9 0.513393 0.611111 0.041492 0.042017
1 0.513393 0.597106 0.020483 0.055089
0 0.876838 0.761905 0.015231 0.059757
5 0.918330 0.469655 0.116071 0.098973
3 0.741597 0.891690 0.067227 0.181139