2 0.007090 0.338469 0.011029 0.049486
9 0.617910 0.165733 0.020483 0.019608
2 0.749737 0.282446 0.009979 0.027077
9 0.672532 0.248833 0.032038 0.038282
0 0.680410 0.122782 0.008929 0.040149
0 0.685137 0.122782 0.006828 0.036415
8 0.727416 0.375350 0.163866 0.125117
3 0.648372 0.646592 0.080357 0.133520
3 0.332983 0.513539 0.112395 0.078431
3 0.509716 0.517740 0.088761 0.068161
3 0.675683 0.511204 0.094013 0.083100
3 0.368172 0.395892 0.080882 0.072829
3 0.394695 0.350607 0.067752 0.073763
3 0.478992 0.402894 0.086134 0.062558
3 0.195903 0.503268 0.106092 0.084034
1 0.662553 0.771709 0.020483 0.055089
0 0.732668 0.762372 0.017857 0.068161
0 0.771271 0.777311 0.025735 0.073763
0 0.754464 0.744164 0.022584 0.065359
1 0.598214 0.610177 0.023109 0.055089
9 0.100053 0.618581 0.036239 0.049486
9 0.832983 0.657330 0.033613 0.052288
1 0.506565 0.560224 0.015231 0.054155
2 0.509191 0.569561 0.041492 0.041083
1 0.518645 0.558357 0.015231 0.050420
9 0.248687 0.302054 0.027836 0.034547
1 0.244223 0.382353 0.017857 0.055089
1 0.278361 0.359477 0.012605 0.050420
2 0.244485 0.394491 0.036239 0.042017
9 0.271796 0.373016 0.036239 0.036415
1 0.689601 0.341270 0.012605 0.040149
9 0.691702 0.359477 0.031513 0.031746
0 0.526261 0.220355 0.012605 0.046685
0 0.461922 0.033147 0.006828 0.034547
9 0.357405 0.192810 0.022584 0.030812
0 0.870536 0.261905 0.008929 0.034547
0 0.866334 0.258170 0.011029 0.038282
0 0.285452 0.225490 0.006828 0.042017
0 0.331145 0.181606 0.011029 0.040149
2 0.013393 0.339402 0.018382 0.043884
3 0.176996 0.838469 0.109244 0.194211
3 0.486607 0.204015 0.023634 0.066293
3 0.938813 0.815593 0.120273 0.170868
3 0.588498 0.197479 0.030987 0.055089
3 0.438550 0.061158 0.023109 0.040149
3 0.646271 0.138655 0.050945 0.043884
3 0.581670 0.015406 0.042542 0.028945
4 0.447216 0.021942 0.020483 0.036415
6 0.667542 0.797852 0.036765 0.111111
0 0.925420 0.675537 0.023109 0.066293
9 0.683561 0.289916 0.008929 0.036415
2 0.752363 0.300654 0.015231 0.031746
9 0.790704 0.293184 0.009979 0.041083
9 0.807773 0.290850 0.012605 0.036415
9 0.862920 0.306256 0.009454 0.035481
9 0.896271 0.281513 0.015231 0.036415
2 0.910189 0.309057 0.012605 0.037348
9 0.960347 0.312792 0.023634 0.050420
0 0.334821 0.823063 0.020483 0.073763
0 0.351366 0.824463 0.028361 0.078431
1 0.487132 0.264239 0.014181 0.031746
6 0.486345 0.274043 0.019958 0.051354
1 0.403624 0.294585 0.015231 0.045752
9 0.406513 0.309057 0.023109 0.041083
1 0.156775 0.640523 0.020483 0.054155
9 0.158613 0.654528 0.034664 0.048553
4 0.469275 0.579832 0.088761 0.095238
1 0.836660 0.649860 0.023109 0.048553
9 0.337447 0.249767 0.026786 0.034547
9 0.388918 0.178805 0.025735 0.030812
9 0.394170 0.156396 0.024685 0.028945
0 0.122637 0.330999 0.013130 0.045752
0 0.543592 0.117647 0.010504 0.041083
0 0.576418 0.263772 0.013130 0.045752
0 0.470326 0.040616 0.007878 0.038282
1 0.092437 0.604108 0.019958 0.054155
2 0.599265 0.625584 0.040966 0.044818
0 0.352679 0.278711 0.013130 0.049486
0 0.333246 0.286181 0.013130 0.043884
9 0.252363 0.318861 0.027836 0.030812
9 0.087447 0.340336 0.017332 0.042017
1 0.271271 0.359944 0.015231 0.045752
1 0.487658 0.271242 0.015231 0.028945
3 0.522321 0.111111 0.026786 0.050420
9 0.674895 0.577965 0.038866 0.041083
1 0.673845 0.564893 0.019958 0.054155
0 0.772584 0.774977 0.016807 0.054155
5 0.329044 0.437442 0.111870 0.092437
1 0.704044 0.338469 0.009979 0.036415