5 0.608718 0.520075 0.017857 0.039216
3 0.559349 0.630719 0.055672 0.111111
3 0.748687 0.473389 0.047794 0.042951
3 0.410714 0.936975 0.021008 0.066293
3 0.437237 0.654062 0.016282 0.036415
3 0.891807 0.503268 0.024160 0.028011
3 0.881303 0.448179 0.029412 0.024276
3 0.627101 0.281046 0.013655 0.024276
4 0.545431 0.366013 0.011029 0.016807
3 0.453782 0.340803 0.009454 0.018674
3 0.465074 0.296919 0.009979 0.016807
5 0.439601 0.214753 0.013655 0.028011
3 0.476628 0.297852 0.009979 0.014939
3 0.448529 0.281979 0.009454 0.018674
3 0.496324 0.202148 0.009454 0.014006
3 0.453519 0.256769 0.009979 0.016807
5 0.507616 0.375817 0.011029 0.027077
3 0.461397 0.241363 0.008929 0.015873
3 0.466912 0.277311 0.009454 0.016807
4 0.481092 0.198413 0.008403 0.017740
5 0.544905 0.246965 0.013130 0.030812