3 0.336949 0.967320 0.055515 0.064052
3 0.464890 0.688889 0.038603 0.070588
3 0.486213 0.926797 0.050368 0.112418
3 0.532721 0.710458 0.041912 0.074510
3 0.647426 0.761765 0.049265 0.076471
8 0.651654 0.878431 0.133456 0.240523
3 0.896875 0.673203 0.073897 0.067974
3 0.787868 0.625490 0.075000 0.060131
3 0.658088 0.604248 0.075735 0.060784
3 0.708088 0.593791 0.066176 0.052941
3 0.548346 0.575163 0.069485 0.049673
3 0.576654 0.562418 0.061397 0.050327
3 0.442647 0.524837 0.060294 0.054902
3 0.574265 0.461111 0.033824 0.034641
3 0.426287 0.293137 0.014338 0.021569
3 0.018199 0.583987 0.029779 0.055556
3 0.068382 0.373203 0.041912 0.028758
3 0.075368 0.484641 0.041912 0.046405
3 0.009191 0.510784 0.018382 0.050327
0 0.007353 0.771895 0.013235 0.060131
3 0.413051 0.270588 0.012132 0.018301
3 0.413971 0.242484 0.010294 0.018301
3 0.477390 0.341176 0.015074 0.023529
3 0.116728 0.818627 0.065074 0.115686
3 0.141728 0.665686 0.047426 0.076471
3 0.258272 0.622876 0.039338 0.070588
4 0.216544 0.545752 0.034559 0.069281
3 0.263051 0.502941 0.028309 0.047712
3 0.234559 0.476797 0.028676 0.049020
3 0.286029 0.418301 0.021324 0.039216
3 0.377757 0.379412 0.017279 0.029412
3 0.319301 0.394118 0.018750 0.032680
3 0.351103 0.377451 0.017647 0.032026
3 0.438787 0.313399 0.014338 0.026797
9 0.139338 0.604902 0.015441 0.037255
9 0.098897 0.600000 0.016912 0.031373
3 0.088051 0.569281 0.012132 0.032680
9 0.627390 0.681373 0.011397 0.030719
1 0.627206 0.665686 0.011765 0.032026
9 0.585294 0.632353 0.012500 0.029412
1 0.582537 0.610131 0.011397 0.030719
2 0.609375 0.627778 0.012132 0.029412
1 0.609559 0.611765 0.012500 0.033987
2 0.601103 0.639869 0.012500 0.039216
1 0.599816 0.632680 0.012132 0.032680
1 0.797978 0.938235 0.018015 0.063399
1 0.765625 0.878758 0.014338 0.056863
1 0.796507 0.876144 0.015809 0.051634
0 0.952022 0.865033 0.017279 0.069935
0 0.992463 0.889869 0.014338 0.068627
0 0.985478 0.893464 0.015074 0.064052
1 0.832904 0.961765 0.024632 0.064706
1 0.838787 0.927778 0.020221 0.056863
1 0.757904 0.831046 0.012132 0.039869
1 0.750919 0.798366 0.012868 0.042484
1 0.781434 0.792484 0.015809 0.042484
0 0.873346 0.875490 0.012868 0.055556
0 0.985846 0.806209 0.012132 0.054248
0 0.953125 0.833007 0.015809 0.052941
0 0.944669 0.830392 0.015074 0.056863
0 0.863787 0.841503 0.015074 0.066013
3 0.485662 0.796405 0.039706 0.083007
3 0.547610 0.844444 0.048897 0.107190
3 0.644118 0.510458 0.060294 0.044444
3 0.484007 0.336928 0.015074 0.017647
3 0.477022 0.319935 0.012868 0.020261
3 0.420404 0.878758 0.047426 0.113072
3 0.525919 0.623529 0.038603 0.060131
3 0.418382 0.715686 0.036765 0.071895
3 0.808640 0.555882 0.061397 0.046405
3 0.477390 0.614379 0.036397 0.056209
3 0.419301 0.599020 0.031985 0.060784
3 0.458640 0.296405 0.012132 0.017647
3 0.449081 0.278105 0.013603 0.015033
3 0.431434 0.251961 0.011397 0.015033