9 0.295956 0.041550 0.007878 0.023343
1 0.294905 0.038282 0.011029 0.026144
4 0.298582 0.061158 0.014181 0.028945
0 0.007090 0.804388 0.014181 0.068161
3 0.325368 0.115780 0.017332 0.031746
2 0.164391 0.827264 0.030462 0.069094
3 0.888918 0.188142 0.042542 0.036415
3 0.704569 0.057423 0.026786 0.025210
4 0.710872 0.091036 0.026786 0.027077
3 0.947216 0.221755 0.043592 0.032680
3 0.943540 0.195145 0.039391 0.035481
3 0.975053 0.158730 0.037290 0.039216
3 0.306460 0.310458 0.036239 0.056956
4 0.259454 0.166667 0.027311 0.053221
5 0.332721 0.238562 0.029937 0.053221
3 0.264181 0.561158 0.078782 0.074697
3 0.380515 0.528011 0.075105 0.081232
4 0.378939 0.133053 0.020483 0.036415
3 0.303046 0.184407 0.026261 0.040149
3 0.235819 0.104108 0.017857 0.030812
3 0.258403 0.066760 0.019958 0.023343
3 0.415441 0.298786 0.028361 0.046685
3 0.244748 0.049953 0.017857 0.030812
3 0.368697 0.222222 0.026261 0.041083
3 0.280987 0.077031 0.018908 0.027077
0 0.057248 0.795985 0.023109 0.075630
0 0.117384 0.771242 0.021534 0.078431
0 0.132353 0.684407 0.018908 0.061625
1 0.150998 0.695145 0.016282 0.038282
9 0.054884 0.733894 0.029937 0.061625
1 0.047794 0.714286 0.018908 0.056022
0 0.006565 0.786181 0.013130 0.069094
3 0.922532 0.210084 0.040441 0.035481
3 0.919380 0.178805 0.036239 0.032680
4 0.855830 0.171335 0.037290 0.032680
4 0.835872 0.165733 0.032038 0.036415
4 0.852153 0.148926 0.036239 0.034547
4 0.836922 0.140523 0.035189 0.032680
3 0.823792 0.159197 0.036239 0.028945
3 0.803309 0.148926 0.033088 0.030812
3 0.782826 0.147993 0.027836 0.027077
3 0.772847 0.140523 0.027836 0.025210
3 0.855830 0.112512 0.027836 0.025210
3 0.838498 0.108777 0.026786 0.028945
3 0.829569 0.098506 0.032038 0.030812
3 0.813288 0.095705 0.025735 0.027077
3 0.800158 0.089169 0.030987 0.032680
3 0.765494 0.077031 0.029937 0.027077
3 0.722952 0.062092 0.026786 0.028945