3 0.200105 0.306256 0.079832 0.067227
0 0.832195 0.301587 0.012080 0.050420
6 0.257878 0.271242 0.032563 0.049486
9 0.357668 0.305322 0.015756 0.039216
9 0.368172 0.309991 0.015756 0.044818
9 0.381303 0.309057 0.012605 0.042951
3 0.415966 0.313725 0.037815 0.063492
3 0.474790 0.295051 0.047269 0.067227
4 0.739758 0.202148 0.033088 0.070028
9 0.680410 0.161998 0.020483 0.021475
3 0.959034 0.497666 0.079832 0.095238
3 0.215336 0.372082 0.091387 0.077498
0 0.650473 0.907563 0.018382 0.097106
0 0.598739 0.958917 0.023109 0.080299
9 0.924107 0.900560 0.053046 0.058824
1 0.924370 0.878618 0.018908 0.072829
2 0.378151 0.649860 0.050420 0.063492
1 0.377101 0.634454 0.018908 0.064426
6 0.461922 0.614846 0.057248 0.070028
1 0.470063 0.607376 0.022059 0.064426
9 0.480042 0.447246 0.037815 0.044818
1 0.483193 0.436975 0.017857 0.050420
9 0.491859 0.431373 0.040441 0.039216
1 0.496849 0.425303 0.016807 0.055089
6 0.660977 0.501401 0.064601 0.063492
1 0.652574 0.485994 0.023634 0.053221
6 0.638130 0.690943 0.049370 0.057890
1 0.638655 0.676471 0.018908 0.053221
2 0.879727 0.957516 0.060924 0.058824
1 0.880515 0.943511 0.027836 0.086835
2 0.384716 0.611578 0.036239 0.056022
1 0.375525 0.601774 0.017857 0.058824
2 0.522847 0.387955 0.030987 0.038282
1 0.524685 0.376751 0.015756 0.055089
2 0.875525 0.393091 0.029412 0.035481
1 0.878414 0.381886 0.014181 0.052288
0 0.897847 0.298319 0.014181 0.047619
2 0.975840 0.439309 0.037815 0.042017
3 0.054884 0.267040 0.070903 0.056022
4 0.094013 0.393091 0.080882 0.091503
9 0.015494 0.762372 0.030987 0.045752
9 0.009191 0.882820 0.018382 0.034547
1 0.858981 0.137722 0.008929 0.038282
3 0.866859 0.065826 0.019433 0.032680
3 0.841649 0.034547 0.017332 0.033613
3 0.847164 0.011671 0.018908 0.023343
3 0.792805 0.348739 0.044643 0.070028
9 0.697216 0.145191 0.017332 0.023343
3 0.306460 0.462652 0.094013 0.083100
4 0.868960 0.230626 0.033088 0.061625
3 0.797794 0.689542 0.154412 0.142857