5 0.656250 0.399160 0.020483 0.040149
3 0.551208 0.266573 0.021534 0.043884
3 0.595588 0.463585 0.019958 0.040149
3 0.604779 0.540616 0.030987 0.042951
3 0.512342 0.300654 0.032038 0.024276
3 0.711922 0.206816 0.018382 0.027077
4 0.566439 0.266573 0.009979 0.019608
3 0.433298 0.734827 0.026261 0.069094
3 0.466124 0.415966 0.015231 0.032680
3 0.518645 0.214286 0.009979 0.017740
3 0.393908 0.514472 0.023109 0.046685
3 0.413078 0.423436 0.018382 0.038282
3 0.426733 0.347806 0.012080 0.032680
3 0.457195 0.343137 0.012080 0.027077
4 0.483981 0.268441 0.016282 0.036415
8 0.665441 0.891690 0.068277 0.166200
5 0.552784 0.161998 0.014181 0.030812