3 0.049479 0.936839 0.076637 0.123677
3 0.149926 0.906746 0.081101 0.133598
3 0.223214 0.850529 0.079613 0.115079
3 0.295759 0.819114 0.075893 0.107804
3 0.340774 0.750992 0.075149 0.095899
3 0.296131 0.958003 0.100446 0.081349
5 0.409784 0.946098 0.124628 0.106481
4 0.445685 0.877646 0.102679 0.129630
3 0.223958 0.589616 0.039435 0.061508
3 0.664993 0.497685 0.064360 0.050926
3 0.578497 0.502976 0.078125 0.058862
3 0.055432 0.390212 0.046131 0.033069
3 0.616815 0.440476 0.061012 0.044974
3 0.696057 0.422619 0.060268 0.043651
3 0.454799 0.460979 0.059152 0.043651
3 0.526972 0.438161 0.056920 0.042989
3 0.296503 0.473214 0.063988 0.042989
3 0.294829 0.456680 0.061384 0.040344
3 0.128162 0.417659 0.056920 0.045635
3 0.144345 0.497354 0.075893 0.050265
3 0.106027 0.476521 0.066964 0.052249
3 0.024182 0.365741 0.029018 0.034392
3 0.347470 0.403770 0.057292 0.037698
3 0.424665 0.401455 0.053199 0.034392
8 0.324219 0.419312 0.131324 0.091270
3 0.021391 0.503968 0.042783 0.043651
3 0.120536 0.437831 0.055060 0.038360
3 0.232887 0.414021 0.052083 0.039683
3 0.492560 0.395503 0.046131 0.039683
3 0.590216 0.386905 0.050967 0.038360
3 0.498698 0.420304 0.049479 0.037698
3 0.688988 0.357143 0.052083 0.034392
3 0.667597 0.380291 0.047247 0.034392
3 0.740513 0.353175 0.045015 0.033069
0 0.057664 0.660714 0.021577 0.060847
0 0.124628 0.564815 0.013393 0.039683
2 0.642485 0.898479 0.040179 0.069444
0 0.642113 0.881944 0.023065 0.069444
9 0.660714 0.882275 0.044643 0.068783
1 0.662388 0.871362 0.022693 0.073413
9 0.648065 0.779431 0.030506 0.058862
0 0.709821 0.729167 0.017113 0.076058
0 0.721540 0.759259 0.018229 0.070106
0 0.681734 0.846892 0.021205 0.069444
0 0.728051 0.680886 0.015625 0.068122
0 0.738467 0.666667 0.017113 0.070106
6 0.719494 0.857143 0.049107 0.054233
2 0.766927 0.871362 0.029390 0.066799
9 0.788132 0.888889 0.026414 0.097884
0 0.826823 0.783069 0.029390 0.075397
0 0.861421 0.758929 0.027158 0.066799
1 0.886719 0.754960 0.021205 0.046958
1 0.874256 0.743056 0.019345 0.040344
9 0.823103 0.908399 0.047247 0.095899
2 0.866071 0.841601 0.046131 0.066799
1 0.868862 0.827381 0.030134 0.071429
0 0.942522 0.744378 0.023438 0.072090
0 0.709449 0.571429 0.011905 0.056878
0 0.701451 0.569775 0.011533 0.052249
0 0.703311 0.628638 0.015253 0.056217
0 0.782924 0.710648 0.014509 0.061508
0 0.714100 0.686839 0.014509 0.061508
0 0.721912 0.682870 0.014509 0.064153
0 0.716332 0.514220 0.012277 0.049603
0 0.609933 0.535384 0.011533 0.049603
0 0.773251 0.606812 0.015997 0.068122
2 0.524740 0.862103 0.044271 0.053571
2 0.674293 0.817130 0.027158 0.052249
2 0.689918 0.828373 0.029390 0.042989