9 0.493304 0.131614 0.010417 0.022487
3 0.511905 0.408730 0.022321 0.058201
3 0.507068 0.272487 0.020089 0.044974
5 0.579985 0.293651 0.021577 0.058201
3 0.475446 0.815476 0.040179 0.130952
3 0.501116 0.508598 0.027530 0.067460
3 0.478795 0.312831 0.021577 0.046296
3 0.533482 0.829365 0.043155 0.129630
3 0.319196 0.826720 0.077381 0.111111
4 0.964658 0.625000 0.042411 0.070106
3 0.795759 0.533069 0.042411 0.060847
3 0.891369 0.503968 0.056548 0.060847
3 0.973958 0.469577 0.043155 0.063492
4 0.333333 0.441799 0.026786 0.076720
7 0.342262 0.351190 0.016369 0.038360
3 0.388393 0.271164 0.023810 0.060847
3 0.412574 0.039683 0.009673 0.026455
3 0.906250 0.620370 0.074405 0.087302
7 0.655134 0.400794 0.036458 0.044974