3 0.491443 0.861772 0.029018 0.078042
3 0.554688 0.910053 0.034970 0.095238
3 0.500000 0.748677 0.026786 0.055556
3 0.460938 0.630952 0.018601 0.042328
3 0.574777 0.728175 0.029018 0.056878
3 0.238467 0.760582 0.034970 0.071429
3 0.292411 0.647487 0.049107 0.033069
3 0.472098 0.564153 0.020089 0.035714
3 0.486607 0.531746 0.017857 0.029101
3 0.460193 0.507937 0.015625 0.026455
4 0.387649 0.708333 0.022321 0.064815
3 0.478051 0.470899 0.014137 0.026455
3 0.368304 0.618386 0.017857 0.035714
3 0.476935 0.444444 0.011905 0.021164
3 0.456845 0.447090 0.008929 0.018519
0 0.304315 0.525132 0.005952 0.018519
3 0.422619 0.394841 0.020833 0.017196
3 0.394717 0.392857 0.023065 0.015873
3 0.466890 0.973545 0.034970 0.050265
3 0.369420 0.409392 0.023065 0.017196
0 0.330357 0.527116 0.005952 0.022487
0 0.324777 0.513889 0.006696 0.025132
1 0.234375 0.594577 0.008929 0.017196
3 0.765997 0.949735 0.043899 0.084656
9 0.390625 0.527116 0.005952 0.017196
0 0.538690 0.472222 0.005952 0.018519
0 0.556548 0.468915 0.005952 0.017196
0 0.602679 0.621032 0.007440 0.027778
9 0.509301 0.477513 0.006696 0.018519
9 0.493676 0.412037 0.008185 0.014550
9 0.418527 0.384921 0.006696 0.015873
0 0.286458 0.515212 0.007440 0.022487