3 0.495536 0.518519 0.011905 0.023810
3 0.462054 0.783730 0.028274 0.062169
3 0.487723 0.937169 0.036458 0.085979
3 0.522693 0.456349 0.011161 0.018519
3 0.519345 0.536376 0.011905 0.019841
3 0.229911 0.960317 0.053571 0.076720
0 0.241443 0.771825 0.008185 0.030423
1 0.114211 0.916667 0.011161 0.034392
2 0.115699 0.929894 0.018601 0.042328
1 0.787202 0.764550 0.008929 0.029101
2 0.786458 0.775794 0.013393 0.027778
1 0.587054 0.621032 0.005952 0.022487
3 0.412574 0.489418 0.015625 0.026455
9 0.238839 0.880952 0.020833 0.055556