3 0.565809 0.961765 0.059559 0.068627
3 0.449081 0.236928 0.011397 0.011111
3 0.482537 0.327124 0.015809 0.025490
3 0.286029 0.800327 0.058824 0.113072
3 0.212132 0.789542 0.066176 0.116340
3 0.316912 0.689542 0.041912 0.081046
3 0.280147 0.616993 0.044853 0.077124
4 0.348346 0.561111 0.037868 0.079085
3 0.304412 0.564379 0.039706 0.064706
3 0.175368 0.726144 0.059559 0.116340
3 0.131618 0.691176 0.056618 0.084314
3 0.101471 0.644771 0.060294 0.085621
3 0.250184 0.577451 0.040074 0.062092
3 0.223346 0.540196 0.041544 0.064706
3 0.186213 0.533007 0.038603 0.055556
3 0.286213 0.499346 0.032721 0.052288
3 0.253125 0.487582 0.026103 0.044444
3 0.241360 0.446732 0.029044 0.045098
3 0.291912 0.423203 0.027206 0.035948
3 0.328676 0.411111 0.022794 0.037908
3 0.309743 0.394444 0.021691 0.032026
0 0.907169 0.877451 0.013603 0.063399
0 0.897610 0.882680 0.012132 0.055556
0 0.877390 0.841503 0.015809 0.075163
0 0.798346 0.940850 0.018015 0.059477
0 0.738051 0.746732 0.015074 0.060784
3 0.339890 0.625490 0.037868 0.075817
3 0.253125 0.690523 0.049632 0.084314
3 0.321140 0.505882 0.029779 0.049673
3 0.389890 0.392810 0.022426 0.043137
3 0.334926 0.466993 0.027206 0.054248
3 0.372978 0.369608 0.020221 0.033333
3 0.405699 0.329085 0.015809 0.025490
3 0.413051 0.266993 0.015074 0.021569
3 0.409191 0.309477 0.015441 0.026797
3 0.584191 0.680392 0.042647 0.074510
3 0.580147 0.549020 0.033088 0.049673
3 0.568934 0.508497 0.026103 0.052288
3 0.444669 0.764052 0.041544 0.091503
3 0.527941 0.687255 0.038235 0.071242
3 0.441360 0.616667 0.031250 0.058170
3 0.499632 0.544118 0.030147 0.056863
3 0.450368 0.444118 0.022059 0.037255
3 0.453125 0.392484 0.019485 0.034641
3 0.536765 0.410784 0.019118 0.026797
3 0.525735 0.361765 0.016912 0.026797
3 0.505699 0.304248 0.012132 0.022876
1 0.530331 0.440196 0.007721 0.025490
0 0.822243 0.706863 0.014338 0.054248