3 0.499628 0.507937 0.014137 0.026455
3 0.447545 0.866402 0.033482 0.082011
3 0.505952 0.853836 0.037202 0.078042
3 0.253720 0.956349 0.053571 0.079365
3 0.328497 0.763889 0.036458 0.067460
3 0.277902 0.777116 0.040923 0.067460
3 0.387277 0.625661 0.027530 0.047619
3 0.520089 0.443783 0.011905 0.019841
3 0.526786 0.487434 0.013393 0.019841
6 0.231771 0.776455 0.030506 0.055556
6 0.156994 0.830688 0.037202 0.066138
3 0.389881 0.574735 0.022321 0.038360
1 0.156250 0.950397 0.010417 0.035714
2 0.156994 0.963624 0.019345 0.030423
0 0.310268 0.840608 0.008929 0.033069
9 0.309152 0.858466 0.018601 0.037037
0 0.327381 0.582672 0.007440 0.025132
1 0.714286 0.558201 0.008929 0.023810
2 0.715402 0.564815 0.012649 0.021164
1 0.580357 0.494048 0.005952 0.022487
3 0.435640 0.416667 0.014137 0.021164
0 0.970982 0.397487 0.005952 0.017196
9 0.363467 0.580688 0.011161 0.034392