3 0.727307 0.517857 0.026042 0.038360
4 0.853795 0.708995 0.021577 0.026455
4 0.837798 0.675265 0.026786 0.033069
4 0.872024 0.593254 0.019345 0.046296
3 0.888765 0.644841 0.020089 0.043651
3 0.124628 0.599868 0.027530 0.035714
3 0.198661 0.492725 0.025298 0.035714
3 0.011533 0.619709 0.021577 0.046296
3 0.853051 0.172619 0.024554 0.033069
5 0.959821 0.115079 0.031250 0.039683
4 0.712798 0.150132 0.022321 0.041005
4 0.739583 0.230820 0.029762 0.027778
3 0.297247 0.229497 0.018601 0.054233
3 0.258185 0.208995 0.019345 0.047619
3 0.249628 0.156085 0.018601 0.052910
3 0.282738 0.151455 0.017857 0.043651
3 0.331101 0.179233 0.020833 0.051587
4 0.157738 0.648810 0.028274 0.038360
3 0.193824 0.625661 0.029018 0.031746
8 0.743304 0.296958 0.063988 0.030423
3 0.594122 0.170635 0.026042 0.039683
9 0.341146 0.243386 0.009673 0.029101
4 0.012649 0.710979 0.025298 0.038360
3 0.138021 0.628968 0.023065 0.030423
3 0.304688 0.483466 0.021577 0.043651
4 0.331473 0.408069 0.017113 0.043651
3 0.283854 0.638889 0.030506 0.023810
3 0.248512 0.591931 0.028274 0.033069
3 0.472842 0.687169 0.027530 0.041005
5 0.551339 0.730159 0.034226 0.037037
5 0.613095 0.765212 0.022321 0.027778
3 0.221726 0.568122 0.028274 0.035714
4 0.312128 0.523810 0.023065 0.026455
3 0.366815 0.495370 0.026786 0.035714
9 0.342634 0.479497 0.011161 0.019841
3 0.425595 0.458995 0.026786 0.031746
3 0.642113 0.649471 0.025298 0.039683
4 0.655134 0.681217 0.026042 0.039683
3 0.669271 0.607143 0.023065 0.039683
3 0.681548 0.635582 0.023810 0.041005
4 0.698661 0.562169 0.025298 0.037037
4 0.715774 0.585317 0.023810 0.035714
3 0.975818 0.291667 0.031994 0.035714
7 0.743676 0.158069 0.014137 0.033069
3 0.038690 0.218915 0.028274 0.038360
7 0.777902 0.552910 0.024554 0.042328
0 0.038318 0.656085 0.012649 0.018519