3 0.244748 0.446312 0.096639 0.078431
3 0.424632 0.410831 0.080357 0.069094
3 0.664653 0.552288 0.104517 0.083100
3 0.470063 0.557423 0.097689 0.082166
3 0.401523 0.473389 0.094013 0.078431
3 0.576418 0.100373 0.025735 0.047619
1 0.658876 0.794585 0.023634 0.059757
0 0.104517 0.720822 0.022059 0.065359
0 0.168067 0.766573 0.023109 0.078431
0 0.144695 0.702614 0.020483 0.064426
9 0.246849 0.316527 0.030462 0.044818
0 0.178046 0.249300 0.012605 0.050420
0 0.372374 0.231559 0.009454 0.035481
9 0.164653 0.392624 0.029937 0.036415
1 0.162553 0.377684 0.018382 0.045752
9 0.354779 0.202614 0.020483 0.033613
2 0.014181 0.351074 0.021008 0.052288
0 0.718750 0.215219 0.015231 0.042017
0 0.726628 0.213352 0.015231 0.043884
0 0.974002 0.287115 0.015231 0.045752
0 0.952994 0.270775 0.014181 0.044818
0 0.366334 0.118114 0.011029 0.042017
0 0.370536 0.100373 0.006828 0.030812
1 0.488183 0.020075 0.015231 0.034547
1 0.444590 0.043417 0.013130 0.034547
1 0.452468 0.036881 0.011029 0.038282
3 0.175420 0.855742 0.111345 0.202614
3 0.485032 0.216153 0.028887 0.064426
5 0.935924 0.835201 0.127101 0.176471
3 0.860294 0.477124 0.091387 0.072829
3 0.900735 0.426704 0.086134 0.063492
3 0.587973 0.211951 0.030987 0.054155
3 0.487920 0.147059 0.025210 0.055089
3 0.591649 0.403361 0.084559 0.078431
3 0.438550 0.302054 0.034664 0.073763
3 0.439338 0.075163 0.022584 0.040149
3 0.543067 0.224556 0.030462 0.064426
3 0.647847 0.153128 0.059349 0.041083
3 0.581145 0.023810 0.045693 0.034547
3 0.445903 0.030345 0.023109 0.042017
0 0.834821 0.743231 0.022584 0.065359
6 0.663603 0.816527 0.039391 0.099907
0 0.851103 0.554155 0.020483 0.068161
1 0.760504 0.394491 0.014706 0.043884
9 0.758929 0.405696 0.026261 0.036415
0 0.883666 0.738562 0.025735 0.059757
0 0.893645 0.748833 0.025735 0.065359
0 0.885242 0.762838 0.020483 0.069094
9 0.682248 0.303455 0.012605 0.039216
9 0.718225 0.317460 0.015231 0.041083
9 0.750000 0.311391 0.014706 0.040149
9 0.787027 0.303455 0.009979 0.041083
9 0.803571 0.300654 0.012605 0.039216
9 0.861345 0.320728 0.012605 0.040149
9 0.892595 0.290850 0.014181 0.036415
2 0.905462 0.325864 0.014706 0.041083
9 0.955620 0.324930 0.022584 0.050420
1 0.437500 0.352007 0.012605 0.031746
9 0.436975 0.366480 0.018908 0.040149
1 0.499475 0.103641 0.007353 0.028011
9 0.499475 0.112045 0.009454 0.026144
9 0.908876 0.679739 0.043592 0.050420
1 0.922006 0.668534 0.019433 0.050420
0 0.278887 0.549486 0.019958 0.066293
0 0.296218 0.552288 0.022059 0.070028
1 0.484769 0.300187 0.014706 0.045752
6 0.485819 0.315126 0.023109 0.047619
1 0.402574 0.308123 0.015231 0.041083
9 0.402311 0.321195 0.025210 0.039216
1 0.213761 0.589169 0.019958 0.063492
9 0.215599 0.598973 0.036239 0.049486
0 0.246061 0.637255 0.020483 0.062558
0 0.256828 0.640523 0.022059 0.067227
9 0.335872 0.262372 0.025735 0.029879
9 0.387605 0.197479 0.025210 0.030812
9 0.387080 0.175537 0.025210 0.033613
1 0.688025 0.969655 0.026261 0.055089
9 0.687237 0.969655 0.030987 0.053221
0 0.196166 0.321195 0.019433 0.052288
0 0.176996 0.292250 0.013655 0.046685
0 0.181985 0.298786 0.014181 0.054155
0 0.227679 0.258637 0.015231 0.044818
1 0.684874 0.404762 0.017857 0.045752
9 0.683561 0.416900 0.022584 0.045752
1 0.178046 0.286648 0.014706 0.039216
9 0.179622 0.297386 0.026261 0.032680
0 0.788603 0.225490 0.014181 0.038282
0 0.792017 0.228291 0.015756 0.040149
0 0.216649 0.294585 0.015231 0.045752
0 0.068540 0.324463 0.017332 0.047619
0 0.375000 0.237162 0.011555 0.039216
0 0.452731 0.244631 0.012605 0.041083
0 0.450630 0.237628 0.012605 0.040149
0 0.376838 0.094771 0.009979 0.036415
0 0.373687 0.121849 0.011029 0.040149
0 0.689076 0.159664 0.010504 0.035481
0 0.722426 0.281513 0.015231 0.045752
0 0.701943 0.280112 0.015231 0.046685
9 0.251576 0.331466 0.028361 0.046685
9 0.086660 0.355275 0.019958 0.045752
6 0.662815 0.207283 0.036765 0.050420
9 0.617122 0.178805 0.022059 0.025210