3 0.790179 0.380019 0.023634 0.031746
3 0.751838 0.476657 0.032038 0.043884
5 0.834559 0.394491 0.036765 0.066293
3 0.780725 0.434641 0.024685 0.036415
3 0.795168 0.415966 0.024160 0.032680
4 0.814601 0.394024 0.015756 0.037348
3 0.819853 0.381419 0.021008 0.027077
3 0.835347 0.367880 0.016282 0.026144
3 0.851891 0.346872 0.014706 0.025210
5 0.775735 0.490663 0.047269 0.077498
3 0.570116 0.686275 0.069853 0.080299
3 0.192752 0.829132 0.130252 0.138189
6 0.723739 0.420168 0.011555 0.022409
3 0.732143 0.441643 0.030462 0.035481
4 0.592174 0.555556 0.046744 0.069094
3 0.165966 0.746499 0.106092 0.124183
3 0.577994 0.475724 0.039391 0.043884
3 0.653361 0.437908 0.030462 0.035481
3 0.706933 0.412232 0.026261 0.032680
4 0.709821 0.387955 0.022584 0.034547
3 0.739496 0.393557 0.023109 0.028945
3 0.763130 0.378151 0.021008 0.026144
3 0.777836 0.347806 0.016807 0.025210
0 0.219800 0.597572 0.018382 0.061625