3 0.973529 0.505229 0.051471 0.045752
3 0.856250 0.405229 0.041912 0.033987
3 0.686029 0.449020 0.027941 0.043137
3 0.747794 0.407190 0.050000 0.035294
3 0.798529 0.438562 0.047059 0.035294
7 0.358456 0.439869 0.024265 0.045752
0 0.799632 0.528758 0.011029 0.037908
5 0.738971 0.384967 0.039706 0.035294
9 0.131618 0.506536 0.032353 0.037908
0 0.919485 0.527451 0.011029 0.040523
0 0.994853 0.557516 0.007353 0.045752
0 0.725368 0.326797 0.008088 0.018301
0 0.884191 0.411111 0.009559 0.022222
3 0.461029 0.476471 0.022059 0.050980
3 0.408824 0.518301 0.026471 0.061438
3 0.498162 0.287582 0.016912 0.031373
3 0.464338 0.322222 0.016912 0.037908
3 0.510294 0.137908 0.010294 0.016993
3 0.531985 0.121569 0.008088 0.018301
2 0.639338 0.403268 0.008088 0.016993
4 0.536765 0.236601 0.014706 0.031373
1 0.762868 0.915033 0.021324 0.052288
3 0.592647 0.133987 0.027941 0.024837
3 0.582721 0.116340 0.028676 0.026144
0 0.405515 0.413725 0.008088 0.032680
3 0.523162 0.119608 0.011029 0.030065
9 0.176471 0.437908 0.029412 0.039216
3 0.629044 0.226144 0.025735 0.015686
3 0.625000 0.211111 0.022059 0.014379
3 0.616176 0.201961 0.023529 0.016993
3 0.598162 0.185621 0.021324 0.015686
3 0.580882 0.164052 0.020588 0.016993
1 0.765074 0.904575 0.016912 0.049673
0 0.639338 0.391503 0.006618 0.022222
3 0.863235 0.509150 0.061765 0.048366
3 0.873162 0.546405 0.066912 0.047059
3 0.892647 0.578431 0.072059 0.058824
3 0.978676 0.664052 0.041176 0.054902
3 0.710294 0.513072 0.038235 0.050980
3 0.987132 0.925490 0.022794 0.096732
3 0.452941 0.631373 0.033824 0.083660
3 0.988235 0.737908 0.019118 0.069281
8 0.043750 0.875817 0.087500 0.224837
3 0.436397 0.978431 0.047794 0.037908
3 0.356985 0.889542 0.047794 0.124183
3 0.440809 0.864052 0.043382 0.135948
3 0.522426 0.934641 0.046324 0.128105
3 0.473897 0.188889 0.011029 0.030065
3 0.315441 0.358824 0.035294 0.037908
3 0.298162 0.286928 0.019853 0.030065
3 0.318015 0.296078 0.016912 0.027451
3 0.721691 0.332680 0.044853 0.035294
3 0.744853 0.326797 0.038235 0.031373
3 0.963235 0.858824 0.070588 0.083660
3 0.667647 0.315686 0.023529 0.027451
3 0.762868 0.800000 0.053676 0.115033
3 0.284926 0.491503 0.058088 0.044444
4 0.880515 0.437908 0.040441 0.052288
4 0.920956 0.454248 0.025735 0.053595