3 0.771271 0.396359 0.024685 0.032680
3 0.717700 0.515406 0.036239 0.048553
5 0.810137 0.422502 0.037290 0.084967
3 0.756040 0.457983 0.030987 0.038282
3 0.776786 0.435107 0.024160 0.033613
4 0.799107 0.408964 0.018382 0.037348
3 0.804097 0.393557 0.021008 0.027077
3 0.824842 0.382353 0.021534 0.027077
5 0.830620 0.368347 0.024685 0.038282
3 0.842437 0.355275 0.014706 0.025210
3 0.850578 0.345938 0.015231 0.021475
3 0.801996 0.369748 0.018908 0.026144
5 0.275210 0.647059 0.127101 0.164332
5 0.729254 0.557423 0.065651 0.104575
3 0.383666 0.914099 0.119223 0.141923
3 0.474790 0.599907 0.063025 0.068161
6 0.737920 0.407096 0.011555 0.022409
3 0.689338 0.483193 0.037290 0.043884
4 0.448792 0.681139 0.075105 0.096172
3 0.470851 0.548553 0.055147 0.066293
3 0.651786 0.428105 0.030462 0.036415
3 0.704044 0.397292 0.023634 0.030812
3 0.745011 0.383754 0.021534 0.024276
4 0.747899 0.364146 0.019958 0.028011
3 0.772321 0.367880 0.017332 0.026144
0 0.188288 0.614846 0.020483 0.064426