9 0.805147 0.391223 0.027311 0.033613
1 0.807773 0.375350 0.011555 0.037348
0 0.990284 0.309524 0.015231 0.049486
3 0.690651 0.273576 0.035714 0.052288
3 0.676471 0.235294 0.029412 0.042951
0 0.784401 0.350140 0.011029 0.042951
0 0.770221 0.343604 0.011029 0.050420
3 0.570378 0.947712 0.073529 0.102708
3 0.652048 0.183007 0.024685 0.039216
3 0.619485 0.111111 0.018382 0.031746
3 0.309611 0.224090 0.034139 0.046685
3 0.354517 0.140990 0.022059 0.033613
3 0.381303 0.085434 0.017857 0.038282
3 0.391807 0.066760 0.012605 0.021475
3 0.397321 0.054155 0.015231 0.020542
3 0.472952 0.242764 0.030987 0.069094
3 0.428571 0.238562 0.023109 0.051354
3 0.423057 0.210551 0.026786 0.043884
3 0.469275 0.304855 0.030987 0.062558
3 0.475840 0.171335 0.018908 0.028945
3 0.477941 0.150327 0.018908 0.029879
3 0.421481 0.289449 0.032038 0.065359
3 0.429884 0.136788 0.021534 0.034547
3 0.726891 0.401961 0.081933 0.071895
0 0.811187 0.339402 0.011029 0.051354
3 0.663866 0.209617 0.028361 0.038282
1 0.797006 0.378151 0.011029 0.033613
3 0.417805 0.011671 0.012080 0.015873
3 0.474527 0.199346 0.021534 0.034547
3 0.435924 0.179272 0.026261 0.042951
3 0.449842 0.153128 0.021534 0.033613
3 0.337447 0.419701 0.084559 0.066293
3 0.478204 0.127451 0.016282 0.028945
3 0.517595 0.150794 0.027836 0.049486
3 0.538866 0.306723 0.045168 0.070028
8 0.522847 0.408964 0.221113 0.158730
3 0.593750 0.358543 0.061450 0.070962
3 0.564338 0.239029 0.032038 0.052288
2 0.502101 0.375817 0.034664 0.038282
1 0.509979 0.357143 0.018908 0.047619
3 0.404674 0.850607 0.107668 0.218487
3 0.641807 0.532680 0.102941 0.112979
2 0.740809 0.433240 0.058298 0.070962
1 0.736082 0.423436 0.019433 0.066293
3 0.821954 0.485061 0.092437 0.075630
3 0.439338 0.392624 0.075105 0.075630
0 0.220326 0.281046 0.008929 0.039216
0 0.230305 0.275444 0.011029 0.050420
9 0.755252 0.373950 0.023109 0.032680
1 0.758666 0.356676 0.008929 0.037348
3 0.595326 0.046218 0.013130 0.025210
0 0.063550 0.370215 0.009454 0.051354
0 0.195903 0.632120 0.012605 0.037348
2 0.193803 0.655929 0.030462 0.038282
2 0.184086 0.625584 0.024685 0.028011
0 0.179097 0.593371 0.014706 0.038282
0 0.367910 0.345005 0.013130 0.047619