1 0.008403 0.428571 0.009454 0.046685
2 0.017332 0.429505 0.010504 0.048553
0 0.218750 0.372082 0.016282 0.053221
3 0.471639 0.016807 0.013655 0.011204
3 0.470063 0.026144 0.014706 0.022409
3 0.466387 0.037348 0.013655 0.026144
3 0.464286 0.055089 0.015756 0.028011
3 0.460084 0.074697 0.015756 0.044818
3 0.471113 0.101774 0.018908 0.035481
3 0.516282 0.012138 0.012605 0.024276
3 0.520746 0.045285 0.013130 0.030812
3 0.547269 0.049486 0.019958 0.042951
3 0.564338 0.080766 0.033088 0.023343
3 0.581408 0.131653 0.033613 0.024276
0 0.603992 0.094304 0.007353 0.035481
9 0.625525 0.283847 0.016807 0.018674
9 0.730305 0.403361 0.009979 0.029879
2 0.760504 0.383754 0.010504 0.028011
0 0.968487 0.406629 0.011555 0.045752
9 0.677258 0.353408 0.032038 0.038282
0 0.930147 0.371615 0.008403 0.044818
0 0.696954 0.325864 0.006303 0.042951
0 0.724002 0.345938 0.009979 0.045752
1 0.706933 0.381886 0.009454 0.024276
3 0.495011 0.164799 0.020483 0.040149
3 0.496586 0.098506 0.015231 0.036415
1 0.697479 0.975724 0.027311 0.046685
9 0.259191 0.407563 0.027836 0.034547
1 0.470063 0.197946 0.010504 0.035481
9 0.470063 0.210084 0.010504 0.024276
0 0.557511 0.128385 0.006828 0.036415
9 0.366597 0.296919 0.017857 0.029879
0 0.596901 0.272176 0.009979 0.032680
2 0.026261 0.431373 0.017857 0.037348
3 0.177521 0.910831 0.111345 0.167134
3 0.499475 0.051354 0.012605 0.031746
3 0.949842 0.893091 0.099265 0.146592
3 0.593487 0.309991 0.028361 0.046685
3 0.448004 0.184407 0.023109 0.042017
3 0.704832 0.507003 0.088235 0.065359
3 0.655725 0.264706 0.049895 0.043884
3 0.589023 0.138655 0.040441 0.027077
4 0.457983 0.142857 0.021008 0.037348
0 0.869485 0.844071 0.021534 0.065359
6 0.701681 0.974323 0.044118 0.049486
9 0.692489 0.396359 0.008929 0.034547
2 0.762605 0.402894 0.014706 0.036415
9 0.798057 0.394958 0.008929 0.041083
9 0.815126 0.392624 0.011555 0.036415
9 0.873950 0.410364 0.010504 0.036415
9 0.904149 0.386555 0.015231 0.035481
2 0.922269 0.404295 0.011555 0.037348
9 0.967174 0.421102 0.024685 0.028011
1 0.492647 0.232493 0.012605 0.031746
6 0.492122 0.243697 0.017857 0.035481
1 0.433824 0.387955 0.012605 0.047619
9 0.431723 0.401961 0.024160 0.042017
1 0.155987 0.717554 0.021008 0.068161
9 0.164128 0.738095 0.038340 0.051354
9 0.348739 0.357610 0.026261 0.028011
9 0.399685 0.291317 0.023109 0.033613
9 0.402311 0.278245 0.024160 0.029879
0 0.134979 0.422035 0.008403 0.044818
0 0.555410 0.127451 0.006828 0.038282
9 0.265494 0.418768 0.027836 0.030812
9 0.099265 0.440710 0.012605 0.044818
4 0.144433 0.465453 0.075630 0.064426
3 0.074842 0.603175 0.107668 0.082166
3 0.088761 0.689542 0.107143 0.081232
9 0.093225 0.741363 0.049895 0.056022
1 0.091912 0.728291 0.026261 0.065359
6 0.491334 0.660598 0.058298 0.049486
1 0.500788 0.646125 0.019433 0.052288
3 0.462973 0.119981 0.020483 0.030812
1 0.713235 0.666667 0.016807 0.052288
9 0.707721 0.690943 0.025735 0.056022
1 0.470326 0.197479 0.009979 0.025210
1 0.491859 0.244164 0.012080 0.027077
3 0.452994 0.343604 0.033088 0.069094
2 0.734244 0.466387 0.033613 0.036415
1 0.737395 0.451914 0.016807 0.039216
2 0.722164 0.437908 0.035714 0.029879
1 0.724265 0.429505 0.016807 0.035481
2 0.747111 0.454248 0.030987 0.036415
1 0.751838 0.439309 0.017332 0.038282
3 0.878414 0.445378 0.083508 0.078431
3 0.915704 0.561158 0.109769 0.074697
3 0.967174 0.512138 0.062500 0.068161
9 0.767069 0.781979 0.046744 0.060691
1 0.766019 0.769374 0.023634 0.070962
1 0.777836 0.771242 0.021008 0.065359
2 0.758403 0.647993 0.021008 0.057890
1 0.758666 0.627918 0.017332 0.056956
0 0.456145 0.308590 0.009979 0.045752
0 0.612132 0.279645 0.007878 0.030812