3 0.715030 0.532407 0.023810 0.041005
4 0.829613 0.413360 0.031250 0.041005
4 0.853795 0.708995 0.021577 0.026455
4 0.837798 0.675265 0.026786 0.033069
4 0.871652 0.593254 0.018601 0.046296
3 0.890997 0.658069 0.020089 0.046296
3 0.123884 0.604497 0.030506 0.037037
3 0.197173 0.490079 0.025298 0.033069
3 0.009673 0.622354 0.019345 0.046296
3 0.853423 0.173942 0.026786 0.035714
5 0.959821 0.114418 0.031250 0.041005
4 0.713914 0.149471 0.024554 0.042328
4 0.739211 0.228836 0.030506 0.029101
3 0.294271 0.232143 0.018601 0.054233
3 0.256696 0.208995 0.017857 0.047619
3 0.249628 0.156746 0.018601 0.051587
3 0.281994 0.151455 0.017857 0.043651
3 0.328125 0.179894 0.020833 0.052910
4 0.159970 0.650132 0.028274 0.038360
3 0.199405 0.623677 0.031250 0.035714
3 0.309896 0.013228 0.012649 0.026455
8 0.743676 0.296958 0.063244 0.030423
3 0.594122 0.170635 0.026042 0.039683
9 0.339658 0.242063 0.009673 0.029101
3 0.160714 0.599868 0.023810 0.038360
4 0.238467 0.546296 0.023065 0.031746
3 0.252976 0.589947 0.029762 0.034392
3 0.725818 0.613757 0.024554 0.042328
5 0.781622 0.523148 0.024554 0.041005
5 0.914807 0.381614 0.023065 0.038360
4 0.023810 0.708995 0.023810 0.034392
3 0.097470 0.655423 0.025298 0.038360
9 0.190104 0.577381 0.012649 0.019841
3 0.184896 0.608466 0.024554 0.037037
3 0.618676 0.690476 0.023065 0.039683
4 0.634301 0.728175 0.024554 0.041005
3 0.648438 0.636905 0.023065 0.041005
3 0.675967 0.647487 0.024554 0.041005
4 0.677083 0.596561 0.025298 0.037037
4 0.703125 0.605159 0.023810 0.038360
7 0.742932 0.158730 0.014137 0.034392
3 0.034970 0.220238 0.028274 0.035714
7 0.983259 0.322751 0.024554 0.034392