0 0.046875 0.555556 0.040179 0.134921
0 0.723586 0.224868 0.017113 0.082011
1 0.690104 0.223545 0.018601 0.052910
0 0.926339 0.286376 0.025298 0.099206
0 0.276414 0.146164 0.015625 0.054233
0 0.271949 0.130291 0.012649 0.051587
0 0.286086 0.152778 0.012649 0.035714
0 0.071057 0.097884 0.011161 0.047619
0 0.092634 0.097884 0.011161 0.047619
0 0.138393 0.103836 0.016369 0.048942
0 0.172247 0.089286 0.015625 0.043651
0 0.901414 0.261243 0.024554 0.051587
1 0.558408 0.027116 0.014137 0.035714
2 0.559152 0.040344 0.027530 0.025132
0 0.592262 0.407407 0.032738 0.121693
0 0.875372 0.266534 0.021577 0.054233
0 0.640625 0.181878 0.023810 0.072751
0 0.626860 0.429894 0.034970 0.140212
0 0.522693 0.474868 0.034970 0.140212
0 0.431548 0.427910 0.032738 0.138889
0 0.246280 0.560847 0.046131 0.187831
0 0.392857 0.486772 0.028274 0.156085
0 0.578497 0.490079 0.045387 0.146825
0 0.699777 0.494048 0.051339 0.152116
0 0.663690 0.632275 0.043155 0.201058
0 0.449033 0.437169 0.034970 0.141534
0 0.274554 0.345238 0.029762 0.121693
0 0.516741 0.285714 0.020089 0.111111
0 0.564732 0.301587 0.023810 0.100529
0 0.548363 0.218915 0.017857 0.083333
0 0.543899 0.279762 0.020833 0.120370
1 0.781250 0.277116 0.020833 0.078042
0 0.803571 0.270503 0.028274 0.083333
0 0.269345 0.155423 0.010417 0.035714
1 0.531994 0.320767 0.023810 0.072751
1 0.505208 0.305556 0.020833 0.074074
0 0.460193 0.164683 0.018601 0.070106
0 0.139137 0.341931 0.017857 0.064815
1 0.059896 0.341270 0.036458 0.058201
2 0.422991 0.352513 0.036458 0.075397
0 0.595238 0.148810 0.016369 0.072751
1 0.109747 0.125661 0.011161 0.026455
0 0.139881 0.150794 0.017857 0.052910
0 0.770461 0.185847 0.014137 0.054233
0 0.384301 0.113095 0.014137 0.051587
0 0.356399 0.097222 0.010417 0.051587
1 0.087426 0.123677 0.014137 0.025132
1 0.070312 0.126323 0.015625 0.030423
0 0.191220 0.131614 0.014881 0.046296
0 0.605283 0.254630 0.021577 0.091270
0 0.939732 0.311508 0.032738 0.130952
0 0.839658 0.372354 0.037946 0.133598
0 0.767857 0.221561 0.025298 0.067460
0 0.552083 0.098545 0.010417 0.038360
0 0.515253 0.082011 0.012649 0.034392
0 0.969494 0.271825 0.029762 0.112434
1 0.917039 0.190476 0.012649 0.031746
1 0.902530 0.184524 0.017857 0.033069