0 0.862920 0.922969 0.026261 0.073763
0 0.854517 0.903361 0.018908 0.070028
1 0.837973 0.816060 0.032038 0.067227
1 0.823004 0.786181 0.025210 0.059757
1 0.821691 0.763772 0.025735 0.052288
9 0.258666 0.696545 0.021534 0.063492
0 0.156513 0.931839 0.031513 0.102708
0 0.479254 0.724090 0.021534 0.083100
0 0.501838 0.718954 0.016282 0.078431
0 0.528887 0.706349 0.016807 0.077498
0 0.559611 0.722222 0.016282 0.077498
0 0.440389 0.934641 0.027836 0.112045
0 0.469275 0.921102 0.029937 0.094304
0 0.520221 0.962185 0.030987 0.073763
0 0.528887 0.950047 0.024160 0.084967
0 0.574317 0.892624 0.032038 0.102708
0 0.544643 0.823063 0.021008 0.092437
0 0.488183 0.852474 0.026786 0.091503
0 0.477416 0.833800 0.028361 0.084034
1 0.207983 0.788049 0.024160 0.082166
1 0.216387 0.760971 0.027311 0.059757
1 0.221376 0.735294 0.025735 0.081232
9 0.940914 0.976190 0.050945 0.042017
0 0.523372 0.961718 0.029937 0.072829