9 0.493304 0.136905 0.010417 0.022487
3 0.509301 0.410714 0.021577 0.056878
3 0.505580 0.275794 0.020089 0.046296
5 0.575893 0.283069 0.020833 0.055556
3 0.472098 0.845899 0.040923 0.136243
3 0.501116 0.510582 0.027530 0.068783
3 0.477307 0.318122 0.021577 0.046296
3 0.531994 0.837963 0.043155 0.130952
3 0.348586 0.808862 0.072173 0.112434
4 0.947545 0.595238 0.049851 0.068783
3 0.781622 0.507937 0.040923 0.058201
3 0.874256 0.478836 0.055060 0.058201
3 0.956101 0.449074 0.046131 0.064815
3 0.059152 0.660053 0.058780 0.071429
4 0.340774 0.389550 0.023810 0.070106
7 0.346354 0.324735 0.015625 0.035714
3 0.390625 0.238757 0.022321 0.056878
3 0.413318 0.026455 0.008185 0.023810
3 0.886905 0.589947 0.066964 0.082011
7 0.649926 0.381614 0.036458 0.043651