1 0.003939 0.428105 0.007878 0.047619
2 0.010767 0.426237 0.011029 0.049486
0 0.040704 0.426237 0.011029 0.045752
0 0.389968 0.104108 0.006828 0.025210
3 0.464548 0.007937 0.014181 0.012138
3 0.464023 0.023810 0.015231 0.023343
3 0.461922 0.043417 0.014181 0.027077
3 0.459821 0.054622 0.016282 0.028945
3 0.457721 0.075163 0.016282 0.045752
3 0.466124 0.105042 0.019433 0.036415
3 0.548057 0.037348 0.020483 0.042951
3 0.561187 0.079832 0.033088 0.023343
3 0.577994 0.132120 0.034139 0.025210
0 0.602153 0.093838 0.007878 0.036415
9 0.619485 0.288049 0.017332 0.019608
9 0.725578 0.415033 0.009979 0.036415
9 0.674107 0.370215 0.032038 0.038282
1 0.706933 0.380486 0.012605 0.034547
3 0.970326 0.586835 0.055147 0.079365
3 0.307248 0.631186 0.101891 0.082166
3 0.444328 0.348739 0.032563 0.066293
3 0.449317 0.288982 0.025735 0.049486
1 0.692227 0.971989 0.028361 0.037348
0 0.956933 0.828198 0.021008 0.065359
0 0.981092 0.815126 0.023109 0.074697
0 0.952468 0.790850 0.019433 0.065359
1 0.962973 0.764239 0.017332 0.055089
2 0.961397 0.780579 0.041492 0.048553
1 0.974265 0.771242 0.014706 0.054155
9 0.254989 0.411298 0.027836 0.034547
1 0.732143 0.580299 0.017857 0.055089
1 0.421481 0.391690 0.009979 0.036415
2 0.728466 0.590103 0.042017 0.044818
9 0.425158 0.416433 0.012080 0.031746
0 0.542805 0.128385 0.006828 0.036415
9 0.364758 0.311391 0.022584 0.030812
0 0.512868 0.273576 0.013130 0.041083
2 0.019695 0.428105 0.018382 0.038282
3 0.174895 0.926237 0.111345 0.143791
3 0.493697 0.284781 0.021008 0.056022
3 0.947479 0.899160 0.102941 0.156863
3 0.591912 0.315126 0.028361 0.045752
3 0.445378 0.191410 0.023109 0.041083
3 0.649947 0.263772 0.054097 0.042017
3 0.585872 0.139589 0.040441 0.027077
4 0.453782 0.151727 0.021008 0.036415
6 0.692752 0.971989 0.035714 0.050420
9 0.688813 0.403828 0.008929 0.036415
2 0.757090 0.409430 0.014181 0.034547
9 0.793592 0.404295 0.009454 0.041083
9 0.814863 0.392624 0.012080 0.036415
9 0.870536 0.409897 0.008929 0.035481
9 0.902574 0.381419 0.015231 0.036415
2 0.915966 0.409897 0.011555 0.037348
9 0.964548 0.414099 0.023634 0.049486
1 0.492122 0.368814 0.012605 0.031746
6 0.492647 0.388422 0.017857 0.044818
1 0.411239 0.412698 0.014706 0.046685
9 0.410714 0.426704 0.023109 0.041083
1 0.150735 0.744631 0.021008 0.068161
9 0.152048 0.762838 0.036239 0.050420
9 0.345326 0.370215 0.026786 0.036415
9 0.395746 0.299253 0.023634 0.034547
9 0.400998 0.274977 0.024685 0.028945
0 0.127889 0.443978 0.013130 0.045752
0 0.539916 0.130252 0.007353 0.036415
0 0.383141 0.105042 0.005777 0.027077
0 0.117910 0.426237 0.017332 0.049486
0 0.084296 0.427171 0.013130 0.043884
9 0.260242 0.424370 0.027836 0.030812
9 0.094275 0.448646 0.013130 0.045752
3 0.842174 0.651727 0.103466 0.072829
9 0.423582 0.723156 0.041492 0.051354
1 0.422794 0.717087 0.019958 0.072829
3 0.459296 0.123716 0.017332 0.030812
1 0.424895 0.395425 0.012605 0.036415
1 0.492910 0.386088 0.012080 0.027077
3 0.450630 0.417367 0.032563 0.078431
2 0.320903 0.497199 0.032563 0.036415
1 0.325105 0.485528 0.017857 0.050420
2 0.373687 0.475257 0.030987 0.031746
1 0.372637 0.462185 0.017332 0.039216
2 0.371849 0.488329 0.028361 0.031746
1 0.373424 0.474790 0.017857 0.045752
3 0.580357 0.394024 0.065126 0.072829
3 0.616859 0.604108 0.097164 0.097106
3 0.557248 0.516807 0.082983 0.068161
0 0.618435 0.323529 0.009979 0.043884
4 0.882353 0.721289 0.103992 0.098039
3 0.486607 0.471989 0.067752 0.075630
3 0.839811 0.577031 0.096639 0.074697
3 0.693015 0.507470 0.083508 0.068161
3 0.740021 0.466387 0.070378 0.058824
0 0.519433 0.268441 0.010504 0.036415
9 0.253414 0.695145 0.043592 0.051354
1 0.253414 0.682073 0.020483 0.055089
0 0.973477 0.812325 0.014181 0.050420