3 0.411765 0.656863 0.060924 0.129785
3 0.460084 0.591036 0.086134 0.078431
3 0.250000 0.009337 0.014706 0.016807
9 0.430410 0.238095 0.011029 0.031746
1 0.429884 0.232026 0.011029 0.034547
3 0.364496 0.327731 0.032563 0.054155
3 0.297794 0.202148 0.024160 0.045752
4 0.525473 0.432306 0.042542 0.069094
0 0.015231 0.872082 0.023109 0.069094
3 0.750788 0.878618 0.099265 0.145658
2 0.170956 0.872082 0.033088 0.070962
3 0.888655 0.190009 0.042017 0.036415
3 0.709821 0.069094 0.026786 0.024276
4 0.716649 0.105976 0.026786 0.027077
3 0.950368 0.235294 0.043592 0.037348
3 0.942752 0.220355 0.036765 0.037348
3 0.977941 0.179739 0.034664 0.040149
4 0.382616 0.158730 0.021534 0.039216
3 0.287290 0.077965 0.030462 0.027077
3 0.172532 0.620448 0.097164 0.083100
3 0.293067 0.553221 0.085084 0.079365
3 0.382353 0.287115 0.031513 0.049486
0 0.032826 0.863212 0.023634 0.075630
0 0.048319 0.849673 0.022059 0.078431
9 0.063288 0.793651 0.032038 0.054155
1 0.058298 0.779178 0.018908 0.056956
0 0.018120 0.845472 0.025735 0.068161
3 0.924107 0.234360 0.039391 0.033613
3 0.923057 0.206349 0.036239 0.031746
4 0.855830 0.194678 0.037290 0.032680
4 0.838498 0.189076 0.032038 0.036415
4 0.854254 0.172269 0.036239 0.034547
4 0.838498 0.163866 0.035189 0.032680
3 0.826418 0.186275 0.036239 0.028945
3 0.808561 0.174136 0.033088 0.030812
3 0.788078 0.170401 0.027836 0.027077
3 0.775473 0.159197 0.027836 0.025210
3 0.861082 0.133053 0.027836 0.025210
3 0.841649 0.128385 0.026786 0.028945
3 0.833771 0.112512 0.032038 0.030812
3 0.815389 0.108777 0.025735 0.027077
3 0.796481 0.101307 0.030987 0.032680
3 0.769170 0.092904 0.029937 0.027077
3 0.728729 0.073296 0.026786 0.028945