9 0.408613 0.599440 0.021008 0.054155
9 0.129727 0.640990 0.037815 0.053221
3 0.826943 0.769841 0.087710 0.116713
3 0.904674 0.748366 0.090861 0.111111
1 0.956933 0.970121 0.036765 0.044818
3 0.944065 0.635854 0.086660 0.070962
4 0.636292 0.458450 0.063550 0.070962
3 0.725578 0.443978 0.071954 0.058824
3 0.636817 0.431839 0.068803 0.058824
3 0.722689 0.411765 0.066176 0.050420
3 0.806723 0.418301 0.068277 0.056022
3 0.885504 0.407563 0.069328 0.055089
4 0.947742 0.387488 0.071954 0.061625
3 0.787290 0.391690 0.052521 0.049486
3 0.780462 0.349673 0.061975 0.043884
3 0.679097 0.324930 0.040966 0.050420
3 0.724265 0.327731 0.053571 0.044818
4 0.798319 0.307656 0.053571 0.049486
4 0.912027 0.290850 0.049895 0.049486
3 0.207458 0.186275 0.021008 0.036415
9 0.220588 0.958450 0.036765 0.064426
6 0.221639 0.598973 0.027311 0.071895
9 0.262868 0.878618 0.024685 0.076564
3 0.240546 0.534547 0.043067 0.079365
3 0.173057 0.498599 0.040441 0.085901
4 0.071691 0.351541 0.042542 0.070028
4 0.102679 0.313259 0.029937 0.066293
3 0.154937 0.373483 0.027311 0.057890
3 0.151523 0.299720 0.027836 0.050420
4 0.069853 0.304388 0.031513 0.067227
3 0.077206 0.243697 0.027311 0.042951
3 0.107143 0.218487 0.022059 0.037348
3 0.080357 0.220355 0.024160 0.041083
4 0.371586 0.314192 0.053046 0.055089
3 0.349265 0.303455 0.037815 0.042951
4 0.322479 0.288049 0.036765 0.045752
3 0.193540 0.123716 0.018382 0.032680
3 0.319590 0.211485 0.043592 0.032680
4 0.324580 0.195612 0.036765 0.034547
3 0.261292 0.173203 0.030987 0.032680
8 0.285977 0.161998 0.041492 0.077498
4 0.150473 0.033147 0.012080 0.021475
5 0.264968 0.103175 0.065651 0.060691
3 0.093225 0.169468 0.021534 0.038282
4 0.114233 0.161998 0.018382 0.040149
4 0.122637 0.138655 0.018382 0.032680
4 0.121849 0.111578 0.018908 0.036415
3 0.209034 0.357610 0.032563 0.057890
3 0.344275 0.812792 0.094013 0.129785
9 0.311187 0.479925 0.015231 0.042951
3 0.143382 0.259570 0.024160 0.044818
5 0.092174 0.113445 0.030987 0.071895
3 0.151523 0.003268 0.011029 0.006536
3 0.173845 0.188142 0.024160 0.045752
4 0.113445 0.095705 0.024160 0.030812
3 0.158351 0.128385 0.018382 0.032680
3 0.169118 0.024743 0.021008 0.021475
6 0.600578 0.390756 0.030987 0.047619
6 0.651786 0.380019 0.033613 0.039216
6 0.678309 0.369281 0.037290 0.049486
6 0.699842 0.359477 0.030987 0.042951
0 0.240809 0.206349 0.011029 0.037348
0 0.316702 0.342670 0.009454 0.037348
0 0.321691 0.338002 0.009979 0.037348
0 0.194065 0.812792 0.019433 0.073763
0 0.180935 0.810458 0.015231 0.070962
0 0.103992 0.282913 0.011555 0.042951
9 0.571166 0.439309 0.021534 0.042017
3 0.842174 0.382820 0.059349 0.044818
1 0.603992 0.537348 0.014706 0.042017
2 0.603729 0.552288 0.018382 0.042017
9 0.751576 0.726424 0.027311 0.065359
1 0.748424 0.715219 0.021008 0.061625
9 0.209821 0.149860 0.011029 0.027077
0 0.129464 0.308590 0.008929 0.036415
0 0.136817 0.114379 0.008929 0.027077
0 0.037553 0.741830 0.021534 0.071895
0 0.115284 0.369748 0.012080 0.044818
9 0.199317 0.153595 0.008929 0.032680
9 0.209559 0.733894 0.033613 0.054155
1 0.208508 0.726891 0.021008 0.058824
9 0.212710 0.121382 0.008403 0.026144
0 0.146271 0.113445 0.008929 0.027077
0 0.412553 0.448179 0.014181 0.050420
1 0.409926 0.594304 0.023634 0.055089
9 0.221376 0.671802 0.034139 0.077498
1 0.222952 0.678338 0.025735 0.064426