0 0.379727 0.884220 0.021008 0.082166
0 0.396008 0.829599 0.012605 0.045752
1 0.429359 0.814192 0.018382 0.050420
3 0.424895 0.806723 0.049370 0.057890
0 0.238183 0.667600 0.026786 0.078431
0 0.216649 0.670401 0.020483 0.072829
0 0.357143 0.831933 0.024160 0.082166
9 0.304097 0.794585 0.058824 0.050420
0 0.404674 0.111578 0.013130 0.053221
0 0.394433 0.092904 0.009454 0.036415
0 0.389443 0.086368 0.011029 0.053221
3 0.124212 0.302988 0.090861 0.090570
5 0.843487 0.070962 0.298319 0.121382
0 0.660714 0.843137 0.023109 0.078431
0 0.336922 0.846405 0.018382 0.094304
0 0.275998 0.873016 0.017332 0.065359
0 0.302258 0.919701 0.012080 0.039216
0 0.228729 0.899160 0.021534 0.067227
0 0.233981 0.859477 0.024685 0.049486
0 0.253939 0.850140 0.015231 0.055089
0 0.250788 0.900560 0.021534 0.071895
3 0.389968 0.488796 0.130777 0.122316
4 0.571691 0.252568 0.085609 0.084967
3 0.486870 0.115780 0.081933 0.078431
0 0.788340 0.892624 0.029412 0.074697
6 0.731880 0.794118 0.123424 0.127918
4 0.961922 0.829132 0.074055 0.126984
0 0.652048 0.943044 0.020483 0.084034
1 0.523897 0.925770 0.029937 0.073763
1 0.537027 0.883754 0.025735 0.068161
0 0.439338 0.850140 0.026786 0.084967
3 0.315651 0.708683 0.147059 0.130719
0 0.402574 0.975257 0.023634 0.043884
0 0.611607 0.977591 0.017332 0.041083
0 0.510767 0.783847 0.017332 0.070028
0 0.554097 0.788982 0.015756 0.070962
0 0.537027 0.770308 0.016282 0.072829
6 0.848477 0.852474 0.070903 0.076564
9 0.423057 0.087768 0.026786 0.033613
1 0.424107 0.071895 0.016282 0.042951
0 0.459296 0.240430 0.016282 0.073763
0 0.445641 0.559757 0.017332 0.077498
0 0.340599 0.443511 0.017332 0.069094
0 0.353466 0.441643 0.015756 0.065359
0 0.349790 0.419701 0.017857 0.073763
0 0.330882 0.426704 0.015756 0.067227
9 0.834296 0.558357 0.044643 0.054155
1 0.836397 0.542951 0.020483 0.056956
1 0.825630 0.544818 0.015756 0.047619
2 0.147847 0.954715 0.029937 0.086835
3 0.721901 0.177404 0.082458 0.070962