9 0.934524 0.781746 0.080357 0.166667
1 0.936012 0.747354 0.061012 0.148148
1 0.931176 0.736111 0.034970 0.120370
0 0.420387 0.911376 0.040179 0.174603
0 0.391369 0.619709 0.032738 0.144180
0 0.435268 0.571429 0.043155 0.145503
0 0.508185 0.746693 0.046131 0.197090
9 0.486235 0.851190 0.110863 0.154762
9 0.507068 0.751323 0.087054 0.140212
0 0.131324 0.683201 0.045387 0.136243
0 0.228795 0.522487 0.015625 0.079365
0 0.227307 0.492725 0.027530 0.101852
1 0.398438 0.324074 0.023065 0.042328
0 0.561012 0.421958 0.026786 0.119048
0 0.304688 0.353175 0.021577 0.071429
0 0.307664 0.360450 0.015625 0.056878
0 0.325521 0.342593 0.018601 0.055556
0 0.314732 0.332011 0.017857 0.074074
9 0.550595 0.248677 0.014881 0.052910
0 0.523810 0.308201 0.016369 0.079365
6 0.512277 0.320106 0.031994 0.082011
0 0.395833 0.319444 0.016369 0.048942
9 0.521205 0.205026 0.014137 0.042328
9 0.527158 0.142196 0.012649 0.027778
9 0.520461 0.158730 0.009673 0.039683
7 0.654762 0.230159 0.029762 0.068783
9 0.481027 0.536376 0.072173 0.088624
1 0.521577 0.195767 0.011905 0.039683