3 0.558036 0.471561 0.063988 0.058201
1 0.152716 0.270833 0.010789 0.028439
9 0.153460 0.277447 0.018229 0.016534
2 0.409040 0.298611 0.009301 0.025794
3 0.055618 0.245040 0.035342 0.039021
9 0.245350 0.298611 0.016741 0.020503
1 0.243490 0.291336 0.010045 0.027116
1 0.247582 0.297288 0.010045 0.024471
3 0.194382 0.295966 0.033854 0.044312
3 0.289807 0.336310 0.046875 0.039021
5 0.405134 0.365741 0.062500 0.055556
3 0.572359 0.314484 0.028646 0.033730
1 0.725260 0.441468 0.016741 0.048280
3 0.504278 0.215939 0.015253 0.028439
9 0.591332 0.417659 0.030878 0.029762
1 0.592448 0.407077 0.013021 0.041667
3 0.439174 0.139881 0.012277 0.020503
8 0.644159 0.441468 0.117188 0.110450
3 0.724702 0.933532 0.056548 0.131614
3 0.335379 0.411706 0.036830 0.046958
3 0.227865 0.282738 0.029390 0.032407
2 0.403460 0.308532 0.008557 0.025794
2 0.412388 0.306878 0.009301 0.030423
3 0.501674 0.936508 0.068080 0.124339
3 0.515811 0.782738 0.052455 0.135582
1 0.793713 0.962632 0.018229 0.049603
0 0.781064 0.948743 0.023438 0.077381
2 0.791109 0.953373 0.022693 0.078704
8 0.634673 0.848876 0.097470 0.299603
5 0.454055 0.280093 0.023438 0.042989
3 0.482329 0.286045 0.021205 0.033730
3 0.455915 0.260251 0.017485 0.027116
3 0.489769 0.270172 0.015253 0.028439
8 0.452567 0.237103 0.026414 0.068122
3 0.478609 0.256283 0.015997 0.029762
6 0.518415 0.178902 0.012277 0.020503
2 0.723958 0.450066 0.024554 0.028439
3 0.481585 0.243717 0.018229 0.027116
3 0.474888 0.231151 0.017485 0.025794
3 0.470796 0.221892 0.013021 0.027116
3 0.441034 0.200728 0.014509 0.027116
4 0.434710 0.181878 0.013765 0.019841
4 0.430618 0.170966 0.013021 0.019180
5 0.460379 0.188823 0.018229 0.031085
3 0.451451 0.184854 0.013021 0.023148
5 0.344122 0.187831 0.029018 0.042328