3 0.027574 0.310924 0.037290 0.065359
3 0.029674 0.250233 0.040441 0.059757
3 0.696954 0.200280 0.027311 0.056956
3 0.677258 0.799720 0.042542 0.043884
3 0.596376 0.463119 0.034139 0.070962
3 0.598214 0.776377 0.039916 0.043884
3 0.507878 0.686741 0.027311 0.060691
3 0.529937 0.527544 0.030462 0.065359
8 0.568015 0.343604 0.075105 0.177404
5 0.545168 0.668534 0.033613 0.072829
3 0.816702 0.555089 0.034664 0.043884
3 0.459034 0.844071 0.030462 0.070962
4 0.626050 0.190943 0.028361 0.060691
2 0.335872 0.281513 0.016282 0.017740
0 0.430147 0.514472 0.008403 0.018674
9 0.101103 0.166667 0.016282 0.017740
0 0.619485 0.725023 0.012080 0.025210
0 0.672006 0.419701 0.007878 0.014006
0 0.350053 0.747899 0.007878 0.014939
3 0.308298 0.589169 0.039916 0.039216
3 0.326943 0.555089 0.037290 0.045752
3 0.335609 0.516340 0.038866 0.044818
3 0.253939 0.557890 0.039391 0.045752
3 0.281775 0.529412 0.037290 0.041083
3 0.288340 0.482260 0.038866 0.045752
3 0.213498 0.526144 0.035189 0.038282
4 0.232143 0.497666 0.039916 0.044818
3 0.240284 0.452381 0.034139 0.038282
3 0.166492 0.506536 0.040966 0.043884
3 0.183298 0.468254 0.039916 0.047619
3 0.200105 0.430906 0.037815 0.043884
3 0.717174 0.673669 0.040441 0.043884
3 0.718487 0.632586 0.035714 0.045752
3 0.722689 0.582633 0.035714 0.039216
3 0.743435 0.556956 0.040441 0.043884
3 0.751838 0.700747 0.034139 0.036415
3 0.771008 0.661998 0.039916 0.046685
3 0.781775 0.620915 0.041492 0.046685
3 0.799107 0.588235 0.040441 0.046685
3 0.789916 0.723156 0.038866 0.043884
3 0.975840 0.732493 0.039916 0.043884
3 0.837710 0.753968 0.039916 0.043884
3 0.881565 0.779178 0.042542 0.045752
3 0.925945 0.801120 0.039916 0.046685
5 0.640494 0.237162 0.045693 0.098973
3 0.152311 0.407563 0.039916 0.043884
3 0.128939 0.436508 0.040441 0.051354
3 0.108718 0.476657 0.040966 0.047619
3 0.057511 0.355742 0.043592 0.035481
3 0.065651 0.442577 0.040966 0.048553
3 0.102679 0.281979 0.038340 0.042951
3 0.165179 0.314192 0.043592 0.049486
4 0.063288 0.284781 0.038340 0.044818
0 0.595851 0.168067 0.012080 0.022409
8 0.372899 0.393091 0.082983 0.106443
5 0.730830 0.054155 0.028887 0.061625
3 0.958246 0.917834 0.041492 0.048553
3 0.833508 0.846872 0.035714 0.048553
8 0.222426 0.261905 0.086660 0.088702
3 0.474790 0.687208 0.029412 0.063492
3 0.454569 0.667134 0.029937 0.058824
4 0.972689 0.828198 0.048319 0.048553
3 0.039653 0.402894 0.024685 0.066293
3 0.013655 0.409897 0.027311 0.042951