3 0.675409 0.514220 0.072545 0.064153
1 0.128162 0.257606 0.010789 0.028439
9 0.131138 0.266204 0.018229 0.016534
2 0.414249 0.294643 0.009301 0.025794
9 0.219680 0.286706 0.016741 0.020503
1 0.217448 0.278770 0.010045 0.027116
1 0.222656 0.281415 0.010045 0.024471
3 0.164249 0.281085 0.033854 0.043651
3 0.243490 0.312500 0.038318 0.039021
5 0.355841 0.345569 0.057664 0.056217
3 0.563244 0.280754 0.022321 0.033730
1 0.699219 0.417989 0.016741 0.041005
3 0.506510 0.199405 0.015253 0.025794
9 0.544829 0.405093 0.030878 0.029762
1 0.544085 0.392526 0.013021 0.041667
3 0.436198 0.131944 0.012277 0.020503
8 0.571987 0.409061 0.107515 0.094577
3 0.745722 0.801257 0.062128 0.107804
3 0.897507 0.560185 0.085938 0.067460
3 0.371652 0.444114 0.032738 0.053571
3 0.237909 0.278108 0.029390 0.032407
2 0.412016 0.306548 0.008557 0.025794
2 0.417969 0.304233 0.009301 0.029101
3 0.505208 0.934854 0.069196 0.127646
3 0.521019 0.777447 0.052455 0.135582
1 0.800037 0.961971 0.018973 0.049603
0 0.787388 0.948082 0.023438 0.077381
2 0.796317 0.954034 0.022693 0.078704
8 0.643601 0.847553 0.100446 0.302249
5 0.461124 0.277447 0.023438 0.042989
3 0.489025 0.283399 0.021205 0.033730
3 0.463728 0.258267 0.017485 0.027116
3 0.496094 0.267526 0.015253 0.028439
8 0.459263 0.233135 0.026414 0.068122
3 0.485305 0.253638 0.015997 0.029762
6 0.531436 0.181548 0.012277 0.020503
2 0.700149 0.429563 0.019345 0.028439
3 0.489025 0.240410 0.018229 0.027116
3 0.481957 0.229167 0.017485 0.025794
3 0.477865 0.219246 0.013021 0.027116
3 0.448847 0.198743 0.014509 0.027116
4 0.441406 0.178902 0.013765 0.019180
4 0.438430 0.170966 0.013021 0.019180
5 0.469308 0.186177 0.018229 0.031085
3 0.458147 0.180225 0.013021 0.023148
5 0.348958 0.184193 0.029018 0.042989