3 0.453782 0.795051 0.158613 0.155929
3 0.836660 0.874883 0.185924 0.168067
3 0.259979 0.456116 0.117647 0.120448
3 0.099265 0.409897 0.112395 0.100840
3 0.320116 0.338936 0.095063 0.097106
3 0.225053 0.322129 0.089811 0.080299
3 0.608718 0.277311 0.044118 0.080299
3 0.619223 0.219888 0.039916 0.073763
3 0.635767 0.184407 0.033088 0.064426
3 0.640756 0.152194 0.028361 0.050420
3 0.650473 0.125584 0.024685 0.045752
3 0.666229 0.084500 0.024685 0.040149
3 0.846901 0.393557 0.117122 0.099907
3 0.843750 0.336601 0.099265 0.083100
6 0.467962 0.366480 0.067227 0.066293
0 0.389706 0.560691 0.021008 0.077498
0 0.359244 0.554155 0.018908 0.081232
0 0.376313 0.554622 0.019433 0.078431
9 0.623424 0.505602 0.028361 0.068161
1 0.624212 0.490196 0.016282 0.070962
3 0.450630 0.297852 0.080882 0.080299
3 0.471376 0.268908 0.078256 0.065359
3 0.473214 0.244164 0.079832 0.055089
3 0.468225 0.227824 0.081408 0.044818
3 0.492122 0.212418 0.081933 0.056956
3 0.514443 0.176004 0.074055 0.053221
3 0.543855 0.177871 0.064601 0.047619
3 0.560399 0.144725 0.063025 0.041083
3 0.566439 0.122782 0.059349 0.043884
3 0.582983 0.088702 0.054622 0.033613
3 0.596376 0.067694 0.047794 0.036415
3 0.647059 0.037348 0.018908 0.039216
0 0.596113 0.173203 0.008403 0.036415
0 0.604779 0.176471 0.011029 0.041083
0 0.619485 0.161531 0.014181 0.044818
1 0.607668 0.150794 0.011555 0.032680
0 0.606618 0.130719 0.011555 0.033613
0 0.615021 0.128852 0.009454 0.028011
1 0.697216 0.207750 0.016282 0.047619
2 0.694853 0.221289 0.022059 0.037348
1 0.693803 0.052288 0.008403 0.026144
2 0.693277 0.061625 0.016807 0.022409
3 0.849265 0.223156 0.072479 0.065359
3 0.847164 0.203081 0.069328 0.056956
3 0.844013 0.189542 0.073529 0.050420
3 0.726628 0.032680 0.024685 0.037348
0 0.296744 0.231092 0.011555 0.043884
3 0.024947 0.381886 0.049895 0.098973
3 0.716124 0.134921 0.024685 0.047619
3 0.529149 0.204949 0.049895 0.036415
1 0.449317 0.373016 0.018382 0.066293
0 0.721113 0.424370 0.014706 0.049486
0 0.739233 0.418768 0.015231 0.066293
0 0.740284 0.395892 0.012080 0.044818
6 0.718750 0.397759 0.030987 0.085901