3 0.647321 0.644180 0.023810 0.039683
4 0.640253 0.710979 0.024554 0.041005
4 0.853795 0.708995 0.021577 0.026455
4 0.837798 0.675926 0.026786 0.031746
4 0.870908 0.593254 0.018601 0.046296
3 0.889881 0.657407 0.020833 0.047619
3 0.662946 0.832672 0.019345 0.046296
3 0.639881 0.940476 0.014881 0.044974
3 0.123512 0.603836 0.031250 0.035714
3 0.196429 0.490741 0.025298 0.034392
3 0.009673 0.622354 0.019345 0.043651
3 0.853423 0.175265 0.026786 0.035714
5 0.959821 0.114418 0.031250 0.041005
4 0.713914 0.149471 0.024554 0.042328
4 0.739211 0.230159 0.030506 0.029101
3 0.295015 0.232143 0.018601 0.054233
3 0.255952 0.208995 0.016369 0.047619
3 0.249256 0.156746 0.017857 0.051587
3 0.281994 0.151455 0.017857 0.043651
3 0.327753 0.181217 0.020089 0.052910
4 0.270461 0.580688 0.026042 0.037037
3 0.335565 0.515873 0.026786 0.042328
3 0.354539 0.216931 0.012649 0.034392
8 0.743676 0.296958 0.063244 0.030423
3 0.594122 0.170635 0.026042 0.039683
9 0.338914 0.241402 0.009673 0.030423
4 0.113467 0.649471 0.021577 0.034392
3 0.378720 0.392857 0.020833 0.052910
3 0.949777 0.352513 0.027530 0.038360
9 0.059896 0.669312 0.011161 0.018519
3 0.522693 0.921958 0.021577 0.042328
3 0.574033 0.878307 0.023065 0.042328
4 0.571801 0.778439 0.023065 0.041005
4 0.605655 0.796296 0.019345 0.039683
7 0.741443 0.160053 0.014137 0.034392
3 0.035342 0.222222 0.027530 0.034392