3 0.630252 0.016340 0.049370 0.032680
0 0.708508 0.141923 0.012605 0.044818
0 0.768382 0.124650 0.017857 0.055089
9 0.437237 0.258170 0.019433 0.055089
1 0.436712 0.240896 0.015231 0.048553
9 0.418855 0.313259 0.017332 0.056956
1 0.419643 0.298786 0.017857 0.057890
3 0.562500 0.189076 0.038866 0.066293
9 0.618435 0.117647 0.015231 0.042951
1 0.618435 0.104575 0.014181 0.035481
3 0.606880 0.338002 0.055147 0.097106
3 0.663603 0.511671 0.079307 0.138189
2 0.446954 0.072362 0.011555 0.034547
1 0.446691 0.061158 0.009979 0.036415
3 0.446166 0.020075 0.033088 0.040149
3 0.726891 0.773109 0.122899 0.229692
3 0.234506 0.376284 0.121324 0.121382
0 0.315651 0.569561 0.019958 0.067227
0 0.316176 0.543417 0.019958 0.082166
3 0.276523 0.457516 0.023634 0.084034
9 0.329044 0.450047 0.028887 0.085901
0 0.222689 0.498599 0.027311 0.080299
0 0.222426 0.489262 0.025735 0.087768
3 0.561450 0.078898 0.035714 0.062558
0 0.699317 0.393557 0.020483 0.081232
0 0.850578 0.659197 0.025735 0.085901
0 0.868697 0.704949 0.027311 0.095238
0 0.879989 0.682540 0.030987 0.080299
4 0.547269 0.023810 0.027311 0.047619
4 0.388393 0.206349 0.047794 0.115780
3 0.546218 0.823063 0.118697 0.254902
6 0.417805 0.085901 0.022584 0.050420
0 0.374212 0.125117 0.020483 0.054155
3 0.460347 0.566293 0.067752 0.183940
3 0.467437 0.387955 0.053571 0.127918
6 0.695903 0.299720 0.028361 0.069094
3 0.496061 0.228758 0.042542 0.085901
0 0.696166 0.241363 0.012080 0.045752
0 0.711660 0.302988 0.014706 0.064426
9 0.749212 0.337535 0.043592 0.055089
0 0.728729 0.219888 0.015231 0.055089
0 0.954307 0.442577 0.029412 0.085901
0 0.804884 0.413632 0.020483 0.072829
9 0.717174 0.281979 0.038340 0.048553
0 0.730567 0.193744 0.012605 0.055089
0 0.743435 0.194678 0.009979 0.055089
3 0.670693 0.042484 0.064076 0.058824
0 0.682248 0.099907 0.012605 0.048553
0 0.783613 0.304388 0.017857 0.069094
0 0.670168 0.089169 0.012605 0.049486