3 0.141544 0.701681 0.027836 0.043884
3 0.147847 0.679272 0.027836 0.038282
5 0.077206 0.642390 0.053571 0.115780
5 0.113708 0.588702 0.046744 0.088702
1 0.143908 0.596172 0.006303 0.027077
5 0.167017 0.584967 0.046218 0.077498
3 0.227941 0.704949 0.025210 0.048553
5 0.163340 0.609244 0.028361 0.055089
3 0.225578 0.678338 0.024685 0.043884
3 0.224002 0.662465 0.024685 0.043884
3 0.220588 0.642390 0.021008 0.033613
3 0.193540 0.581232 0.015231 0.021475
3 0.219538 0.625117 0.018908 0.027077
5 0.338498 0.617647 0.042542 0.081232
3 0.403887 0.570495 0.015756 0.022409
3 0.650735 0.646592 0.037815 0.036415
3 0.775210 0.705882 0.056723 0.046685
3 0.904149 0.763772 0.070903 0.054155
3 0.465074 0.647059 0.043592 0.042951
3 0.506828 0.680205 0.040966 0.049486
4 0.538603 0.699346 0.040441 0.059757
5 0.616334 0.679272 0.141282 0.127918
3 0.764181 0.633520 0.034664 0.027077
4 0.907563 0.669935 0.053571 0.049486
5 0.965861 0.667134 0.066176 0.071895
3 0.948004 0.641457 0.037815 0.035481
3 0.956408 0.624183 0.030462 0.025210
5 0.952468 0.619514 0.027836 0.027077
5 0.922269 0.612512 0.040966 0.042951
3 0.861082 0.630719 0.034139 0.032680
1 0.566964 0.788982 0.013130 0.059757
0 0.607405 0.787582 0.012080 0.060691
0 0.561975 0.779178 0.012605 0.060691
0 0.610294 0.792250 0.012605 0.066293
0 0.629989 0.739963 0.012080 0.049486
0 0.603466 0.802988 0.014706 0.059757
5 0.874475 0.659197 0.053571 0.044818
3 0.647847 0.634454 0.030987 0.038282
5 0.021796 0.625584 0.043592 0.104575
5 0.074317 0.599907 0.068803 0.114846
3 0.339548 0.578431 0.018382 0.027077