3 0.386292 0.898693 0.078256 0.198880
3 0.520483 0.015873 0.017857 0.029879
3 0.438813 0.521942 0.046744 0.123249
3 0.293855 0.841737 0.088761 0.225023
4 0.029149 0.597106 0.058298 0.116713
0 0.015756 0.870215 0.023109 0.065359
0 0.134716 0.644258 0.015231 0.050420
0 0.134979 0.569561 0.026261 0.069094
1 0.277048 0.397292 0.014181 0.042017
1 0.711397 0.295985 0.014181 0.035481
9 0.711397 0.310458 0.028887 0.032680
0 0.986345 0.239963 0.015756 0.046685
3 0.400735 0.062558 0.032563 0.024276
3 0.405462 0.043884 0.029412 0.024276
3 0.389443 0.411298 0.041492 0.099907
9 0.345588 0.487395 0.013655 0.044818
1 0.346376 0.467320 0.013130 0.045752
9 0.351891 0.381886 0.012605 0.041083
1 0.351366 0.363212 0.011555 0.033613
3 0.097689 0.518207 0.106092 0.095238
3 0.108718 0.377218 0.074580 0.069094
3 0.096376 0.224090 0.041492 0.059757
3 0.113183 0.332866 0.087710 0.073763
3 0.277311 0.215219 0.059874 0.045752
3 0.463235 0.261905 0.033613 0.077498
3 0.354254 0.192344 0.063550 0.056022
3 0.427521 0.151727 0.026261 0.058824
3 0.383141 0.129318 0.037290 0.038282
3 0.829832 0.340336 0.078782 0.068161
5 0.949317 0.334267 0.097164 0.084034
4 0.799107 0.295985 0.067752 0.063492
9 0.709296 0.323996 0.022584 0.029879
1 0.711922 0.310458 0.014181 0.030812
3 0.632616 0.183940 0.060399 0.056022
3 0.619485 0.158730 0.054097 0.044818
3 0.467962 0.170401 0.029412 0.066293
3 0.577994 0.256769 0.054097 0.059757
3 0.519695 0.257236 0.029937 0.055089
3 0.519433 0.188142 0.025210 0.047619
3 0.481880 0.021942 0.019433 0.040149
7 0.443015 0.048553 0.021534 0.039216
9 0.563288 0.171335 0.009979 0.040149
1 0.563813 0.160131 0.009979 0.032680
9 0.427784 0.107843 0.012080 0.034547
9 0.465074 0.033613 0.009979 0.026144
9 0.459034 0.095238 0.007353 0.029879
9 0.401261 0.188142 0.014706 0.034547
9 0.324055 0.360878 0.017857 0.045752
1 0.324317 0.352941 0.015231 0.050420
9 0.209296 0.385154 0.036239 0.034547
1 0.208508 0.368347 0.014706 0.045752
9 0.289391 0.392157 0.030462 0.031746
1 0.284139 0.381886 0.016807 0.046685
9 0.280462 0.414566 0.031513 0.039216
3 0.035714 0.211018 0.035714 0.054155
3 0.015756 0.376284 0.031513 0.069094
3 0.437237 0.027544 0.016282 0.038282