3 0.179622 0.859944 0.154412 0.184874
3 0.387342 0.829132 0.083508 0.244631
3 0.501313 0.711485 0.069853 0.188609
3 0.409926 0.612979 0.061450 0.189542
3 0.505252 0.520542 0.055672 0.146592
3 0.426996 0.426237 0.052521 0.116713
3 0.507353 0.393557 0.043067 0.090570
3 0.450630 0.326331 0.037815 0.075630
4 0.500788 0.301587 0.036239 0.093371
3 0.653099 0.837535 0.086660 0.201681
3 0.664391 0.338936 0.043067 0.067227
4 0.710347 0.296452 0.044643 0.071895
4 0.719013 0.250233 0.070378 0.050420
3 0.729779 0.232493 0.064601 0.050420
3 0.697216 0.205415 0.065651 0.044818
3 0.554622 0.084034 0.022059 0.033613
1 0.914128 0.690943 0.022584 0.093371
2 0.903887 0.702148 0.050420 0.057890
1 0.941702 0.630252 0.021008 0.084034
2 0.938288 0.640523 0.050945 0.048553
1 0.773897 0.651261 0.022584 0.077498
1 0.778361 0.661531 0.021008 0.066293
9 0.769695 0.660598 0.032038 0.083100
1 0.458771 0.227824 0.007878 0.037348
1 0.462447 0.223156 0.005777 0.029879
2 0.457983 0.242297 0.011555 0.036415
1 0.467437 0.149393 0.008403 0.026144
6 0.468487 0.144258 0.014706 0.042017
1 0.493960 0.140056 0.007878 0.026144
9 0.493435 0.152661 0.007878 0.027077
1 0.639706 0.336134 0.015756 0.046685
2 0.637080 0.355742 0.015756 0.046685
1 0.518645 0.035481 0.015231 0.028011
3 0.952468 0.534547 0.092962 0.109244
3 0.479254 0.049486 0.017332 0.028011
9 0.577731 0.079365 0.015756 0.035481
0 0.622111 0.166667 0.011029 0.043884
2 0.590599 0.077031 0.013130 0.040149
0 0.638393 0.147993 0.009979 0.042017
0 0.095326 0.296452 0.025735 0.073763
0 0.702468 0.096639 0.015231 0.032680
0 0.598477 0.118581 0.008929 0.042951
0 0.605305 0.119048 0.007878 0.045752
0 0.464811 0.060691 0.011555 0.037348
0 0.619485 0.135854 0.009979 0.043884
0 0.630252 0.165733 0.011555 0.053221
3 0.408351 0.120448 0.051996 0.039216
3 0.424895 0.075163 0.049370 0.036415
4 0.451155 0.045285 0.022059 0.053221
3 0.674895 0.193277 0.060924 0.048553
3 0.661239 0.164799 0.049370 0.045752
3 0.652311 0.108777 0.048319 0.036415
3 0.640756 0.097106 0.050420 0.033613
3 0.603466 0.014006 0.032563 0.022409
3 0.619223 0.048086 0.033613 0.027077
3 0.634454 0.061625 0.035714 0.031746