3 0.032563 0.287115 0.063025 0.071895
9 0.201418 0.316060 0.008929 0.047619
9 0.215074 0.316060 0.009979 0.043884
9 0.230305 0.314192 0.009979 0.042017
3 0.264443 0.267040 0.044643 0.067227
3 0.325893 0.252568 0.051996 0.070028
4 0.956145 0.426237 0.085609 0.098039
0 0.938288 0.485061 0.015231 0.055089
3 0.361607 0.830065 0.105567 0.216620
0 0.021008 0.315593 0.017857 0.067227
0 0.927258 0.456116 0.013130 0.056956
9 0.682511 0.201214 0.013130 0.036415
0 0.722952 0.133053 0.009979 0.049486
0 0.570641 0.048086 0.007878 0.040149
3 0.808561 0.391690 0.099265 0.092437
3 0.506565 0.816993 0.073004 0.216620
0 0.219538 0.737628 0.018908 0.098973
0 0.211134 0.792717 0.021008 0.085901
9 0.224527 0.562558 0.035189 0.042017
1 0.217700 0.537348 0.012080 0.056956
9 0.741334 0.453315 0.041492 0.045752
1 0.750788 0.446779 0.016282 0.055089
9 0.703519 0.387955 0.032038 0.040149
1 0.707195 0.399160 0.016282 0.055089
7 0.887342 0.500000 0.074055 0.055089
1 0.886817 0.487862 0.024685 0.049486
6 0.111082 0.516807 0.044643 0.045752
1 0.114233 0.501867 0.013130 0.045752
2 0.670693 0.345938 0.029412 0.053221
9 0.819590 0.922969 0.049895 0.062558
1 0.826418 0.895892 0.026786 0.092437
9 0.703519 0.318861 0.027836 0.030812
0 0.705620 0.302988 0.013130 0.045752
2 0.804884 0.359010 0.033088 0.030812
1 0.686187 0.181606 0.009979 0.049486
3 0.696166 0.057423 0.022584 0.043884
3 0.644170 0.094771 0.024685 0.047619
3 0.658876 0.030812 0.022584 0.033613
3 0.704569 0.144258 0.025735 0.068161
3 0.016544 0.428105 0.033088 0.090570