5 0.688281 0.808796 0.041146 0.067593
7 0.255729 0.945370 0.030208 0.057407
7 0.270573 0.912500 0.027604 0.054630
6 0.294531 0.897222 0.028646 0.055556
7 0.257552 0.879630 0.020313 0.051852
3 0.306771 0.817130 0.027083 0.063889
3 0.316667 0.781481 0.021875 0.042593
6 0.336198 0.794907 0.018229 0.043519
3 0.498177 0.660185 0.021354 0.042593
4 0.548698 0.775926 0.024479 0.059259
4 0.540625 0.711111 0.026042 0.064815
3 0.637500 0.639815 0.020833 0.042593
3 0.498437 0.546759 0.017708 0.034259
3 0.352865 0.709259 0.028646 0.048148
5 0.365885 0.664815 0.028646 0.053704
6 0.379948 0.713426 0.018229 0.049074
4 0.387240 0.604167 0.025521 0.047222
8 0.398958 0.571759 0.023958 0.058333
4 0.466927 0.533796 0.011979 0.030556
3 0.465365 0.506944 0.014063 0.025000
3 0.593229 0.619907 0.018750 0.039815
3 0.573177 0.537963 0.025521 0.025926
3 0.334896 0.555556 0.033333 0.027778
6 0.028906 0.963889 0.053646 0.057407
6 0.098177 0.971759 0.052604 0.039815
6 0.143490 0.972222 0.047396 0.040741
6 0.113281 0.947222 0.051562 0.042593
6 0.275000 0.644907 0.017708 0.028704
6 0.235417 0.729167 0.017708 0.036111
3 0.440885 0.654630 0.019271 0.042593
0 0.484896 0.545833 0.007292 0.026852
0 0.622396 0.642593 0.009375 0.027778
9 0.668750 0.717130 0.022917 0.025000
8 0.505469 0.482407 0.014063 0.038889
3 0.521615 0.532407 0.014063 0.025926
3 0.523958 0.562963 0.014583 0.027778
3 0.356250 0.534722 0.019792 0.030556
3 0.582292 0.472222 0.020833 0.022222
3 0.580208 0.462500 0.019792 0.021296
3 0.378125 0.631481 0.022917 0.044444
3 0.420833 0.721296 0.023958 0.040741