1 0.423845 0.977124 0.017857 0.040149
3 0.419118 0.968721 0.055672 0.056956
0 0.242384 0.752568 0.026786 0.078431
0 0.216912 0.731559 0.018908 0.073763
0 0.321691 0.968721 0.023634 0.056956
9 0.279937 0.946779 0.058824 0.050420
0 0.424632 0.212418 0.014181 0.053221
0 0.422269 0.158263 0.011555 0.034547
0 0.411765 0.147059 0.012605 0.051354
3 0.656513 0.447712 0.095588 0.096172
1 0.768645 0.290850 0.026786 0.058824
6 0.782563 0.308590 0.089286 0.062558
9 0.828256 0.243697 0.039916 0.037348
1 0.831145 0.229225 0.015231 0.043884
9 0.102153 0.106443 0.013130 0.048553
1 0.100053 0.096172 0.013130 0.042951
5 0.864233 0.122316 0.266282 0.138189
0 0.486345 0.088702 0.009454 0.037348
0 0.477416 0.077965 0.012605 0.045752
0 0.293330 0.961718 0.018382 0.072829
6 0.231618 0.449580 0.120798 0.101774
3 0.819853 0.594304 0.141807 0.127918
4 0.609244 0.321662 0.096639 0.096172
3 0.470326 0.136788 0.080357 0.079365
6 0.770746 0.959384 0.127626 0.075630
3 0.309874 0.839869 0.162815 0.144725
0 0.528624 0.959384 0.017332 0.068161
0 0.564863 0.964986 0.017332 0.064426
0 0.546744 0.942110 0.021008 0.072829
9 0.376313 0.132586 0.026786 0.033613
1 0.376313 0.117647 0.016282 0.044818
0 0.506565 0.229225 0.018382 0.070028
0 0.469275 0.822129 0.019433 0.086835
0 0.323792 0.624650 0.016282 0.076564
0 0.340336 0.628852 0.016807 0.070028
0 0.331408 0.576097 0.022059 0.072829
0 0.310924 0.590103 0.015756 0.067227
3 0.592437 0.188142 0.086134 0.075630