3 0.577468 0.706816 0.040441 0.078431
3 0.557511 0.598973 0.028887 0.056956
4 0.549632 0.499066 0.022584 0.051354
3 0.525473 0.413632 0.019433 0.029879
5 0.505777 0.326331 0.013655 0.025210
3 0.620798 0.614379 0.040966 0.050420
3 0.221639 0.537815 0.065126 0.042951
3 0.530462 0.344071 0.013655 0.021475
3 0.365284 0.542951 0.050945 0.043884
3 0.509454 0.306256 0.013655 0.020542
3 0.431460 0.430906 0.022584 0.038282
3 0.478729 0.526144 0.027836 0.056956
3 0.469538 0.464052 0.023109 0.041083
3 0.482931 0.423903 0.018382 0.033613
3 0.473214 0.359477 0.015756 0.028011
3 0.464548 0.381419 0.015231 0.030812
4 0.458246 0.400093 0.016282 0.040149
4 0.442489 0.358077 0.017332 0.030812
3 0.916754 0.916900 0.088761 0.123249
0 0.629989 0.614846 0.014181 0.040149
3 0.197479 0.561158 0.052521 0.056022
3 0.271271 0.499533 0.054097 0.046685
4 0.328782 0.381886 0.040966 0.033613
3 0.370798 0.448646 0.027311 0.036415
0 0.170956 0.903361 0.009979 0.058824
9 0.371586 0.709150 0.019433 0.042017
0 0.746586 0.638189 0.017332 0.040149
9 0.505515 0.542951 0.016282 0.034547
0 0.383666 0.674603 0.016282 0.053221
0 0.374212 0.643791 0.012080 0.045752
6 0.803309 0.665733 0.047794 0.052288
9 0.566439 0.424370 0.013130 0.047619
3 0.062500 0.792250 0.094538 0.081232
3 0.034401 0.968721 0.068803 0.058824
6 0.061187 0.883754 0.035189 0.060691
9 0.434086 0.528945 0.012080 0.043884
0 0.231880 0.475724 0.012080 0.028945
4 0.596376 0.478525 0.024685 0.055089
0 0.787027 0.638189 0.011029 0.042017
0 0.635242 0.581232 0.015231 0.045752
0 0.711660 0.532680 0.016807 0.042017
5 0.652574 0.516807 0.020483 0.073763
6 0.375788 0.509337 0.040441 0.043884
3 0.939338 0.798786 0.079307 0.066293
3 0.894170 0.723156 0.069853 0.064426
0 0.521534 0.532213 0.012605 0.042951
0 0.528099 0.520075 0.011029 0.050420
3 0.325368 0.350607 0.016282 0.036415
3 0.514443 0.250700 0.014181 0.027077
9 0.544118 0.320261 0.007353 0.022409
9 0.509191 0.271242 0.007878 0.021475
3 0.293855 0.428105 0.056197 0.032680