0 0.676996 0.360878 0.010504 0.047619
2 0.891282 0.354342 0.018908 0.042017
1 0.891544 0.343137 0.012080 0.038282
2 0.896271 0.397292 0.029937 0.036415
4 0.772321 0.627451 0.130777 0.126984
3 0.203782 0.319328 0.080882 0.061625
0 0.533876 0.373016 0.012080 0.055089
6 0.265494 0.287582 0.033088 0.050420
9 0.368435 0.322596 0.015231 0.038282
9 0.378676 0.323996 0.015756 0.044818
9 0.393382 0.329599 0.013655 0.044818
3 0.425945 0.329599 0.039916 0.065359
3 0.489233 0.312792 0.045693 0.067227
3 0.409664 0.546218 0.117647 0.100840
4 0.750788 0.247899 0.033088 0.070028
9 0.705095 0.176937 0.020483 0.021475
3 0.794380 0.354342 0.045693 0.073763
9 0.903361 0.389823 0.012605 0.053221
3 0.977679 0.524743 0.041492 0.084034
0 0.699055 0.367414 0.012605 0.053221
2 0.905725 0.417834 0.029937 0.036415
1 0.913078 0.410364 0.014181 0.053221
0 0.926471 0.440710 0.012605 0.057890
3 0.058561 0.277311 0.070903 0.056022
3 0.605042 0.524276 0.118697 0.092437
2 0.851103 0.270775 0.014181 0.041083
1 0.853466 0.264239 0.010504 0.044818
2 0.865284 0.366480 0.012080 0.051354
1 0.865284 0.354809 0.012080 0.044818
1 0.788078 0.236228 0.009979 0.037348
3 0.794380 0.132120 0.022584 0.043884
9 0.012605 0.818394 0.025210 0.045752
3 0.897847 0.045285 0.019433 0.032680
3 0.814863 0.087302 0.021534 0.040149
9 0.718750 0.159197 0.017332 0.021475
3 0.857405 0.079832 0.021534 0.040149
9 0.788603 0.241363 0.011029 0.042017
4 0.897847 0.241363 0.029937 0.062558
3 0.819590 0.049020 0.022584 0.030812