3 0.584296 0.355275 0.084559 0.077498
9 0.346901 0.567227 0.036239 0.098039
9 0.029149 0.755836 0.043592 0.068161
0 0.128414 0.519608 0.009979 0.062558
9 0.007090 0.539216 0.014181 0.049486
0 0.382090 0.627918 0.014181 0.075630
0 0.111607 0.500000 0.007878 0.056956
0 0.143645 0.497199 0.009979 0.030812
0 0.059611 0.427171 0.013130 0.051354
0 0.070641 0.429038 0.016282 0.058824
0 0.006040 0.370215 0.012080 0.049486
9 0.311187 0.446779 0.027836 0.032680
0 0.309611 0.426704 0.012080 0.048553
0 0.242910 0.470121 0.012080 0.045752
9 0.248162 0.432773 0.012080 0.040149
1 0.293330 0.445845 0.008929 0.036415
0 0.414653 0.587768 0.012080 0.043884
4 0.579569 0.712885 0.098214 0.183940
3 0.647847 0.847339 0.109769 0.210084
3 0.860032 0.149860 0.034139 0.049486
0 0.323792 0.403361 0.015231 0.056022
0 0.374212 0.447246 0.012080 0.046685
0 0.318540 0.406629 0.012080 0.049486
2 0.326155 0.450980 0.035714 0.074697
9 0.406775 0.476190 0.024685 0.069094
0 0.470063 0.345938 0.018908 0.060691
9 0.450630 0.520542 0.034664 0.066293
0 0.311187 0.549486 0.016282 0.071895
0 0.293855 0.556956 0.012080 0.068161
3 0.735557 0.284314 0.064601 0.077498
0 0.391544 0.606443 0.014181 0.070028
0 0.294905 0.533613 0.011029 0.070028
3 0.775998 0.248833 0.047794 0.064426
0 0.318015 0.532213 0.015231 0.069094
3 0.831145 0.473856 0.077206 0.112979
0 0.231355 0.739029 0.022584 0.049486
3 0.696166 0.544818 0.086660 0.118581
3 0.762342 0.427171 0.066702 0.090570
0 0.121061 0.485994 0.008929 0.047619
3 0.898372 0.358077 0.054097 0.077498
0 0.113183 0.524276 0.011029 0.060691
3 0.444590 0.629785 0.097164 0.159664
0 0.571166 0.416433 0.024685 0.074697
9 0.257090 0.447712 0.013130 0.043884
0 0.120011 0.504669 0.007878 0.040149
3 0.561712 0.513072 0.086660 0.111111
9 0.470326 0.480392 0.046744 0.055089
3 0.831145 0.330999 0.064601 0.109244
9 0.451418 0.409430 0.027836 0.060691
9 0.555147 0.398226 0.038866 0.055089
3 0.693540 0.347806 0.062500 0.081232
3 0.877889 0.267507 0.044643 0.068161
3 0.918855 0.204949 0.045693 0.053221
2 0.294643 0.614379 0.036765 0.069094