3 0.443824 0.345899 0.024554 0.059524
3 0.212426 0.642857 0.064732 0.063492
3 0.495908 0.500000 0.031994 0.071429
3 0.553199 0.439815 0.027530 0.059524
3 0.543155 0.146825 0.013393 0.029101
3 0.483631 0.208995 0.019345 0.029101
3 0.586682 0.228836 0.017113 0.026455
3 0.571057 0.283069 0.020089 0.039683
3 0.511161 0.353175 0.025298 0.052910
3 0.540179 0.281746 0.019345 0.039683
3 0.165179 0.918651 0.081845 0.154762
6 0.913318 0.922619 0.070685 0.141534
3 0.637649 0.546958 0.034226 0.067460
3 0.268229 0.635582 0.055804 0.109788