2 0.747111 0.442110 0.029937 0.034547
1 0.749737 0.436508 0.015231 0.049486
0 0.606092 0.197012 0.009454 0.029879
0 0.585609 0.080299 0.008403 0.029879
3 0.576155 0.498599 0.039916 0.087768
0 0.703782 0.227824 0.011555 0.041083
3 0.966649 0.454715 0.065651 0.067227
3 0.669380 0.292250 0.036239 0.056022
1 0.522321 0.051821 0.007878 0.025210
3 0.655200 0.257236 0.029937 0.043884
0 0.820641 0.476657 0.015231 0.051354
0 0.795956 0.482726 0.011029 0.048553
4 0.485032 0.643324 0.070903 0.156863
3 0.540441 0.302988 0.031513 0.064426
3 0.508403 0.256769 0.029412 0.052288
3 0.631565 0.190943 0.026786 0.038282
3 0.597689 0.123249 0.019958 0.033613
3 0.288603 0.245565 0.036239 0.048553
3 0.333508 0.148926 0.024160 0.038282
3 0.360294 0.087768 0.018908 0.033613
3 0.367910 0.077965 0.013130 0.028945
3 0.375263 0.066760 0.015231 0.025210
3 0.391019 0.077498 0.013130 0.024276
3 0.405987 0.652661 0.067227 0.179272
3 0.363445 0.496265 0.048319 0.112979
3 0.366334 0.349206 0.038340 0.069094
3 0.597164 0.688609 0.056723 0.120448
3 0.448792 0.249300 0.025735 0.046685
3 0.455357 0.196078 0.022059 0.046685
3 0.429097 0.129318 0.019958 0.036415
3 0.408351 0.147993 0.021534 0.036415
3 0.498687 0.048553 0.014181 0.026144
3 0.506303 0.096172 0.018908 0.033613
0 0.863708 0.490196 0.013130 0.050420
3 0.641807 0.222222 0.027311 0.037348
3 0.397847 0.025677 0.013130 0.023343
3 0.454569 0.356209 0.043592 0.088702
3 0.399422 0.275910 0.027836 0.055089
3 0.417279 0.220355 0.023634 0.048553
3 0.490809 0.029879 0.015231 0.026144
3 0.456408 0.158263 0.019958 0.034547
3 0.427784 0.174603 0.019433 0.033613
3 0.466649 0.065826 0.014181 0.025210
4 0.438813 0.056956 0.017332 0.037348
0 0.049107 0.396825 0.015231 0.056022
9 0.529674 0.192810 0.013130 0.042017
9 0.540179 0.181139 0.011029 0.041083
1 0.528624 0.194211 0.013130 0.044818
3 0.471376 0.023343 0.014181 0.026144
1 0.540704 0.183940 0.013130 0.037348