9 0.573289 0.619048 0.032738 0.044974
9 0.704241 0.491733 0.022321 0.062831
6 0.575149 0.307540 0.012649 0.029101
6 0.595610 0.402447 0.029762 0.042989
6 0.635603 0.340939 0.027902 0.048280
9 0.702195 0.284061 0.011533 0.029762
0 0.542039 0.305225 0.007440 0.029762
9 0.066034 0.662037 0.034598 0.034392
3 0.062500 0.645172 0.031250 0.036376
3 0.065104 0.625000 0.036458 0.034392
9 0.753534 0.223876 0.012277 0.027116
6 0.776228 0.209987 0.018973 0.029762
3 0.100074 0.883598 0.101190 0.107143
3 0.621652 0.739418 0.081845 0.091270
3 0.259673 0.879299 0.106399 0.110450
3 0.818080 0.305556 0.033482 0.050265
6 0.531994 0.739418 0.042411 0.054233
9 0.228423 0.391865 0.016369 0.032407
9 0.141741 0.361111 0.021577 0.033069
9 0.486049 0.550265 0.025670 0.038360
0 0.928385 0.438492 0.012277 0.043651
9 0.836868 0.374008 0.011533 0.041667
9 0.622396 0.787698 0.034226 0.054233
9 0.454055 0.499339 0.024182 0.043651
2 0.275112 0.692791 0.027158 0.048280
9 0.517113 0.758598 0.025298 0.038360
6 0.425781 0.685516 0.071801 0.073413
6 0.229539 0.643519 0.025298 0.066138
9 0.442336 0.787368 0.037202 0.048280
9 0.494606 0.789352 0.031622 0.035053
9 0.833147 0.351521 0.012277 0.036376
9 0.263021 0.400463 0.027530 0.035053
9 0.458891 0.547288 0.020461 0.046958
2 0.444196 0.958003 0.026786 0.061508
9 0.675037 0.305225 0.012277 0.035053
1 0.230469 0.389881 0.008557 0.046958
1 0.529762 0.544974 0.011905 0.048942
1 0.494420 0.498677 0.016369 0.044974
1 0.476749 0.330026 0.032366 0.039683
0 0.548363 0.334656 0.006696 0.027778
9 0.539807 0.364087 0.010417 0.037698
0 0.625744 0.260582 0.006696 0.034392
9 0.569196 0.414352 0.015625 0.042989
9 0.518043 0.747685 0.012277 0.040344
6 0.101749 0.327712 0.022693 0.025794
0 0.132254 0.478505 0.011533 0.040344
9 0.207775 0.629960 0.026414 0.036376
9 0.197173 0.758929 0.022321 0.046958
4 0.432664 0.620370 0.069196 0.091270
3 0.351190 0.581349 0.060268 0.075397
3 0.294085 0.489749 0.055432 0.057540
3 0.214100 0.447751 0.056920 0.054233
3 0.252046 0.509259 0.053943 0.076720
3 0.167039 0.743717 0.043155 0.085317
0 0.121652 0.754630 0.015625 0.050265
0 0.819010 0.690476 0.012277 0.038360
0 0.809710 0.693122 0.014509 0.044974
0 0.861049 0.649802 0.010789 0.045635
0 0.845238 0.652447 0.011905 0.053571
0 0.269903 0.908730 0.017485 0.055556
0 0.285528 0.902116 0.016741 0.055556
0 0.361793 0.552249 0.012277 0.039683
0 0.351376 0.551918 0.009301 0.041667
5 0.639881 0.385251 0.048363 0.083995
3 0.675781 0.359458 0.032366 0.053571
3 0.701451 0.322421 0.035342 0.050926
3 0.731585 0.290013 0.031622 0.045635
3 0.755394 0.265873 0.035342 0.043651
3 0.778646 0.236442 0.031250 0.037698
3 0.803013 0.210648 0.029390 0.042989
3 0.820871 0.182870 0.029390 0.041667
5 0.857515 0.131614 0.033482 0.059524
3 0.851935 0.185516 0.024554 0.042989
3 0.880022 0.150463 0.021205 0.035053
3 0.594308 0.321098 0.039062 0.045635
3 0.111979 0.306878 0.046131 0.043651
7 0.206101 0.351190 0.033482 0.043651
7 0.299107 0.383267 0.036458 0.052249
6 0.284226 0.556217 0.028274 0.055556
6 0.683408 0.686839 0.046131 0.073413
0 0.293341 0.663360 0.015253 0.048942
9 0.177641 0.526786 0.019717 0.041667
9 0.460565 0.547288 0.015625 0.040344
9 0.491071 0.506944 0.019345 0.045635
9 0.525298 0.548280 0.018601 0.044974
7 0.550967 0.441468 0.031250 0.068122
7 0.565848 0.445106 0.021577 0.050265
2 0.674851 0.444444 0.016369 0.027778
9 0.492560 0.975860 0.034226 0.045635
9 0.550781 0.916005 0.023438 0.059524
9 0.580915 0.939484 0.022693 0.054894
0 0.575707 0.919312 0.015997 0.050265
0 0.461124 0.428241 0.006324 0.039021
9 0.817150 0.247024 0.007812 0.028439
6 0.027716 0.752976 0.055432 0.089286
0 0.418155 0.388228 0.010417 0.039683
9 0.251674 0.692791 0.034598 0.052249
9 0.237537 0.362765 0.015253 0.033730