3 0.479254 0.298319 0.023634 0.036415
2 0.715861 0.660131 0.014706 0.061625
1 0.715336 0.639122 0.015756 0.043884
9 0.650473 0.492530 0.012080 0.038282
1 0.650998 0.481326 0.012080 0.032680
1 0.629727 0.428105 0.009454 0.043884
3 0.910452 0.929505 0.121324 0.139122
3 0.831933 0.786648 0.085084 0.120448
3 0.773897 0.665266 0.078256 0.105509
9 0.804884 0.704949 0.046744 0.054155
9 0.859506 0.688609 0.042542 0.055089
3 0.602941 0.637722 0.052521 0.091503
4 0.735819 0.557423 0.050420 0.098973
4 0.685399 0.478992 0.040966 0.070962
4 0.667017 0.415500 0.027311 0.052288
3 0.643908 0.397292 0.028361 0.043884
3 0.081145 0.545752 0.091912 0.073763
9 0.528099 0.331933 0.008929 0.021475
3 0.186975 0.496732 0.048319 0.069094
3 0.273372 0.373950 0.035189 0.049486
3 0.545956 0.407096 0.033088 0.054155
3 0.536239 0.357143 0.025210 0.042017
4 0.626838 0.357610 0.026786 0.050420
3 0.532038 0.304388 0.019958 0.035481
3 0.273897 0.351541 0.055147 0.042017
3 0.296744 0.338002 0.026261 0.041083
3 0.619223 0.310924 0.047269 0.031746
6 0.562237 0.748366 0.030987 0.081232
1 0.560137 0.714286 0.020483 0.042951
9 0.373162 0.294585 0.015231 0.021475
9 0.398109 0.436508 0.015756 0.040149
7 0.430672 0.270775 0.014706 0.033613
3 0.413866 0.255369 0.017857 0.027077
3 0.521534 0.249300 0.017857 0.029879