3 0.350632 0.464286 0.033110 0.026455
3 0.555990 0.509590 0.038318 0.029762
0 0.582217 0.623347 0.010417 0.040344
3 0.035528 0.923280 0.071057 0.115079
0 0.070871 0.881283 0.013021 0.042989
0 0.046689 0.763889 0.012277 0.046296
0 0.050223 0.717593 0.009673 0.046296
2 0.023251 0.681548 0.013765 0.033730
1 0.152158 0.654762 0.010417 0.037037
2 0.152530 0.664683 0.008185 0.031746
1 0.203311 0.690146 0.012277 0.035053
9 0.201823 0.701389 0.012277 0.033730
0 0.220982 0.642526 0.005952 0.039021
1 0.262463 0.668651 0.009301 0.033069
2 0.262463 0.679894 0.012277 0.030423
1 0.227307 0.680556 0.008929 0.033069
9 0.228237 0.692130 0.013021 0.031085
3 0.244234 0.546958 0.055432 0.038360
3 0.215774 0.535384 0.050595 0.033730
3 0.272321 0.515212 0.042411 0.027778
3 0.126674 0.518849 0.047991 0.029762
3 0.115513 0.506614 0.042783 0.022487
0 0.251674 0.599206 0.007068 0.035714
1 0.250930 0.589286 0.008557 0.031746
2 0.252976 0.600860 0.021577 0.020503
1 0.227307 0.577050 0.008929 0.031085
2 0.230097 0.583333 0.017485 0.022487
1 0.171131 0.577712 0.009673 0.027116
2 0.172805 0.585648 0.020461 0.021825
1 0.308222 0.579034 0.008557 0.025794
9 0.309896 0.588294 0.020089 0.017857
0 0.395647 0.604167 0.010045 0.037698
3 0.185826 0.515873 0.046503 0.022487
3 0.180618 0.503307 0.045015 0.022487
3 0.065476 0.570106 0.061012 0.035714
3 0.091890 0.550926 0.053571 0.035714
3 0.048735 0.541667 0.049107 0.035714
3 0.039621 0.458995 0.033110 0.026455
0 0.019345 0.464286 0.008185 0.023810
1 0.390811 0.585648 0.007812 0.025794
3 0.394345 0.595569 0.017857 0.017857
3 0.303571 0.466931 0.035714 0.025132
8 0.328869 0.433201 0.095238 0.063492
3 0.424293 0.453704 0.036830 0.021164
3 0.469308 0.444444 0.029390 0.023810
3 0.445871 0.437831 0.030878 0.019841
3 0.600818 0.418981 0.031994 0.019180
0 0.316034 0.436177 0.004092 0.021825
1 0.287760 0.476521 0.007812 0.024471
2 0.287016 0.482804 0.015253 0.013228
0 0.538690 0.640212 0.007440 0.038360
0 0.528646 0.620370 0.007440 0.038360
0 0.558780 0.605820 0.005952 0.033069
0 0.559338 0.608796 0.006324 0.035053
0 0.549851 0.594907 0.006696 0.035053
0 0.562500 0.592923 0.007440 0.036376
0 0.708333 0.452050 0.005952 0.024471
1 0.723400 0.502315 0.007812 0.021825
9 0.723028 0.512235 0.010789 0.019180
0 0.428199 0.623677 0.006696 0.035714
0 0.440662 0.600860 0.007068 0.032407
0 0.445685 0.618717 0.010417 0.037698
1 0.405320 0.607143 0.007068 0.031746
2 0.403832 0.616733 0.021205 0.019180
0 0.468564 0.616071 0.007068 0.032407
1 0.452195 0.548280 0.007068 0.026455
3 0.725446 0.439484 0.031250 0.016534
3 0.757440 0.423280 0.029018 0.019841
3 0.784412 0.432870 0.032366 0.025794
3 0.808966 0.419974 0.028646 0.018519
3 0.782552 0.416005 0.027158 0.018519
3 0.597098 0.471230 0.037202 0.027116
8 0.484003 0.501323 0.093750 0.067460
4 0.542411 0.488095 0.038690 0.035714
1 0.537760 0.563823 0.005580 0.025794
2 0.539621 0.572090 0.014509 0.019841
1 0.490885 0.547619 0.007068 0.025132
2 0.491815 0.556548 0.018601 0.024471
1 0.466518 0.540344 0.006696 0.030423
2 0.469866 0.547619 0.018601 0.017196
1 0.545573 0.519511 0.007812 0.023148
2 0.546689 0.532077 0.015253 0.019180
1 0.545759 0.539683 0.007440 0.025132
2 0.545759 0.544974 0.014137 0.019841
1 0.607329 0.530093 0.007068 0.024471
9 0.608259 0.537368 0.017113 0.017857
1 0.512649 0.538360 0.006696 0.023810
9 0.514323 0.544312 0.017485 0.023810
2 0.364025 0.580357 0.022693 0.023148
1 0.362909 0.572421 0.010789 0.033730
0 0.603609 0.744378 0.013765 0.037698
3 0.456473 0.967593 0.047619 0.062169
3 0.386905 0.910714 0.043899 0.091270
3 0.451451 0.858466 0.038318 0.083333
3 0.499070 0.739087 0.033854 0.066799
3 0.449777 0.776786 0.031250 0.064153
3 0.398065 0.792989 0.031250 0.070106
3 0.452009 0.711640 0.027530 0.055556
4 0.498512 0.620040 0.031250 0.057540
3 0.401600 0.719577 0.030878 0.058201
3 0.955915 0.900794 0.087426 0.071429
0 0.977121 0.957341 0.016741 0.068122
3 0.908854 0.816799 0.090774 0.072751
3 0.731399 0.874008 0.086310 0.065476
3 0.696243 0.800926 0.088170 0.062169
0 0.641555 0.783399 0.012277 0.053571
3 0.684896 0.764220 0.075893 0.046958
3 0.665737 0.711310 0.068824 0.050926
3 0.648810 0.687500 0.061756 0.041667
3 0.639695 0.663360 0.058408 0.033069
0 0.803571 0.880622 0.014881 0.056217
9 0.809896 0.892196 0.020833 0.042328
3 0.817150 0.682540 0.074033 0.046296
3 0.800967 0.657738 0.065476 0.044312
0 0.885975 0.706349 0.009301 0.044974
0 0.893043 0.707011 0.007812 0.043651
0 0.872210 0.679233 0.009301 0.043651
0 0.864025 0.679563 0.008557 0.037698
0 0.703311 0.604828 0.007068 0.039021
0 0.821987 0.623347 0.007068 0.036376
0 0.808222 0.626323 0.008557 0.039683
0 0.812314 0.618056 0.006324 0.036376
0 0.587984 0.686839 0.006324 0.035053
4 0.606957 0.583995 0.051711 0.043651
3 0.651786 0.564815 0.040179 0.039683
3 0.676153 0.560185 0.036830 0.039683
3 0.704055 0.550926 0.035342 0.038360
3 0.726935 0.546627 0.033482 0.041667
3 0.748698 0.543320 0.034598 0.039021
3 0.773996 0.540675 0.039807 0.042989
4 0.795201 0.537368 0.036086 0.044312
0 0.792039 0.573413 0.007440 0.034392
0 0.799479 0.571759 0.005952 0.037698
0 0.823661 0.555886 0.006696 0.035053
3 0.385045 0.501653 0.045387 0.028439
3 0.421875 0.510251 0.045387 0.029762
3 0.767857 0.497354 0.032738 0.027778
3 0.682850 0.528439 0.038318 0.026455
3 0.593936 0.449405 0.035342 0.024471
3 0.606213 0.437169 0.030878 0.023810
3 0.576823 0.432870 0.032366 0.023148
3 0.651600 0.419643 0.025670 0.016534
3 0.719680 0.421296 0.029390 0.022487
3 0.712054 0.432540 0.030506 0.019841
3 0.769717 0.440807 0.029018 0.016534
0 0.820685 0.545635 0.005952 0.034392
0 0.828311 0.544643 0.008557 0.029762
0 0.838356 0.541667 0.008557 0.030423
0 0.844308 0.541005 0.005580 0.031746
0 0.821801 0.516534 0.005208 0.025132
3 0.700335 0.474206 0.036830 0.025132
8 0.668155 0.498677 0.084821 0.071429
3 0.606957 0.508929 0.033854 0.036376
3 0.253720 0.476190 0.038690 0.029101