3 0.442279 0.539869 0.027206 0.060131
3 0.488235 0.525490 0.023529 0.049673
3 0.523162 0.491503 0.022794 0.041830
3 0.888235 0.939216 0.067647 0.111111
3 0.788235 0.719608 0.050000 0.074510
3 0.099265 0.804575 0.080882 0.129412
3 0.238971 0.665359 0.070588 0.062745
3 0.045956 0.790850 0.080147 0.109804
3 0.026471 0.869281 0.052941 0.088889
3 0.260294 0.641830 0.070588 0.057516
3 0.291912 0.536601 0.055882 0.045752
4 0.499632 0.432026 0.019853 0.040523
3 0.475000 0.391503 0.016176 0.032680
3 0.500368 0.378431 0.013971 0.027451
3 0.225368 0.503268 0.030147 0.044444
3 0.710662 0.472549 0.043382 0.032680
3 0.303676 0.521569 0.052941 0.036601
0 0.815809 0.827451 0.016912 0.060131
4 0.316912 0.483007 0.047059 0.040523
1 0.713235 0.594771 0.010294 0.031373
3 0.811397 0.586928 0.055147 0.047059
1 0.237500 0.906536 0.023529 0.058824
1 0.270221 0.886928 0.019853 0.061438
4 0.506985 0.330065 0.012500 0.024837
4 0.369118 0.339216 0.026471 0.027451
3 0.749265 0.500000 0.047059 0.037908
3 0.353309 0.451634 0.038971 0.037908
9 0.237868 0.918954 0.019853 0.049673
9 0.266544 0.905882 0.033088 0.044444
3 0.422059 0.336601 0.029412 0.019608
0 0.346691 0.456863 0.011029 0.032680
0 0.329412 0.452941 0.008824 0.032680
1 0.264338 0.434641 0.009559 0.022222
9 0.462132 0.347712 0.011029 0.015686
0 0.663235 0.413072 0.007353 0.023529
3 0.648162 0.321569 0.018382 0.023529
3 0.332353 0.330719 0.029412 0.020915
3 0.367647 0.333333 0.027941 0.023529
3 0.451838 0.301307 0.013971 0.024837
3 0.471324 0.296078 0.014706 0.024837
3 0.588603 0.298039 0.016912 0.026144
3 0.673897 0.338562 0.018382 0.020915
3 0.366544 0.442484 0.031618 0.027451
3 0.362500 0.429412 0.035294 0.022222
3 0.368015 0.420915 0.036029 0.023529
3 0.364338 0.411111 0.033088 0.030065
3 0.384926 0.407843 0.024265 0.026144
3 0.377206 0.392810 0.036765 0.024837
3 0.401838 0.394118 0.024265 0.019608
3 0.400000 0.383660 0.023529 0.019608
3 0.390809 0.376471 0.027206 0.023529
3 0.393015 0.367320 0.024265 0.020915
3 0.400000 0.363399 0.023529 0.020915
3 0.408088 0.360784 0.026471 0.018301
3 0.409559 0.356863 0.022059 0.015686
3 0.323162 0.377778 0.024265 0.028758
3 0.308824 0.373203 0.016176 0.022222
3 0.354044 0.354248 0.016912 0.020915
3 0.340809 0.350980 0.013971 0.027451
3 0.322794 0.350980 0.013235 0.022222
3 0.305882 0.350327 0.016176 0.026144
3 0.371691 0.347059 0.024265 0.024837
3 0.303309 0.328758 0.016912 0.022222
3 0.694118 0.422876 0.032353 0.032680
3 0.610662 0.310458 0.015441 0.019608
3 0.653309 0.339869 0.013971 0.020915
3 0.598529 0.279085 0.008824 0.022222
0 0.420221 0.430065 0.008088 0.026144
0 0.313603 0.410458 0.011029 0.028758
0 0.576838 0.323529 0.011029 0.030065
0 0.638603 0.339216 0.011029 0.035294
3 0.326471 0.498039 0.051471 0.039216
3 0.557721 0.315033 0.011029 0.018301
3 0.026103 0.867974 0.052206 0.099346
2 0.712868 0.600654 0.012500 0.035294
0 0.862132 0.939216 0.013971 0.056209