5 0.118382 0.552288 0.063235 0.105882
3 0.856618 0.871895 0.092647 0.141176
3 0.193015 0.772549 0.097794 0.141176
3 0.085662 0.630065 0.088971 0.075817
3 0.013603 0.806536 0.027206 0.083660
3 0.202206 0.673856 0.055882 0.090196
3 0.845956 0.722876 0.094853 0.083660
3 0.225368 0.443791 0.063971 0.050980
3 0.431250 0.359477 0.025735 0.049673
3 0.469485 0.397386 0.024265 0.052288
3 0.474632 0.286928 0.018382 0.040523
3 0.436029 0.292157 0.019118 0.040523
3 0.219485 0.369281 0.050735 0.040523
3 0.230147 0.315686 0.039706 0.035294
3 0.241176 0.407190 0.050000 0.048366
4 0.360662 0.298693 0.028676 0.043137
4 0.371691 0.271242 0.018382 0.040523
5 0.639338 0.318954 0.027206 0.060131
3 0.797059 0.467974 0.066176 0.054902
3 0.933824 0.715686 0.085294 0.079739
3 0.838603 0.565359 0.086029 0.064052
3 0.742279 0.400654 0.058088 0.045752
1 0.184191 0.903922 0.018382 0.043137
3 0.723529 0.380392 0.047059 0.044444
3 0.720221 0.359477 0.050735 0.031373
3 0.822059 0.532680 0.067647 0.045752
6 0.743382 0.472549 0.041176 0.043137
6 0.162132 0.415686 0.050735 0.049673
3 0.609926 0.244444 0.031618 0.036601
3 0.647059 0.254248 0.038235 0.032680
5 0.677941 0.306536 0.051471 0.053595
3 0.391544 0.225490 0.016912 0.032680
3 0.397059 0.213072 0.016176 0.018301
1 0.348897 0.400000 0.009559 0.033987
1 0.244118 0.818301 0.019118 0.065359
0 0.214706 0.396732 0.010294 0.032680
0 0.227206 0.396732 0.008824 0.030065
0 0.237500 0.389542 0.008824 0.031373
9 0.382721 0.380392 0.012500 0.036601
3 0.608456 0.215686 0.030147 0.028758