3 0.735294 0.408497 0.026261 0.036415
3 0.726366 0.388889 0.022059 0.025210
3 0.511817 0.731559 0.078256 0.098039
3 0.774685 0.380019 0.022059 0.026144
3 0.766019 0.365546 0.017332 0.027077
9 0.800158 0.482260 0.012080 0.036415
3 0.756040 0.467320 0.030987 0.042017
3 0.485032 0.512138 0.043592 0.043884
0 0.454307 0.486928 0.015756 0.047619
3 0.256565 0.695145 0.084559 0.094304
3 0.584296 0.479925 0.041492 0.044818
3 0.651523 0.431839 0.027836 0.036415
3 0.629989 0.485994 0.041492 0.045752
4 0.658351 0.445378 0.029937 0.046685