3 0.477416 0.688142 0.080882 0.140056
4 0.345326 0.926704 0.058298 0.144725
9 0.366334 0.748366 0.028887 0.075630
9 0.517595 0.574697 0.026786 0.049486
9 0.537290 0.952381 0.036765 0.080299
9 0.463498 0.962185 0.032038 0.073763
3 0.832458 0.767974 0.089286 0.116713
3 0.912815 0.741830 0.092437 0.111111
3 0.860294 0.652661 0.098739 0.078431
0 0.959296 0.862745 0.022584 0.072829
1 0.967962 0.972456 0.038866 0.053221
0 0.936975 0.663866 0.018908 0.067227
3 0.686450 0.491130 0.066176 0.065359
4 0.641282 0.452848 0.064076 0.070962
3 0.736345 0.434641 0.071429 0.058824
3 0.651523 0.426237 0.068803 0.058824
3 0.731092 0.403361 0.067227 0.050420
3 0.816702 0.411765 0.068277 0.056022
3 0.894695 0.401027 0.069853 0.053221
4 0.961922 0.384687 0.071954 0.061625
3 0.884191 0.370682 0.051996 0.044818
3 0.796218 0.344538 0.063025 0.044818
3 0.695903 0.320261 0.040966 0.052288
3 0.733718 0.322129 0.053571 0.044818
4 0.811450 0.302988 0.053571 0.047619
4 0.929359 0.286648 0.049895 0.048553
3 0.215336 0.496732 0.063025 0.072829
9 0.148897 0.452848 0.016282 0.052288
6 0.188813 0.436041 0.025735 0.048553
9 0.186975 0.455649 0.016807 0.054155
3 0.217962 0.356676 0.030462 0.057890
3 0.171218 0.364146 0.031513 0.065359
4 0.089286 0.345472 0.042017 0.069094
4 0.119748 0.307190 0.029412 0.059757
3 0.161765 0.318394 0.029412 0.056022
3 0.165179 0.285714 0.027836 0.050420
4 0.086134 0.301587 0.031513 0.063492
3 0.091912 0.246032 0.026261 0.040149
3 0.121324 0.217554 0.022059 0.037348
3 0.096113 0.217554 0.024160 0.037348
4 0.386029 0.309057 0.051471 0.052288
3 0.360294 0.296919 0.037815 0.042951
4 0.339023 0.282446 0.036239 0.045752
3 0.292542 0.246499 0.026261 0.031746
3 0.335084 0.208683 0.044118 0.032680
4 0.335872 0.191877 0.036239 0.034547
3 0.271271 0.171802 0.029937 0.031746
8 0.300683 0.159197 0.041492 0.077498
4 0.216912 0.160598 0.019958 0.035481
5 0.273634 0.100373 0.066176 0.060691
3 0.106618 0.171802 0.022059 0.035481
4 0.128676 0.161998 0.017857 0.040149
4 0.138393 0.140056 0.018382 0.031746
4 0.141282 0.110177 0.018908 0.035481
3 0.183298 0.134454 0.017857 0.031746
3 0.175420 0.105509 0.016807 0.029879
5 0.107405 0.113912 0.029937 0.069094
3 0.196954 0.093371 0.017857 0.024276
3 0.174895 0.057423 0.014706 0.025210
4 0.133929 0.095705 0.024160 0.030812
3 0.168067 0.036415 0.012605 0.022409
3 0.198004 0.023343 0.019958 0.018674
6 0.615021 0.384687 0.030462 0.046685
6 0.662027 0.376284 0.033088 0.041083
6 0.689863 0.363679 0.037290 0.049486
6 0.714548 0.358543 0.030987 0.042951
0 0.283088 0.394958 0.012605 0.048553
0 0.300683 0.286648 0.009979 0.037348
0 0.309874 0.287582 0.012605 0.035481
0 0.134979 0.556489 0.015756 0.050420
0 0.127101 0.557890 0.015756 0.053221
0 0.118172 0.345472 0.011555 0.042951
9 0.273109 0.294585 0.012605 0.030812
0 0.149160 0.243697 0.009454 0.033613
0 0.158876 0.136321 0.008929 0.028011
9 0.367910 0.332400 0.018382 0.033613
9 0.243960 0.169935 0.009979 0.028011
0 0.167017 0.138655 0.008403 0.028945
1 0.534139 0.934641 0.023109 0.057890
9 0.479254 0.923903 0.028887 0.077498
1 0.477416 0.915033 0.025210 0.063492