3 0.145746 0.447246 0.097164 0.078431
3 0.343225 0.409430 0.081408 0.070028
3 0.757090 0.558824 0.104517 0.083100
3 0.574317 0.564426 0.099265 0.083100
3 0.306460 0.471522 0.095063 0.078431
3 0.576418 0.100373 0.025735 0.047619
1 0.659926 0.794585 0.023634 0.059757
0 0.068277 0.742764 0.023109 0.064426
0 0.132878 0.766573 0.023109 0.078431
0 0.105830 0.725023 0.020483 0.064426
9 0.246849 0.315593 0.030462 0.044818
0 0.159139 0.249300 0.012605 0.050420
0 0.361870 0.243697 0.009454 0.035481
9 0.081670 0.387955 0.029937 0.036415
1 0.078782 0.373950 0.017857 0.045752
9 0.355305 0.201681 0.020483 0.033613
2 0.014181 0.351074 0.021008 0.052288
0 0.704569 0.205882 0.015231 0.042017
0 0.713498 0.205882 0.015231 0.043884
0 0.983456 0.288049 0.015231 0.045752
0 0.954044 0.271709 0.014181 0.044818
0 0.365284 0.128385 0.011029 0.042017
0 0.367910 0.106909 0.006828 0.030812
1 0.456145 0.038749 0.013130 0.034547
1 0.464023 0.035014 0.011029 0.038282
3 0.174895 0.854809 0.111345 0.202614
3 0.485032 0.215219 0.028887 0.064426
5 0.936187 0.835201 0.126576 0.176471
3 0.828256 0.476657 0.091387 0.071895
3 0.874212 0.425303 0.087710 0.064426
3 0.970063 0.363212 0.055672 0.063492
3 0.589023 0.211485 0.030987 0.055089
3 0.488445 0.152661 0.025210 0.055089
3 0.513393 0.411298 0.085609 0.077498
3 0.436712 0.308590 0.035189 0.073763
3 0.439338 0.075163 0.022584 0.040149
3 0.547532 0.205882 0.035189 0.064426
3 0.647847 0.152194 0.059349 0.041083
3 0.582195 0.023810 0.045693 0.034547
3 0.445903 0.030345 0.023109 0.042017
0 0.823792 0.711951 0.021534 0.064426
6 0.664128 0.815593 0.039391 0.099907
0 0.841649 0.528945 0.020483 0.068161
1 0.716912 0.406629 0.014706 0.043884
9 0.714811 0.419701 0.026261 0.036415
0 0.858456 0.752568 0.025735 0.059757
0 0.871061 0.761905 0.025735 0.065359
0 0.853204 0.773109 0.020483 0.069094
9 0.682248 0.303455 0.012605 0.039216
9 0.718750 0.316527 0.015231 0.041083
9 0.750000 0.310458 0.014706 0.040149
9 0.787553 0.303455 0.009979 0.041083
9 0.803571 0.299720 0.012605 0.039216
9 0.861870 0.320728 0.012605 0.040149
9 0.893120 0.290850 0.014181 0.036415
2 0.905725 0.325864 0.015231 0.041083
9 0.956670 0.324930 0.022584 0.050420
1 0.440914 0.356676 0.013130 0.033613
9 0.439338 0.370215 0.020483 0.040149
1 0.503151 0.122316 0.007353 0.028011
9 0.502889 0.130252 0.009979 0.028945
9 0.832458 0.678805 0.044118 0.050420
1 0.844538 0.668534 0.019958 0.050420
0 0.288340 0.527077 0.019958 0.066293
0 0.303309 0.527544 0.020483 0.067227
1 0.485032 0.313725 0.016282 0.044818
6 0.486345 0.327264 0.024160 0.053221
1 0.402574 0.308123 0.015231 0.041083
9 0.402311 0.320728 0.025210 0.040149
1 0.230042 0.563959 0.019958 0.061625
9 0.231880 0.573763 0.034139 0.049486
0 0.261292 0.602708 0.019433 0.062558
0 0.270746 0.606443 0.020483 0.066293
9 0.335609 0.260504 0.025210 0.029879
9 0.387605 0.197012 0.025210 0.031746
9 0.387080 0.174136 0.025210 0.032680
1 0.660189 0.915033 0.027311 0.072829
9 0.656250 0.914099 0.029937 0.074697
0 0.208771 0.309524 0.019433 0.053221
0 0.206408 0.280112 0.013655 0.046685
0 0.210347 0.286648 0.014181 0.054155
1 0.419118 0.083100 0.011555 0.039216
0 0.202994 0.267974 0.015231 0.044818
1 0.655462 0.370215 0.017857 0.045752
9 0.652574 0.381419 0.022584 0.045752
1 0.185924 0.272642 0.014706 0.039216
9 0.189601 0.290383 0.026261 0.033613
0 0.777574 0.228758 0.014181 0.037348
0 0.779412 0.233894 0.015756 0.040149
0 0.202468 0.298319 0.015231 0.045752
0 0.068540 0.322596 0.017332 0.047619
0 0.363708 0.250700 0.012080 0.040149
0 0.430147 0.247432 0.012605 0.041083
0 0.428046 0.239496 0.012605 0.040149
0 0.374737 0.103175 0.009979 0.036415
0 0.372637 0.132120 0.011029 0.040149
0 0.690126 0.165266 0.010504 0.035481
0 0.739758 0.274977 0.015231 0.045752
0 0.721901 0.274977 0.015231 0.045752
9 0.251576 0.329599 0.028361 0.046685
9 0.086660 0.355275 0.019958 0.045752
6 0.663340 0.207283 0.036765 0.050420
9 0.617122 0.178805 0.022059 0.025210