3 0.036502 0.334267 0.073004 0.078431
0 0.720326 0.243231 0.008929 0.049486
9 0.202994 0.322596 0.008929 0.047619
9 0.219275 0.324463 0.011029 0.043884
9 0.232931 0.321662 0.009979 0.042017
3 0.266282 0.317927 0.042017 0.068161
3 0.335084 0.299720 0.049370 0.067227
3 0.618435 0.105976 0.023634 0.058824
4 0.960609 0.486928 0.076681 0.098039
0 0.964548 0.522409 0.015231 0.055089
0 0.031513 0.335201 0.013655 0.067227
0 0.931460 0.505135 0.013130 0.056022
9 0.677258 0.173203 0.011029 0.036415
0 0.581670 0.088235 0.007878 0.040149
0 0.647321 0.048086 0.007878 0.032680
0 0.092700 0.316060 0.014181 0.049486
3 0.811187 0.431839 0.098214 0.079365
3 0.400473 0.536415 0.097164 0.109244
0 0.365021 0.795518 0.021008 0.093371
0 0.345851 0.875817 0.021534 0.085901
9 0.411502 0.662465 0.035189 0.042017
1 0.405200 0.640056 0.012080 0.056956
6 0.095063 0.536415 0.064076 0.068161
9 0.628414 0.467320 0.041492 0.045752
1 0.631565 0.455182 0.016282 0.055089
9 0.601628 0.429038 0.032038 0.040149
1 0.605305 0.414099 0.016282 0.055089
7 0.772847 0.520542 0.074055 0.055089
1 0.763918 0.506536 0.024685 0.049486
6 0.241334 0.580299 0.044643 0.045752
1 0.241859 0.565359 0.013130 0.045752
2 0.575368 0.379552 0.029937 0.051354
9 0.573792 0.932773 0.060399 0.065359
1 0.576943 0.917367 0.026786 0.075630
9 0.715074 0.346872 0.027836 0.032680
0 0.719275 0.329132 0.013130 0.045752
2 0.805935 0.375817 0.033088 0.030812
1 0.678834 0.164799 0.009979 0.049486
3 0.689338 0.078898 0.022584 0.038282
3 0.664653 0.042484 0.021534 0.040149
3 0.669380 0.013539 0.022584 0.027077
3 0.924107 0.535481 0.115021 0.096172
3 0.718750 0.199346 0.025735 0.068161
3 0.125788 0.496265 0.121324 0.105509