3 0.937132 0.384314 0.046324 0.039216
3 0.848162 0.316993 0.031618 0.027451
3 0.966544 0.720915 0.063971 0.074510
0 0.552574 0.801307 0.013971 0.067974
0 0.634926 0.795425 0.013971 0.064052
3 0.701838 0.341176 0.024265 0.033987
3 0.760294 0.316340 0.041176 0.033987
3 0.797426 0.336601 0.040441 0.032680
1 0.384926 0.566667 0.012500 0.037908
1 0.414338 0.567320 0.013971 0.041830
7 0.436029 0.327451 0.017647 0.037908
0 0.821324 0.364052 0.008824 0.030065
5 0.751103 0.304575 0.040441 0.039216
9 0.384191 0.581699 0.012500 0.036601
9 0.415809 0.581699 0.013971 0.031373
0 0.813235 0.329412 0.008824 0.031373
0 0.957353 0.398693 0.008824 0.036601
0 0.962500 0.401307 0.007353 0.039216
0 0.831985 0.262745 0.006618 0.023529
0 0.779044 0.324183 0.008088 0.028758
3 0.526103 0.175163 0.011029 0.020915
3 0.527206 0.144444 0.010294 0.016993
3 0.542647 0.103268 0.007353 0.015686
3 0.518015 0.100000 0.006618 0.016993
3 0.562132 0.161438 0.019853 0.016993
3 0.580147 0.141830 0.010294 0.019608
3 0.594118 0.127451 0.008824 0.024837
2 0.449265 0.396732 0.008824 0.011765
1 0.449632 0.379739 0.006618 0.016993
2 0.761765 0.621569 0.010294 0.030065
4 0.693750 0.526144 0.034559 0.061438
3 0.623897 0.107843 0.024265 0.022222
3 0.608088 0.094118 0.022059 0.020915
3 0.605515 0.165359 0.013971 0.030065
9 0.294118 0.320261 0.020588 0.033987
3 0.666544 0.185621 0.025735 0.020915
3 0.664706 0.174510 0.022059 0.019608
3 0.660662 0.165359 0.025735 0.016993
3 0.647426 0.149673 0.024265 0.019608
3 0.624265 0.135294 0.022059 0.016993
0 0.763971 0.609804 0.010294 0.040523
3 0.843382 0.384314 0.050000 0.041830
3 0.848162 0.409150 0.055147 0.041830
3 0.859559 0.424183 0.060294 0.048366
3 0.932721 0.475817 0.062500 0.047059
3 0.815809 0.664052 0.050735 0.081046
3 0.719485 0.383007 0.030147 0.049673
3 0.941176 0.649673 0.088235 0.067974
3 0.921691 0.607843 0.083088 0.065359
3 0.517279 0.341176 0.016912 0.041830
3 0.969485 0.450980 0.049265 0.054902
3 0.650735 0.289542 0.019118 0.032680
3 0.941544 0.519608 0.072794 0.050980
8 0.238235 0.541176 0.070588 0.125490
0 0.166912 0.860784 0.019118 0.071895
0 0.184191 0.808497 0.018382 0.061438
0 0.282353 0.784967 0.013235 0.066667
0 0.297794 0.730065 0.013235 0.056209
0 0.288971 0.727451 0.013235 0.053595
0 0.272426 0.772549 0.016912 0.054902
3 0.203309 0.430719 0.065441 0.048366
0 0.948897 0.818954 0.013971 0.056209
3 0.562500 0.633987 0.033824 0.088889
4 0.558456 0.516340 0.030147 0.075817
3 0.447059 0.652288 0.036765 0.091503
3 0.505882 0.635948 0.036765 0.090196
3 0.453309 0.564052 0.033088 0.064052
3 0.507721 0.502614 0.025735 0.064052
3 0.556250 0.421569 0.025735 0.053595
4 0.555882 0.369281 0.020588 0.050980
3 0.554779 0.329412 0.018382 0.039216
3 0.531250 0.098039 0.008088 0.015686
3 0.397426 0.274510 0.030147 0.033987
3 0.380147 0.222222 0.017647 0.028758
3 0.394485 0.231373 0.013971 0.026144
3 0.744118 0.264052 0.039706 0.036601
3 0.763971 0.260131 0.032353 0.026144
3 0.892279 0.575163 0.077206 0.049673
3 0.696324 0.252288 0.019118 0.026144
0 0.126838 0.896732 0.018382 0.067974
0 0.151103 0.898693 0.019853 0.066667
0 0.142279 0.867974 0.018382 0.065359
3 0.588971 0.788889 0.052941 0.126797
0 0.183088 0.856863 0.019118 0.069281
0 0.313235 0.738562 0.013235 0.057516
0 0.280515 0.735948 0.012500 0.047059
3 0.087500 0.705882 0.066176 0.101961
4 0.195956 0.535948 0.047794 0.083660
3 0.104779 0.565359 0.056618 0.084967
3 0.147794 0.477124 0.066176 0.049673
3 0.170956 0.456209 0.068382 0.049673
3 0.383088 0.358170 0.045588 0.039216
0 0.959191 0.828105 0.016912 0.061438
4 0.865809 0.339216 0.033088 0.048366
4 0.899265 0.349673 0.026471 0.043137