2 0.329427 0.315146 0.009301 0.029762
3 0.360305 0.114749 0.013765 0.025794
1 0.510975 0.268188 0.010045 0.028439
3 0.335379 0.106812 0.015253 0.025794
9 0.060454 0.277447 0.023438 0.019180
1 0.060454 0.263558 0.013021 0.025794
3 0.267671 0.081019 0.012277 0.020503
3 0.144159 0.278770 0.029390 0.032407
2 0.311570 0.329034 0.008557 0.025794
2 0.329799 0.326389 0.009301 0.028439
3 0.445499 0.936177 0.067336 0.125000
4 0.452567 0.801918 0.052455 0.135582
3 0.562500 0.823082 0.058780 0.130291
1 0.698475 0.811839 0.021205 0.039021
1 0.698475 0.790675 0.023438 0.046958
2 0.699219 0.807870 0.022693 0.068122
8 0.554874 0.536376 0.059896 0.201058
5 0.378906 0.328373 0.027158 0.053571
3 0.416109 0.307209 0.021205 0.049603
3 0.381882 0.276786 0.017485 0.033730
3 0.420201 0.265542 0.018229 0.033730
8 0.379464 0.230489 0.026786 0.068122
3 0.409412 0.251323 0.019717 0.029101
3 0.873698 0.539352 0.076265 0.057540
4 0.805618 0.529431 0.077753 0.082672
3 0.935082 0.597553 0.097098 0.080026
6 0.523810 0.264220 0.016369 0.033730
2 0.511533 0.279762 0.011905 0.018519
3 0.408668 0.234458 0.018229 0.032407
3 0.401042 0.216601 0.017113 0.025794
3 0.398251 0.207011 0.013021 0.029101
3 0.366629 0.183862 0.014509 0.027778
4 0.362537 0.168981 0.013765 0.019180
4 0.358445 0.159061 0.013021 0.019180
5 0.388951 0.174272 0.018229 0.031085
3 0.376674 0.169643 0.013021 0.020503
5 0.261533 0.176918 0.027530 0.042989