1 0.465074 0.078898 0.012080 0.032680
1 0.481880 0.083567 0.012080 0.032680
9 0.464023 0.106909 0.015231 0.030812
9 0.480042 0.104108 0.012605 0.032680
0 0.709034 0.073296 0.009454 0.038282
0 0.718750 0.072362 0.008929 0.038282
1 0.723477 0.070495 0.008929 0.043884
0 0.762080 0.055089 0.014706 0.039216
0 0.713498 0.056489 0.012080 0.038282
2 0.743960 0.055556 0.012080 0.032680
3 0.323792 0.236228 0.106618 0.076564
3 0.659926 0.460317 0.115021 0.158730
6 0.571429 0.319328 0.076681 0.095238
3 0.446691 0.196545 0.095063 0.064426
3 0.329044 0.356209 0.131828 0.090570
3 0.822742 0.344071 0.078256 0.111111
3 0.353204 0.302988 0.103466 0.084967
3 0.171218 0.294585 0.118697 0.096172
3 0.714286 0.194211 0.092437 0.061625
3 0.882616 0.177871 0.085609 0.064426
3 0.104517 0.348273 0.120798 0.087768
0 0.247637 0.139122 0.013130 0.052288
0 0.259191 0.142857 0.014181 0.059757
2 0.802521 0.676471 0.071429 0.068161
1 0.804622 0.646125 0.035714 0.098973
9 0.417805 0.273576 0.036239 0.042951
1 0.416492 0.257703 0.024160 0.056022
3 0.500000 0.044818 0.028361 0.057890
0 0.589023 0.784781 0.024685 0.127918
0 0.583508 0.758637 0.030462 0.122316
1 0.193277 0.063959 0.011555 0.049486
1 0.185924 0.058824 0.008403 0.044818
1 0.179884 0.061158 0.012080 0.043884
1 0.167805 0.066293 0.012080 0.044818
1 0.157826 0.058357 0.012080 0.042017
1 0.149160 0.070028 0.012605 0.042951