0 0.554315 0.401455 0.040179 0.133598
0 0.664807 0.182540 0.017113 0.068783
0 0.598214 0.468254 0.044643 0.158730
0 0.604539 0.365079 0.043899 0.100529
0 0.373884 0.414021 0.026042 0.150794
0 0.497024 0.527778 0.038690 0.169312
0 0.384301 0.447751 0.027530 0.141534
0 0.451637 0.384259 0.029762 0.144180
0 0.648438 0.359127 0.034970 0.096561
0 0.490327 0.422619 0.029762 0.149471
0 0.351935 0.412698 0.031250 0.148148
0 0.133929 0.369709 0.038690 0.128307
0 0.212054 0.341931 0.028274 0.109788
0 0.553571 0.208995 0.020833 0.087302
0 0.947917 0.308201 0.038690 0.124339
0 0.192708 0.318122 0.025298 0.125661
1 0.790551 0.275794 0.026042 0.104497
0 0.808036 0.270503 0.023810 0.093915
0 0.623884 0.290344 0.014137 0.059524
0 0.847842 0.876984 0.060268 0.230159
1 0.538318 0.325397 0.026042 0.108466
0 0.520833 0.298942 0.026786 0.095238
0 0.496652 0.164021 0.017113 0.063492
0 0.094494 0.313492 0.017857 0.068783
1 0.096354 0.319444 0.031994 0.056878
2 0.430432 0.343254 0.040923 0.070106
0 0.643229 0.142196 0.014137 0.070106
1 0.172247 0.154101 0.017113 0.035714
0 0.199033 0.140212 0.017113 0.050265
0 0.800967 0.199074 0.017113 0.062169
0 0.450149 0.111772 0.014881 0.056878
0 0.397693 0.096561 0.012649 0.052910
1 0.141741 0.103175 0.014137 0.050265
0 0.821801 0.169974 0.014137 0.046296
1 0.118304 0.119048 0.016369 0.031746
0 0.239211 0.107143 0.014137 0.044974
0 0.707217 0.138228 0.012649 0.048942
0 0.401786 0.126984 0.014881 0.063492
0 0.613467 0.282407 0.014137 0.056878
0 0.610863 0.242063 0.020833 0.084656
0 0.957217 0.296958 0.026042 0.104497
0 0.970982 0.266534 0.026786 0.109788
0 0.182664 0.106481 0.014137 0.046296
0 0.560640 0.096561 0.012649 0.037037
0 0.526042 0.091931 0.010417 0.033069
0 0.528274 0.220238 0.017857 0.078042
0 0.738467 0.134921 0.017113 0.052910
0 0.989583 0.279762 0.019345 0.123016
1 0.955729 0.174603 0.020089 0.063492
1 0.904762 0.184524 0.020833 0.046296
1 0.940476 0.193783 0.017857 0.035714
1 0.925967 0.189815 0.018601 0.035714