3 0.703256 0.923903 0.091387 0.148459
3 0.470063 0.640056 0.063025 0.198880
3 0.571691 0.492530 0.055147 0.135387
4 0.466387 0.252101 0.032563 0.117647
4 0.555410 0.101307 0.033088 0.073763
3 0.063288 0.595238 0.103466 0.191410
3 0.122111 0.442577 0.081408 0.147526
3 0.607405 0.075630 0.039391 0.056022
6 0.426733 0.024743 0.016282 0.049486
1 0.426733 0.021942 0.011029 0.040149
0 0.367647 0.185341 0.010504 0.056956
0 0.363183 0.181139 0.007878 0.056022
1 0.427258 0.012605 0.012080 0.025210
4 0.219800 0.161531 0.038340 0.067227
3 0.238445 0.110644 0.042017 0.077498
3 0.743172 0.047619 0.037815 0.052288
0 0.947216 0.511671 0.019433 0.065359
0 0.926733 0.490663 0.026786 0.068161
3 0.112920 0.094304 0.064076 0.063492
0 0.038078 0.195612 0.014181 0.062558
2 0.043855 0.218021 0.033088 0.042017
2 0.076418 0.201681 0.015231 0.056022
1 0.073267 0.197012 0.027836 0.054155
2 0.093225 0.178805 0.016282 0.038282
1 0.093750 0.170868 0.013130 0.044818
0 0.062763 0.322596 0.019433 0.070028
0 0.325105 0.113912 0.014706 0.059757
6 0.335609 0.268908 0.037815 0.097106
4 0.044643 0.368347 0.089286 0.084967