3 0.638971 0.393464 0.014706 0.028758
3 0.624632 0.364706 0.018382 0.026144
3 0.361397 0.365359 0.021324 0.037908
3 0.395588 0.347059 0.029412 0.024837
3 0.401838 0.343791 0.030147 0.023529
3 0.093750 0.844444 0.106618 0.091503
3 0.475000 0.818301 0.044118 0.115033
3 0.462500 0.597386 0.027941 0.065359
3 0.479044 0.354902 0.015441 0.027451
3 0.513235 0.346405 0.016176 0.026144
3 0.130147 0.671895 0.080882 0.062745
3 0.161397 0.578431 0.047794 0.050980
3 0.132353 0.762745 0.086765 0.098039
4 0.343382 0.543791 0.039706 0.062745
4 0.363235 0.501961 0.029412 0.054902
5 0.715074 0.593464 0.033088 0.081046
3 0.973529 0.922876 0.048529 0.096732
3 0.892647 0.764706 0.094118 0.070588
3 0.963235 0.859477 0.067647 0.058824
3 0.858456 0.721569 0.087500 0.065359
3 0.840074 0.673856 0.078676 0.053595
6 0.916176 0.928105 0.067647 0.062745
6 0.027206 0.775817 0.054412 0.069281
3 0.666176 0.466013 0.038235 0.043137
3 0.648162 0.456209 0.033088 0.031373
3 0.663603 0.439216 0.040441 0.028758
3 0.658824 0.416340 0.038235 0.030065
3 0.713971 0.484967 0.051471 0.039216
5 0.771324 0.580392 0.067647 0.073203
3 0.396691 0.433333 0.021324 0.037908
3 0.408088 0.408497 0.023529 0.043137
3 0.335294 0.371242 0.036765 0.028758
7 0.385294 0.458824 0.020588 0.036601
3 0.642279 0.406536 0.016912 0.026144
0 0.054044 0.788235 0.015441 0.052288
0 0.040441 0.818301 0.010294 0.054902
0 0.079779 0.786275 0.015441 0.053595
9 0.444485 0.396732 0.009559 0.022222
2 0.608456 0.393464 0.008088 0.026144