3 0.502626 0.408030 0.043067 0.091503
3 0.331933 0.620915 0.123950 0.138189
4 0.496586 0.319795 0.037290 0.088702
3 0.559086 0.175537 0.024685 0.044818
3 0.658088 0.344071 0.040966 0.066293
4 0.704044 0.304855 0.043592 0.064426
4 0.711922 0.260971 0.069853 0.051354
3 0.727679 0.239496 0.063550 0.045752
3 0.688025 0.211018 0.057773 0.042951
1 0.902836 0.706816 0.022059 0.087768
2 0.894695 0.716153 0.049895 0.050420
1 0.883403 0.641457 0.023109 0.076564
2 0.880777 0.662932 0.050420 0.054155
1 0.613971 0.305789 0.015756 0.055089
1 0.619485 0.306723 0.013130 0.049486
9 0.615021 0.308123 0.018908 0.048553
1 0.449317 0.398693 0.011029 0.044818
1 0.451418 0.380486 0.009979 0.032680
2 0.449317 0.419701 0.017332 0.049486
1 0.445903 0.203548 0.008403 0.026144
6 0.448004 0.202148 0.017857 0.055089
1 0.457458 0.341270 0.011555 0.036415
9 0.457458 0.365546 0.011555 0.038282
1 0.596901 0.156396 0.013130 0.032680
2 0.595326 0.171802 0.009979 0.029879
2 0.719275 0.537815 0.034139 0.050420
1 0.723477 0.519608 0.020483 0.066293
3 0.507090 0.162465 0.022584 0.046685
3 0.872374 0.480859 0.114496 0.113912
3 0.515494 0.083567 0.020483 0.034547
3 0.507616 0.051354 0.019433 0.028011
3 0.476891 0.051354 0.017857 0.026144
9 0.568015 0.014006 0.015231 0.028011
0 0.612132 0.138655 0.011029 0.043884
2 0.576418 0.038749 0.013130 0.040149
0 0.626313 0.196545 0.009979 0.042017
0 0.698267 0.100373 0.015231 0.032680
0 0.601103 0.098506 0.008929 0.043884
0 0.608981 0.097572 0.007878 0.045752
0 0.454044 0.065826 0.012080 0.038282
0 0.615809 0.155462 0.009979 0.043884
0 0.622374 0.139589 0.012605 0.043884
3 0.405200 0.123716 0.051996 0.040149
3 0.421744 0.075630 0.049370 0.037348
4 0.447742 0.045752 0.022584 0.054155
3 0.671744 0.198880 0.060924 0.048553
3 0.657300 0.173203 0.049895 0.043884
3 0.647321 0.113445 0.047794 0.036415
3 0.639181 0.101774 0.050420 0.033613
3 0.601891 0.014006 0.032563 0.022409
3 0.618697 0.053688 0.033613 0.025210
3 0.632353 0.066293 0.035714 0.031746