3 0.131565 0.704482 0.027836 0.043884
3 0.138130 0.681139 0.027311 0.042017
5 0.075105 0.643324 0.053571 0.115780
5 0.111607 0.586835 0.046744 0.088702
1 0.142857 0.596172 0.006303 0.027077
5 0.160189 0.577031 0.046218 0.082166
5 0.144695 0.636321 0.037290 0.073763
3 0.219538 0.699346 0.030462 0.044818
3 0.218225 0.681139 0.024685 0.043884
3 0.213761 0.653595 0.021008 0.033613
3 0.180410 0.582166 0.015231 0.021475
3 0.213761 0.629785 0.018908 0.027077
3 0.392595 0.573296 0.015231 0.020542
3 0.938288 0.779178 0.080357 0.066293
3 0.347164 0.565359 0.021008 0.027077
3 0.468225 0.658730 0.040441 0.049486
4 0.499737 0.678338 0.040441 0.055089
5 0.595851 0.676471 0.141282 0.127918
3 0.753414 0.632586 0.034139 0.027077
4 0.901786 0.665266 0.053571 0.049486
5 0.963498 0.670401 0.070903 0.070962
3 0.948004 0.641457 0.037815 0.035481
3 0.956408 0.624183 0.030462 0.025210
5 0.942489 0.616713 0.027836 0.027077
5 0.912815 0.608777 0.040966 0.042951
3 0.850315 0.629318 0.035714 0.031746
0 0.405462 0.760971 0.012605 0.054155
0 0.454044 0.758637 0.015231 0.055089
0 0.407826 0.753035 0.012080 0.060691
0 0.457983 0.759570 0.014706 0.060691
0 0.495536 0.697479 0.012080 0.048553
0 0.427258 0.760504 0.015231 0.055089
5 0.865021 0.652194 0.053571 0.043884
3 0.441964 0.560691 0.021534 0.027077
5 0.020221 0.637722 0.040441 0.104575
5 0.073267 0.597106 0.068803 0.116713
3 0.329044 0.574697 0.018382 0.027077
4 0.543330 0.710084 0.059349 0.060691
4 0.604254 0.616713 0.033088 0.032680
3 0.211397 0.629785 0.018382 0.032680
3 0.212710 0.615313 0.018908 0.031746
3 0.760242 0.801120 0.066702 0.059757
4 0.771534 0.690943 0.049370 0.042951