3 0.236979 0.774140 0.066964 0.127646
3 0.319196 0.515542 0.038690 0.076058
3 0.124070 0.362103 0.035342 0.039021
1 0.319010 0.370701 0.010789 0.028439
9 0.319754 0.379299 0.018229 0.016534
9 0.049293 0.305225 0.013021 0.020503
3 0.118676 0.331349 0.031994 0.034392
2 0.338728 0.315146 0.009301 0.025794
3 0.234933 0.377315 0.047247 0.042989
3 0.463542 0.480820 0.062500 0.055556
9 0.376302 0.386574 0.016741 0.024471
1 0.375558 0.379960 0.010045 0.027116
1 0.381138 0.379299 0.010045 0.024471
3 0.368490 0.412368 0.053943 0.044312
3 0.627418 0.547619 0.072545 0.063492
3 0.505766 0.461310 0.056920 0.046958
5 0.843378 0.624339 0.111607 0.082011
5 0.667783 0.499669 0.096726 0.083995
7 0.811942 0.534722 0.037574 0.058862
3 0.851376 0.577050 0.082217 0.061508
1 0.909412 0.557209 0.016741 0.048280
3 0.460751 0.324405 0.021205 0.036376
9 0.906622 0.570767 0.030506 0.035714
1 0.908110 0.550926 0.012649 0.041005
3 0.417783 0.210648 0.016369 0.020503
3 0.149368 0.318452 0.031622 0.032407
2 0.332403 0.334325 0.008557 0.025794
2 0.341146 0.337963 0.008929 0.031746
3 0.439174 0.953373 0.064360 0.090608
3 0.448475 0.814153 0.052455 0.134921
1 0.717820 0.965939 0.020461 0.049603
0 0.709077 0.952050 0.022321 0.077381
2 0.722284 0.960648 0.022693 0.073413
8 0.566406 0.861111 0.103795 0.276455
5 0.383371 0.307870 0.023438 0.042989
3 0.412574 0.314815 0.020833 0.034392
3 0.384487 0.290675 0.017485 0.027116
3 0.419085 0.298280 0.015253 0.029101
8 0.380580 0.263889 0.030506 0.074074
3 0.407552 0.286706 0.015997 0.029762
6 0.420573 0.186177 0.012277 0.020503
2 0.899554 0.569775 0.031250 0.035053
3 0.410156 0.272487 0.018229 0.027778
3 0.401972 0.260913 0.017485 0.025794
3 0.399368 0.248347 0.013021 0.021825
3 0.368490 0.227844 0.014509 0.027116
4 0.351004 0.196098 0.015997 0.024471
4 0.337054 0.176918 0.012649 0.016534
5 0.389323 0.217262 0.018229 0.031085
3 0.377790 0.211971 0.013021 0.023148
5 0.266183 0.219577 0.027158 0.042328