3 0.828782 0.394958 0.018908 0.026144
5 0.853992 0.392157 0.024160 0.054155
3 0.792805 0.437908 0.025735 0.031746
6 0.628939 0.533147 0.020483 0.041083
4 0.790441 0.390756 0.021008 0.034547
3 0.735557 0.494865 0.035189 0.041083
3 0.636555 0.639122 0.060924 0.070028
4 0.129989 0.780112 0.112920 0.150327
3 0.206408 0.818394 0.116597 0.120448
3 0.423319 0.665266 0.078782 0.084967
3 0.575105 0.496265 0.039916 0.043884
5 0.673057 0.422502 0.038340 0.042017
3 0.720326 0.405696 0.028887 0.028945
3 0.764181 0.384220 0.021008 0.025210
5 0.758929 0.354342 0.025210 0.028945
3 0.689601 0.448646 0.033613 0.038282
0 0.339548 0.549486 0.018382 0.056956