3 0.498140 0.494709 0.034970 0.084656
3 0.553199 0.353836 0.030506 0.056878
3 0.540923 0.134259 0.014881 0.035714
3 0.208333 0.779762 0.077381 0.146825
3 0.262277 0.629630 0.067708 0.105820
3 0.341146 0.492063 0.046875 0.082011
3 0.344494 0.419312 0.038690 0.063492
3 0.683408 0.751984 0.055804 0.133598
3 0.694196 0.613757 0.092262 0.084656
3 0.459449 0.255952 0.020089 0.043651
3 0.637277 0.496032 0.030506 0.076720
3 0.693080 0.536376 0.042411 0.091270
3 0.972470 0.875661 0.053571 0.129630
3 0.914807 0.734788 0.093006 0.125661
3 0.567708 0.168651 0.016369 0.035714
3 0.535714 0.416667 0.032738 0.063492
3 0.556920 0.234127 0.023065 0.039683
3 0.363839 0.366402 0.032738 0.066138
3 0.602679 0.266534 0.023810 0.038360
3 0.389509 0.289021 0.023065 0.054233