3 0.570903 0.596172 0.021008 0.030812
5 0.099790 0.829132 0.170168 0.289449
5 0.279412 0.653128 0.052521 0.073763
3 0.785977 0.705882 0.043592 0.042951
3 0.586134 0.627451 0.015756 0.022409
5 0.820116 0.639122 0.094013 0.075630
3 0.398109 0.718954 0.024160 0.048553
3 0.404149 0.703548 0.027836 0.043884
5 0.337973 0.654062 0.054097 0.120448
5 0.373687 0.616246 0.043592 0.070962
3 0.473477 0.716620 0.024685 0.049486
5 0.411502 0.639122 0.021534 0.049486
3 0.469275 0.695612 0.021534 0.042951
3 0.781250 0.812792 0.062500 0.062558
3 0.671218 0.664332 0.026261 0.036415
3 0.747637 0.721755 0.054097 0.056022
3 0.718750 0.626050 0.021534 0.025210
3 0.621061 0.630252 0.023634 0.028011