3 0.034401 0.339402 0.067752 0.081232
9 0.202468 0.329132 0.008929 0.047619
9 0.215599 0.329132 0.011029 0.043884
9 0.230305 0.326331 0.009979 0.042017
3 0.264181 0.323063 0.044118 0.067227
3 0.327731 0.298786 0.052521 0.070962
3 0.614496 0.052288 0.018908 0.041083
4 0.955357 0.481326 0.087185 0.094304
0 0.938550 0.519608 0.014706 0.055089
3 0.342174 0.910831 0.107668 0.172736
0 0.015756 0.350607 0.017857 0.068161
0 0.927784 0.504669 0.013130 0.055089
9 0.681460 0.242297 0.011029 0.036415
0 0.570641 0.109711 0.007878 0.040149
0 0.631828 0.028945 0.005252 0.031746
3 0.809086 0.436508 0.099265 0.096172
3 0.501313 0.798786 0.075105 0.204482
0 0.227153 0.783380 0.020483 0.097106
0 0.221639 0.835668 0.021008 0.085901
9 0.235557 0.606443 0.035189 0.042017
1 0.228204 0.583100 0.012080 0.056956
9 0.736082 0.478525 0.041492 0.045752
1 0.743960 0.472923 0.016282 0.055089
9 0.695641 0.414099 0.032038 0.040149
1 0.700368 0.406629 0.016282 0.055089
7 0.878939 0.550420 0.074055 0.055089
1 0.874212 0.532680 0.024685 0.049486
6 0.120011 0.562558 0.044643 0.045752
1 0.125263 0.547619 0.013130 0.045752
2 0.665704 0.397759 0.029937 0.052288
9 0.808561 0.968721 0.049895 0.060691
1 0.814863 0.950047 0.026786 0.090570
9 0.704569 0.357143 0.027836 0.032680
0 0.706670 0.342204 0.013130 0.045752
2 0.804884 0.374883 0.033088 0.030812
1 0.682511 0.232026 0.009979 0.049486
3 0.691964 0.116246 0.022584 0.045752
3 0.644170 0.133053 0.024685 0.047619
3 0.659926 0.063025 0.022584 0.036415
3 0.703519 0.205882 0.025735 0.068161
3 0.017857 0.481793 0.035714 0.089636