5 0.868435 0.383287 0.023634 0.047619
3 0.821166 0.409430 0.020483 0.027077
6 0.583508 0.612979 0.022059 0.055089
3 0.778361 0.450980 0.028361 0.035481
3 0.773372 0.499533 0.041492 0.044818
3 0.637342 0.620915 0.054097 0.065359
3 0.316439 0.685341 0.079307 0.089636
5 0.554359 0.511671 0.058298 0.065359
3 0.622899 0.469655 0.036765 0.041083
3 0.692489 0.435574 0.029937 0.032680
5 0.703782 0.391223 0.032563 0.033613
3 0.759716 0.395892 0.024685 0.029879
3 0.520483 0.506069 0.050420 0.054155
3 0.617384 0.512605 0.042542 0.052288
0 0.375263 0.536415 0.016282 0.055089