3 0.035189 0.393557 0.067227 0.090570
5 0.045956 0.756303 0.086660 0.194211
9 0.262080 0.473856 0.027311 0.053221
1 0.258141 0.463585 0.022584 0.062558
3 0.709821 0.867880 0.148634 0.167134
6 0.586134 0.934174 0.067227 0.129785
6 0.512080 0.653595 0.035714 0.110177
6 0.366597 0.607376 0.079832 0.068161
6 0.561975 0.494865 0.033613 0.093371
6 0.419905 0.365546 0.036239 0.058824
4 0.433824 0.309524 0.039916 0.099907
1 0.414128 0.389356 0.012080 0.033613
3 0.020221 0.144258 0.040441 0.068161
3 0.140756 0.111111 0.037815 0.059757
4 0.559349 0.322596 0.032563 0.107376
6 0.333771 0.398226 0.038340 0.062558
9 0.420956 0.032680 0.015231 0.026144
1 0.421218 0.022876 0.012605 0.028945
6 0.372111 0.561158 0.076155 0.063492
1 0.360819 0.563492 0.018908 0.045752
0 0.396271 0.969188 0.018382 0.050420
0 0.442489 0.968254 0.019433 0.057890
0 0.418067 0.952381 0.023109 0.080299
0 0.514706 0.766573 0.022059 0.082166
0 0.585872 0.489262 0.021534 0.063492
0 0.594013 0.321662 0.015756 0.055089
0 0.564338 0.748833 0.017332 0.072829
0 0.594538 0.732960 0.015756 0.072829
0 0.568803 0.688609 0.015756 0.071895
0 0.582195 0.325397 0.011029 0.051354
0 0.670431 0.205882 0.013130 0.040149
0 0.656775 0.181139 0.014181 0.037348
0 0.536239 0.487395 0.014706 0.061625
0 0.425683 0.605042 0.013130 0.056022
0 0.442489 0.605509 0.020483 0.081232
0 0.481880 0.486928 0.013130 0.053221
0 0.504464 0.521942 0.015231 0.065359
0 0.476891 0.466387 0.012605 0.047619
0 0.450630 0.522876 0.012605 0.057890
0 0.435662 0.524276 0.016282 0.068161
0 0.476628 0.520542 0.013130 0.051354
0 0.474790 0.556489 0.014706 0.052288
0 0.454307 0.493464 0.015756 0.056956
0 0.466912 0.506069 0.012605 0.054155
0 0.551471 0.371148 0.015756 0.047619
3 0.138393 0.026611 0.035189 0.045752
3 0.169118 0.080299 0.039916 0.048553
3 0.202206 0.079832 0.031513 0.047619
3 0.588498 0.159664 0.013130 0.050420
0 0.440651 0.073296 0.027311 0.043884
0 0.503151 0.355275 0.011555 0.049486
0 0.510242 0.317927 0.008929 0.038282
0 0.512868 0.337535 0.008929 0.038282
0 0.520221 0.264706 0.008929 0.032680
0 0.514443 0.289916 0.008929 0.032680
0 0.488445 0.285247 0.011555 0.049486
0 0.507616 0.220822 0.012080 0.043884
0 0.498424 0.285247 0.008403 0.043884
0 0.514443 0.244164 0.008929 0.038282
0 0.528624 0.201214 0.008929 0.038282
0 0.474002 0.275444 0.008929 0.037348
0 0.462447 0.269841 0.012080 0.042951
0 0.470326 0.313725 0.012080 0.048553
0 0.490809 0.232026 0.008929 0.032680
0 0.474527 0.235761 0.011029 0.030812
0 0.474002 0.208683 0.012080 0.027077
0 0.526523 0.153595 0.008929 0.032680
0 0.520483 0.133053 0.008403 0.032680
0 0.522059 0.065826 0.011555 0.038282
0 0.492647 0.139589 0.009454 0.038282
0 0.499737 0.147059 0.008929 0.032680
3 0.582195 0.058824 0.046744 0.042951
0 0.505777 0.091036 0.009454 0.032680
0 0.513393 0.108310 0.008929 0.031746
0 0.538078 0.090570 0.008929 0.028011
0 0.533351 0.104575 0.008929 0.026144
0 0.535452 0.084967 0.008929 0.031746
1 0.711922 0.983660 0.020483 0.030812
1 0.598739 0.897759 0.016807 0.053221
1 0.319590 0.388422 0.020483 0.050420
0 0.485819 0.508870 0.013655 0.061625
1 0.526261 0.654995 0.018908 0.047619
0 0.482143 0.552288 0.012605 0.047619