3 0.511905 0.961640 0.020833 0.044974
4 0.853423 0.709656 0.022321 0.027778
3 0.837798 0.676587 0.026786 0.030423
4 0.870536 0.592593 0.019345 0.047619
3 0.888021 0.658069 0.020089 0.046296
3 0.814360 0.483466 0.026042 0.041005
3 0.783854 0.528439 0.026042 0.043651
3 0.123884 0.605820 0.030506 0.034392
3 0.196801 0.496032 0.026042 0.034392
3 0.009673 0.622354 0.019345 0.048942
3 0.853051 0.175265 0.027530 0.033069
5 0.958705 0.115079 0.031994 0.039683
3 0.713170 0.150794 0.024554 0.042328
3 0.738467 0.231481 0.030506 0.029101
3 0.297247 0.232143 0.018601 0.054233
3 0.256324 0.208995 0.017113 0.047619
3 0.248512 0.157407 0.017857 0.050265
3 0.280134 0.152778 0.018601 0.046296
3 0.328869 0.185185 0.020833 0.050265
3 0.314732 0.130952 0.019345 0.047619
3 0.302083 0.063492 0.020833 0.047619
4 0.380952 0.240079 0.019345 0.051587
3 0.349330 0.099206 0.020089 0.052910
3 0.353795 0.219577 0.012649 0.034392
8 0.743304 0.296958 0.063988 0.033069
6 0.954613 0.248677 0.023810 0.029101
3 0.593378 0.171958 0.026042 0.039683
9 0.349702 0.300265 0.010417 0.029101
0 0.372024 0.469577 0.008929 0.018519
9 0.023438 0.772487 0.015625 0.021164
0 0.312872 0.583995 0.008185 0.019841
9 0.385417 0.732143 0.010417 0.022487
9 0.535342 0.795635 0.009673 0.019841
3 0.606399 0.673280 0.013393 0.018519
3 0.507812 0.251323 0.014137 0.015873
0 0.959449 0.567460 0.012649 0.013228
0 0.950893 0.224868 0.013393 0.013228
7 0.742188 0.160714 0.014137 0.033069
3 0.035714 0.222884 0.026786 0.033069