3 0.387684 0.866013 0.043015 0.087582
3 0.374816 0.962418 0.047426 0.071242
3 0.493382 0.748366 0.036029 0.065359
3 0.514522 0.987908 0.047426 0.021569
3 0.554596 0.796078 0.043750 0.081046
3 0.612132 0.783987 0.036029 0.071242
8 0.659743 0.917974 0.112132 0.162745
3 0.897794 0.670261 0.074265 0.064706
3 0.793566 0.653268 0.064338 0.051634
3 0.967831 0.660131 0.063603 0.053595
3 0.689890 0.616340 0.051103 0.043137
3 0.612684 0.595098 0.055515 0.050327
8 0.814338 0.606536 0.150735 0.112418
3 0.527574 0.578105 0.057353 0.042484
3 0.506066 0.556536 0.050368 0.039869
3 0.458088 0.562092 0.054412 0.037908
3 0.423162 0.541830 0.045588 0.036601
0 0.050735 0.751961 0.013235 0.050327
3 0.361029 0.527451 0.047059 0.043137
3 0.573713 0.497059 0.029779 0.032026
3 0.463051 0.399020 0.014338 0.021569
4 0.015625 0.660784 0.031250 0.054902
3 0.021507 0.640523 0.043015 0.053595
3 0.032904 0.627124 0.057721 0.051634
3 0.109375 0.600327 0.034191 0.055556
3 0.049449 0.461111 0.033456 0.026797
3 0.125735 0.418954 0.036029 0.028758
8 0.022978 0.460458 0.045956 0.058170
3 0.022059 0.451634 0.024265 0.027451
3 0.085662 0.494444 0.038971 0.032026
3 0.075184 0.534314 0.056250 0.050327
0 0.125184 0.720261 0.012132 0.050980
0 0.109191 0.737582 0.013235 0.056863
0 0.116912 0.730719 0.013235 0.044444
3 0.301103 0.539216 0.028676 0.043137
3 0.448529 0.370915 0.013235 0.021569
3 0.444301 0.329739 0.010662 0.018954
3 0.490809 0.394771 0.015441 0.023529
3 0.302022 0.504902 0.023162 0.035948
3 0.282169 0.493791 0.023162 0.037255
3 0.348713 0.465033 0.018015 0.032026
4 0.300184 0.448039 0.020956 0.035948
3 0.326103 0.438889 0.016176 0.025490
3 0.306618 0.427451 0.016912 0.030065
3 0.335846 0.405229 0.015074 0.024837
3 0.400735 0.425163 0.016176 0.026797
3 0.377390 0.423856 0.014338 0.028105
3 0.471140 0.421242 0.017279 0.026797
9 0.193199 0.643464 0.014338 0.037255
9 0.129044 0.638235 0.013235 0.029412
0 0.623897 0.717974 0.012500 0.045098
1 0.645404 0.628758 0.011397 0.027451
9 0.615441 0.663399 0.011029 0.031373
1 0.615257 0.647712 0.010662 0.022222
9 0.586581 0.648366 0.012132 0.030065
1 0.586581 0.639216 0.011397 0.030065
2 0.605331 0.671895 0.018015 0.028758
1 0.603676 0.663072 0.012500 0.034641
3 0.430331 0.325817 0.011397 0.017647
1 0.768934 0.963399 0.015809 0.058824
1 0.746875 0.907516 0.014338 0.047712
1 0.810478 0.971569 0.016544 0.055556
1 0.775551 0.916013 0.014338 0.046405
1 0.795037 0.982026 0.019485 0.034641
0 0.914154 0.848693 0.012868 0.055556
0 0.934007 0.840196 0.010662 0.055556
0 0.927757 0.847712 0.012868 0.052288
1 0.824816 0.961438 0.015809 0.060131
1 0.802757 0.917320 0.015809 0.046405
1 0.730699 0.791176 0.012132 0.037255
1 0.743934 0.869608 0.012132 0.039869
1 0.736213 0.839542 0.012868 0.042484
1 0.765625 0.861765 0.015809 0.042484
1 0.709743 0.809477 0.012132 0.047712
1 0.739154 0.810784 0.012132 0.039869
0 0.812316 0.825163 0.012868 0.051634
0 0.832721 0.819935 0.013235 0.059477
0 0.848713 0.809477 0.015809 0.058170
0 0.875919 0.816013 0.015074 0.054248
0 0.893934 0.808824 0.018750 0.055556
0 0.909743 0.859804 0.014338 0.059477
0 0.915993 0.906863 0.012132 0.062092
0 0.925919 0.902941 0.015809 0.059477
0 0.974632 0.820588 0.015441 0.050327
1 0.881801 0.886601 0.018750 0.055556
9 0.878860 0.889869 0.028309 0.054248
1 0.742831 0.968627 0.010662 0.047059
1 0.731250 0.953268 0.013235 0.051634
3 0.509559 0.861111 0.039706 0.083007
3 0.584559 0.988562 0.052206 0.021569
3 0.747610 0.562418 0.049632 0.035948
3 0.493566 0.387908 0.015074 0.017647
3 0.488787 0.374837 0.012868 0.020261
3 0.447426 0.979412 0.045588 0.039869
3 0.559191 0.691830 0.038971 0.055556
3 0.450919 0.822549 0.037132 0.072549
3 0.510662 0.676144 0.033824 0.056863
3 0.446875 0.698366 0.031985 0.060784
3 0.469669 0.351961 0.012132 0.017647
3 0.463051 0.334967 0.013603 0.015033
3 0.446140 0.310131 0.009191 0.015033