4 0.852679 0.724868 0.020833 0.026455
4 0.837054 0.692460 0.023810 0.030423
4 0.872768 0.609127 0.016369 0.046296
3 0.882068 0.677249 0.012649 0.042328
3 0.125000 0.596561 0.026786 0.031746
3 0.201265 0.488095 0.026042 0.034392
3 0.011533 0.609127 0.021577 0.051587
3 0.857515 0.189153 0.027530 0.029101
5 0.963914 0.132937 0.030506 0.035714
5 0.717634 0.162698 0.020089 0.039683
4 0.741071 0.242725 0.025298 0.022487
3 0.301339 0.229497 0.017857 0.054233
3 0.260789 0.206349 0.018601 0.042328
4 0.253348 0.156085 0.017113 0.050265
4 0.286458 0.150794 0.016369 0.044974
8 0.752232 0.309524 0.063988 0.029101
4 0.598214 0.180556 0.023810 0.038360
4 0.369048 0.160053 0.017857 0.044974
4 0.390625 0.281085 0.017857 0.038360
3 0.409226 0.371693 0.017857 0.044974
3 0.431176 0.488095 0.014137 0.037037
3 0.199777 0.559524 0.026042 0.031746
3 0.464658 0.755291 0.023065 0.050265
4 0.493676 0.879630 0.018601 0.050265
4 0.460938 0.931878 0.015625 0.041005
7 0.442708 0.466931 0.011905 0.034392
7 0.460193 0.625000 0.009673 0.025132
7 0.530506 0.983466 0.011905 0.027778
9 0.342262 0.020503 0.013393 0.022487
9 0.354911 0.072751 0.010417 0.023810
9 0.332961 0.323413 0.014137 0.038360
9 0.377604 0.580688 0.012649 0.021164
9 0.614955 0.664021 0.014137 0.018519
9 0.487723 0.958333 0.009673 0.019841
0 0.261905 0.115741 0.008929 0.011905
0 0.226562 0.471561 0.009673 0.014550
4 0.891369 0.326720 0.031250 0.031746
3 0.575521 0.398810 0.024554 0.025132
3 0.206845 0.644180 0.029762 0.037037
5 0.237351 0.623677 0.028274 0.027778
5 0.269345 0.607804 0.029762 0.030423
4 0.950149 0.312831 0.031250 0.030423
4 0.604911 0.386905 0.023810 0.022487
3 0.645089 0.386905 0.028274 0.025132
3 0.647321 0.650132 0.026786 0.038360
4 0.654390 0.691138 0.026042 0.038360
3 0.686012 0.595899 0.026786 0.038360
3 0.694568 0.630291 0.026042 0.041005
3 0.404390 0.459656 0.018601 0.051587
7 0.746652 0.173280 0.014137 0.031746
3 0.041667 0.211640 0.026786 0.031746
0 0.158110 0.541667 0.011161 0.014550