3 0.437868 0.566667 0.028676 0.066667
3 0.486765 0.566013 0.025000 0.057516
3 0.524265 0.526144 0.025000 0.045752
3 0.922059 0.973856 0.069118 0.047059
3 0.807353 0.756863 0.052941 0.083660
3 0.067279 0.856863 0.090441 0.142484
3 0.223162 0.698693 0.074265 0.066667
3 0.027206 0.853595 0.054412 0.135948
3 0.244853 0.674510 0.073529 0.057516
3 0.282721 0.556209 0.058088 0.043137
4 0.498897 0.455556 0.021324 0.043137
3 0.473529 0.412418 0.017647 0.035294
3 0.500368 0.394771 0.015441 0.028758
3 0.215441 0.518301 0.030882 0.043137
3 0.719118 0.484967 0.042647 0.031373
3 0.293382 0.537908 0.055882 0.037908
0 0.841912 0.881699 0.019118 0.064052
4 0.307353 0.496732 0.047059 0.041830
1 0.719853 0.607843 0.010294 0.031373
3 0.827206 0.609150 0.057353 0.049673
1 0.216176 0.970588 0.025000 0.053595
1 0.251103 0.956209 0.019853 0.069281
4 0.506618 0.340523 0.013235 0.027451
4 0.384559 0.345752 0.026471 0.027451
3 0.758456 0.515033 0.047794 0.036601
3 0.344853 0.464706 0.039706 0.037908
9 0.247426 0.973856 0.033088 0.044444
3 0.419853 0.341830 0.029412 0.019608
0 0.341176 0.467320 0.010294 0.032680
0 0.322059 0.463399 0.008824 0.032680
1 0.255515 0.445752 0.009559 0.020915
9 0.461397 0.352941 0.011029 0.015686
0 0.666176 0.419608 0.007353 0.023529
3 0.658088 0.325490 0.022059 0.023529
3 0.326471 0.334641 0.029412 0.020915
3 0.361397 0.335948 0.028676 0.023529
3 0.451471 0.303922 0.013235 0.024837
3 0.470221 0.299346 0.016912 0.026144
3 0.590074 0.301961 0.016912 0.026144
3 0.676471 0.343137 0.017647 0.022222
3 0.636765 0.318954 0.014706 0.023529
3 0.359926 0.454248 0.031618 0.027451
3 0.355882 0.440523 0.035294 0.020915
3 0.361397 0.430065 0.036029 0.023529
3 0.356985 0.419608 0.033088 0.028758
3 0.381985 0.416993 0.024265 0.026144
3 0.373162 0.400654 0.036029 0.024837
3 0.396691 0.398039 0.024265 0.019608
3 0.394485 0.387582 0.024265 0.019608
3 0.386029 0.382353 0.026471 0.022222
3 0.387500 0.375163 0.023529 0.020915
3 0.394118 0.369935 0.023529 0.020915
3 0.402206 0.366013 0.026471 0.018301
3 0.403676 0.364706 0.022059 0.015686
3 0.318015 0.385621 0.024265 0.028758
3 0.304044 0.379739 0.015441 0.022222
3 0.350735 0.360784 0.016176 0.020915
3 0.337132 0.357516 0.013971 0.027451
3 0.315441 0.356209 0.013235 0.022222
3 0.298162 0.355556 0.015441 0.026144
3 0.365809 0.350327 0.025735 0.023529
3 0.297059 0.333333 0.019118 0.020915
3 0.699265 0.431373 0.032353 0.033987
3 0.610662 0.311765 0.015441 0.019608
3 0.654412 0.342484 0.013235 0.020915
3 0.598529 0.280392 0.008824 0.022222
0 0.419118 0.441830 0.010294 0.023529
0 0.308456 0.417647 0.011029 0.027451
0 0.574632 0.326797 0.011029 0.031373
0 0.640074 0.344444 0.011029 0.035294
3 0.318382 0.513072 0.052941 0.040523
3 0.484926 0.349020 0.013971 0.023529
3 0.558456 0.313725 0.011029 0.018301
2 0.717647 0.615033 0.013235 0.037908