3 0.246507 0.538235 0.106985 0.085621
9 0.461213 0.083987 0.009926 0.028105
1 0.460110 0.078105 0.009926 0.033333
4 0.793934 0.575490 0.094485 0.086928
3 0.893199 0.672876 0.102574 0.090850
3 0.592096 0.640196 0.096691 0.088235
3 0.350551 0.633660 0.101838 0.072549
3 0.720404 0.515359 0.073897 0.071242
3 0.923346 0.496405 0.085662 0.069935
0 0.120037 0.486601 0.020221 0.050327
1 0.427941 0.423529 0.016176 0.044444
2 0.427574 0.434314 0.009559 0.042484
0 0.434559 0.415359 0.012500 0.051634
0 0.443199 0.423203 0.011397 0.046405
6 0.368382 0.409477 0.050735 0.049020
1 0.371140 0.390523 0.009191 0.038562
1 0.253125 0.226144 0.010662 0.027451
0 0.563603 0.327124 0.012500 0.045098
0 0.284926 0.133007 0.008824 0.042484
0 0.304596 0.128431 0.009191 0.041176
3 0.023162 0.385294 0.044853 0.097386
5 0.136397 0.405556 0.069118 0.114379
3 0.226287 0.349346 0.043015 0.086928
3 0.301103 0.048366 0.041176 0.043137
3 0.465441 0.051634 0.027206 0.037908
1 0.929228 0.290850 0.014338 0.032680
0 0.738051 0.466667 0.012132 0.049673
1 0.644118 0.113725 0.012500 0.022222
1 0.445404 0.027124 0.007721 0.034641
0 0.533824 0.317647 0.009559 0.043137
0 0.545221 0.322549 0.010294 0.043791
0 0.511397 0.169608 0.009559 0.045098
9 0.158088 0.964706 0.033088 0.065359
9 0.133272 0.960458 0.026838 0.073856