9 0.292279 0.638562 0.013971 0.032680
9 0.253676 0.720915 0.016176 0.037908
9 0.340441 0.518954 0.011765 0.028758
0 0.269485 0.561438 0.012500 0.045752
0 0.116544 0.472549 0.012500 0.032680
0 0.240809 0.403268 0.009559 0.027451
9 0.255515 0.892157 0.019853 0.050980
9 0.362132 0.467974 0.009559 0.033987
9 0.394485 0.440523 0.011029 0.023529
9 0.397794 0.422876 0.008824 0.022222
7 0.160662 0.548366 0.047794 0.045752
5 0.316544 0.375817 0.021324 0.043137
6 0.201471 0.513072 0.058824 0.043137
6 0.345956 0.439869 0.018382 0.027451
7 0.489706 0.399346 0.013235 0.035294
0 0.588603 0.566667 0.011029 0.035294
3 0.246324 0.554902 0.039706 0.048366
3 0.722426 0.576471 0.055147 0.039216
3 0.701471 0.538562 0.055882 0.044444
7 0.287868 0.553595 0.025735 0.048366
5 0.682353 0.503922 0.055882 0.037908
3 0.587132 0.430719 0.019853 0.032680
3 0.642279 0.457516 0.038971 0.028758
3 0.398897 0.373203 0.016912 0.024837
4 0.302574 0.458170 0.036029 0.045752
3 0.365809 0.413072 0.028676 0.033987
7 0.332353 0.490196 0.027941 0.047059
0 0.259559 0.606536 0.010294 0.044444
3 0.292647 0.422222 0.047059 0.031373
9 0.404779 0.386928 0.009559 0.023529
0 0.603309 0.448366 0.008088 0.026144
9 0.311765 0.498693 0.035294 0.037908
3 0.309559 0.392157 0.035294 0.026144
7 0.222059 0.495425 0.022059 0.041830
7 0.237132 0.503922 0.047794 0.043137
7 0.228309 0.576471 0.041912 0.047059
3 0.598162 0.412418 0.037500 0.035294
3 0.345588 0.357516 0.029412 0.027451
7 0.198529 0.493464 0.022059 0.040523
4 0.509191 0.443137 0.018382 0.036601
6 0.340074 0.455556 0.021324 0.032680
3 0.332721 0.342484 0.027206 0.023529
3 0.325735 0.328105 0.023529 0.026144
9 0.405147 0.399346 0.010294 0.024837
0 0.277941 0.557516 0.011765 0.037908
6 0.381250 0.403268 0.009559 0.024837
3 0.608824 0.366667 0.032353 0.030065
0 0.238235 0.410458 0.010294 0.026144
6 0.307721 0.354902 0.021324 0.024837
1 0.570956 0.430719 0.009559 0.024837
0 0.631985 0.529412 0.011029 0.033987
0 0.473897 0.750327 0.013971 0.054902
3 0.536397 0.564052 0.027206 0.053595
3 0.580882 0.879739 0.048529 0.104575
3 0.350735 0.575817 0.030882 0.053595
3 0.435294 0.389542 0.014706 0.026144
3 0.137132 0.523529 0.059559 0.048366
6 0.115441 0.503268 0.045588 0.041830
6 0.123897 0.555556 0.046324 0.041830