0 0.785977 0.770775 0.020483 0.071895
0 0.813288 0.751167 0.017332 0.064426
1 0.804097 0.691877 0.025210 0.059757
1 0.793592 0.669001 0.024160 0.051354
1 0.789391 0.653128 0.025210 0.049486
9 0.299632 0.596639 0.016282 0.056022
0 0.268382 0.765640 0.025210 0.093371
0 0.488708 0.618581 0.015231 0.070028
0 0.511029 0.611578 0.015756 0.067227
1 0.534664 0.605976 0.016807 0.067227
0 0.563550 0.616246 0.015756 0.067227
0 0.494485 0.798319 0.024685 0.082166
0 0.532038 0.768908 0.026261 0.077498
0 0.524422 0.814659 0.029937 0.071895
0 0.574317 0.774510 0.021534 0.084967
0 0.551208 0.801587 0.022584 0.092437
0 0.516019 0.685341 0.020483 0.074697
0 0.513918 0.699813 0.028887 0.068161
9 0.884979 0.816993 0.042017 0.054155
2 0.944065 0.848739 0.056197 0.061625
1 0.956933 0.930906 0.043067 0.080299
0 0.976103 0.964052 0.046744 0.058824
0 0.214286 0.939309 0.030462 0.093371
0 0.519433 0.856676 0.045168 0.094304