2 0.006040 0.338469 0.011029 0.049486
9 0.616859 0.166667 0.020483 0.019608
2 0.748687 0.280579 0.009979 0.027077
9 0.672006 0.248833 0.032038 0.038282
8 0.569328 0.377218 0.163866 0.128852
3 0.571166 0.787582 0.090861 0.170868
3 0.416229 0.510738 0.109769 0.078431
3 0.677258 0.523810 0.088761 0.078431
3 0.911502 0.540616 0.099265 0.087768
3 0.219275 0.408030 0.084559 0.069094
3 0.334821 0.365546 0.078256 0.066293
3 0.384191 0.424837 0.086660 0.063492
3 0.267857 0.496265 0.101891 0.083100
1 0.660977 0.777311 0.020483 0.055089
0 0.643382 0.726891 0.022059 0.062558
0 0.686187 0.740896 0.022584 0.070028
0 0.668592 0.709617 0.018908 0.063492
1 0.640756 0.623249 0.023109 0.055089
9 0.338235 0.648459 0.037815 0.045752
1 0.418592 0.555089 0.014706 0.058824
2 0.422006 0.555089 0.041492 0.040149
1 0.428834 0.543884 0.012080 0.045752
9 0.247111 0.304855 0.027836 0.034547
1 0.098214 0.372082 0.017857 0.055089
1 0.117647 0.357610 0.012605 0.050420
2 0.100578 0.380952 0.036239 0.041083
9 0.115809 0.369281 0.036239 0.036415
1 0.600053 0.342204 0.013130 0.040149
9 0.606355 0.356676 0.030987 0.033613
0 0.481880 0.233427 0.013130 0.044818
0 0.452994 0.052754 0.006828 0.034547
9 0.354517 0.191410 0.021008 0.029879
0 0.915704 0.273109 0.009979 0.034547
0 0.914653 0.265640 0.011029 0.038282
0 0.296481 0.220822 0.006828 0.042017
0 0.288078 0.207750 0.009979 0.040149
2 0.011817 0.339402 0.018382 0.043884
3 0.175420 0.844071 0.106092 0.194211
3 0.483193 0.206349 0.023109 0.061625
3 0.938813 0.818394 0.120273 0.170868
3 0.587447 0.200280 0.030987 0.055089
3 0.437500 0.062092 0.023109 0.040149
3 0.054097 0.509804 0.108193 0.095238
3 0.641019 0.143324 0.050945 0.043884
3 0.581670 0.016340 0.042542 0.028945
4 0.446691 0.021942 0.020483 0.036415
6 0.665179 0.803455 0.036239 0.107376
0 0.922794 0.672736 0.023109 0.070028
9 0.683561 0.289916 0.008929 0.036415
2 0.750263 0.301587 0.015231 0.031746
9 0.789653 0.293184 0.009979 0.041083
9 0.806197 0.290850 0.012605 0.036415
9 0.862395 0.306256 0.009454 0.035481
9 0.894695 0.281513 0.015231 0.036415
2 0.907038 0.309524 0.012605 0.036415
9 0.959296 0.312792 0.023634 0.050420
9 0.478729 0.069094 0.012080 0.024276
0 0.327994 0.767507 0.020483 0.069094
0 0.348214 0.769841 0.024160 0.070028
1 0.485032 0.264239 0.015231 0.031746
6 0.484506 0.275910 0.020483 0.043884
1 0.403624 0.299253 0.015231 0.045752
9 0.403887 0.308123 0.023109 0.041083
1 0.174107 0.644258 0.020483 0.056022
9 0.177521 0.655462 0.046218 0.044818
4 0.506565 0.584500 0.088761 0.095238
9 0.336397 0.251634 0.026786 0.034547
9 0.387868 0.185808 0.020483 0.026144
9 0.387342 0.162465 0.024685 0.028011
1 0.696691 0.958450 0.014181 0.045752
9 0.694065 0.974323 0.015231 0.047619
0 0.119485 0.331933 0.013130 0.045752
0 0.502363 0.126050 0.009979 0.041083
0 0.521271 0.257236 0.015231 0.045752
0 0.459821 0.068627 0.007878 0.038282
0 0.616859 0.188142 0.007878 0.028945
0 0.614233 0.179739 0.007878 0.028945
1 0.334296 0.636321 0.020483 0.055089
2 0.642069 0.639122 0.041492 0.045752
0 0.394695 0.265640 0.012080 0.049486
0 0.389968 0.282446 0.011029 0.045752
9 0.250788 0.316993 0.027836 0.030812
9 0.086922 0.342204 0.017332 0.042017
1 0.112658 0.357143 0.015231 0.045752
1 0.486082 0.276844 0.015231 0.027077
9 0.925420 0.618581 0.040966 0.040149
1 0.931460 0.598973 0.020483 0.055089
0 0.695378 0.740896 0.017857 0.055089
5 0.045431 0.435574 0.090861 0.092437
1 0.613708 0.339402 0.011029 0.036415