3 0.090599 0.797386 0.155987 0.158730
3 0.375788 0.887021 0.090861 0.218487
3 0.497637 0.789916 0.075105 0.222222
3 0.402311 0.663866 0.066176 0.205415
3 0.503676 0.562558 0.057773 0.155929
3 0.418330 0.458450 0.058298 0.121382
3 0.506040 0.400560 0.042542 0.089636
3 0.447216 0.350607 0.038340 0.077498
4 0.499475 0.309991 0.035714 0.093371
3 0.622637 0.653595 0.065651 0.145658
3 0.663866 0.341737 0.043067 0.067227
4 0.710347 0.297386 0.044643 0.071895
4 0.718487 0.252101 0.070378 0.050420
3 0.729254 0.233427 0.064601 0.050420
3 0.695903 0.205882 0.064076 0.043884
3 0.551996 0.070495 0.022059 0.032680
1 0.914128 0.692810 0.022584 0.097106
2 0.902574 0.709617 0.049895 0.048553
1 0.940389 0.633520 0.022584 0.084967
2 0.937237 0.640990 0.049895 0.053221
1 0.743172 0.599440 0.021008 0.074697
1 0.748424 0.606909 0.021008 0.069094
9 0.738971 0.608777 0.028361 0.076564
1 0.447479 0.253501 0.008403 0.038282
1 0.451418 0.246965 0.006828 0.030812
2 0.447216 0.269841 0.009979 0.039216
1 0.464811 0.155929 0.008403 0.026144
6 0.466124 0.149393 0.014181 0.042951
1 0.487395 0.168534 0.008403 0.028945
9 0.487658 0.185341 0.007878 0.028945
1 0.629989 0.307190 0.015231 0.046685
2 0.628676 0.323996 0.015756 0.046685
1 0.517595 0.047619 0.016282 0.029879
3 0.942752 0.520542 0.110294 0.116713
3 0.522847 0.010738 0.013130 0.021475
3 0.477153 0.050887 0.017332 0.027077
9 0.577206 0.068161 0.015756 0.035481
0 0.620536 0.163866 0.011029 0.043884
2 0.587447 0.073296 0.013130 0.040149
0 0.637342 0.154528 0.009979 0.042017
0 0.064863 0.305789 0.025735 0.073763
0 0.701943 0.097572 0.015231 0.032680
0 0.597952 0.115780 0.008929 0.042951
0 0.604254 0.117180 0.007878 0.045752
0 0.464023 0.061625 0.012080 0.037348
0 0.618435 0.137722 0.009979 0.043884
0 0.626838 0.161998 0.012080 0.053221
3 0.407826 0.121382 0.051996 0.039216
3 0.424370 0.075163 0.049370 0.036415
4 0.450630 0.045285 0.022059 0.053221
3 0.674370 0.193277 0.060924 0.048553
3 0.660714 0.166200 0.049370 0.044818
3 0.651786 0.109244 0.048319 0.037348
3 0.640231 0.098039 0.050420 0.033613
3 0.602941 0.014006 0.032563 0.022409
3 0.619223 0.048553 0.033613 0.026144
3 0.633929 0.062558 0.035714 0.031746