3 0.473739 0.294585 0.045168 0.062558
3 0.685399 0.253968 0.068277 0.063492
4 0.074842 0.853875 0.127626 0.185808
3 0.317752 0.415500 0.052521 0.104575
3 0.419380 0.210551 0.061450 0.055089
7 0.830882 0.246032 0.047269 0.055089
3 0.373162 0.889823 0.071954 0.218487
3 0.405462 0.478992 0.039916 0.104575
3 0.441176 0.154995 0.026261 0.061625
3 0.514706 0.062558 0.018908 0.035481
3 0.544643 0.291317 0.034664 0.067227
3 0.446429 0.117180 0.021008 0.045752
3 0.407826 0.154062 0.025735 0.057890
1 0.723477 0.943511 0.025735 0.081232
9 0.722164 0.954248 0.029412 0.087768
0 0.161239 0.486461 0.019958 0.056022
0 0.218750 0.374416 0.015231 0.050420
1 0.301471 0.254435 0.009454 0.032680
6 0.385504 0.313259 0.024160 0.055089
1 0.384454 0.305789 0.010504 0.043884
0 0.572216 0.126984 0.009979 0.039216
1 0.413603 0.267040 0.011029 0.035481
9 0.414128 0.283847 0.011029 0.039216
1 0.375263 0.238095 0.009979 0.031746
9 0.375263 0.253035 0.011029 0.033613
9 0.923319 0.177871 0.010504 0.027077
9 0.893120 0.162932 0.012080 0.032680
0 0.939076 0.145658 0.010504 0.029879
0 0.942227 0.155462 0.010504 0.038282
0 0.927784 0.145191 0.008929 0.032680
0 0.895746 0.146125 0.008929 0.032680
3 0.384191 0.017740 0.039391 0.035481
3 0.417542 0.081232 0.023109 0.042951
3 0.169380 0.330999 0.071954 0.064426
3 0.157300 0.245098 0.065651 0.053221
3 0.131040 0.142857 0.035189 0.048553
3 0.161239 0.215219 0.078782 0.055089
3 0.282826 0.129318 0.060399 0.045752
3 0.453256 0.045285 0.021008 0.040149
3 0.351628 0.115780 0.054097 0.037348
3 0.371586 0.070495 0.037290 0.036415
3 0.748950 0.211485 0.066176 0.056956
5 0.842437 0.204482 0.074580 0.061625
9 0.652311 0.205415 0.019958 0.028011
1 0.654412 0.194678 0.012605 0.030812
3 0.592962 0.103641 0.052521 0.046685
3 0.580882 0.094304 0.050420 0.041083
3 0.843487 0.201214 0.072479 0.055089
3 0.507878 0.393557 0.039916 0.084967
9 0.581145 0.321662 0.017332 0.045752
1 0.581670 0.311391 0.012080 0.045752
9 0.352153 0.401027 0.020483 0.049486
1 0.352416 0.386555 0.017857 0.050420
9 0.312237 0.260504 0.023634 0.024276
1 0.309086 0.251634 0.011029 0.030812
9 0.302784 0.269374 0.024685 0.025210