0 0.087973 0.762838 0.015231 0.050420
0 0.080882 0.702148 0.026261 0.069094
1 0.252101 0.460317 0.014706 0.044818
1 0.724265 0.337535 0.015756 0.038282
9 0.723214 0.353875 0.034664 0.031746
3 0.398634 0.053688 0.031513 0.023343
3 0.341124 0.909430 0.077206 0.175537
9 0.258141 0.963119 0.026786 0.068161
1 0.256040 0.945378 0.020483 0.075630
9 0.273372 0.726424 0.020483 0.074697
1 0.272059 0.709617 0.022059 0.061625
3 0.053834 0.610177 0.106618 0.099907
3 0.068277 0.435107 0.073529 0.072829
3 0.063550 0.256303 0.040966 0.056956
3 0.079044 0.386555 0.091912 0.076564
3 0.251838 0.253035 0.075105 0.059757
3 0.439076 0.478525 0.043067 0.114846
3 0.340861 0.222222 0.065126 0.059757
3 0.412027 0.231559 0.028887 0.063492
4 0.374212 0.152194 0.042542 0.041083
3 0.392857 0.081699 0.039916 0.034547
4 0.399685 0.065359 0.034664 0.039216
3 0.851103 0.387021 0.085609 0.066293
7 0.962710 0.385154 0.073529 0.081232
7 0.845063 0.266106 0.053571 0.061625
0 0.853729 0.283847 0.012080 0.041083
7 0.741334 0.257236 0.054097 0.058824
4 0.680147 0.321195 0.066176 0.061625
9 0.721113 0.367414 0.025210 0.032680
1 0.724002 0.353875 0.015231 0.037348
3 0.636292 0.208683 0.056197 0.055089
3 0.622637 0.187208 0.054097 0.051354
4 0.449317 0.306723 0.033088 0.084967
3 0.560662 0.217554 0.030987 0.044818
3 0.512342 0.188142 0.022584 0.040149
3 0.519433 0.148459 0.023109 0.041083
3 0.475578 0.061625 0.020483 0.041083
3 0.477679 0.035948 0.018382 0.032680
7 0.434874 0.065826 0.023109 0.042017
9 0.555935 0.136788 0.007878 0.028945
1 0.556723 0.126984 0.006303 0.024276
9 0.402048 0.192810 0.009979 0.036415
0 0.403099 0.182540 0.012080 0.032680
9 0.450630 0.101307 0.008403 0.028945
9 0.441176 0.182540 0.008403 0.032680
2 0.365284 0.279645 0.014181 0.028945
1 0.365809 0.262838 0.009979 0.032680
9 0.316964 0.345938 0.013130 0.043884
1 0.316176 0.336134 0.015756 0.042951
9 0.259454 0.414099 0.035714 0.043884
1 0.255515 0.402428 0.016282 0.059757
9 0.272321 0.449113 0.033088 0.039216
1 0.265494 0.440243 0.016282 0.049486
9 0.257616 0.472456 0.035189 0.041083
9 0.381303 0.027544 0.017857 0.017740
3 0.409664 0.022409 0.032563 0.028011
3 0.009454 0.242297 0.018908 0.056956
3 0.614496 0.161064 0.050420 0.047619
2 0.901261 0.525210 0.043067 0.043884
1 0.907300 0.507470 0.023634 0.055089
9 0.455357 0.014939 0.008403 0.022409
4 0.434349 0.034080 0.016807 0.038282