3 0.491927 0.666667 0.018229 0.042593
4 0.541927 0.884259 0.033854 0.090741
3 0.663021 0.756481 0.032292 0.057407
3 0.487760 0.528241 0.015104 0.032407
3 0.285156 0.878241 0.040104 0.076852
5 0.310417 0.799074 0.043750 0.085185
4 0.344271 0.695833 0.030208 0.060185
8 0.360677 0.652778 0.033854 0.075926
4 0.458594 0.650926 0.025521 0.042593
3 0.406771 0.683333 0.022917 0.044444
3 0.451042 0.577315 0.015625 0.028704
3 0.606510 0.724074 0.026562 0.055556
3 0.576302 0.600000 0.031771 0.033333
3 0.284896 0.628241 0.040625 0.032407
6 0.189844 0.780556 0.028646 0.050000
6 0.115885 0.925000 0.034896 0.055556
0 0.481771 0.618981 0.007292 0.026852
0 0.664583 0.802315 0.009375 0.036111
9 0.428385 0.574074 0.007812 0.020370
9 0.718490 0.896759 0.029687 0.036111
8 0.504427 0.484722 0.014063 0.039815
3 0.383854 0.601852 0.017708 0.031481
3 0.393490 0.572222 0.018229 0.033333
9 0.412760 0.584722 0.010937 0.021296
3 0.514583 0.587963 0.017708 0.029630
3 0.516406 0.638426 0.018229 0.036111
0 0.459115 0.520370 0.006771 0.020370
3 0.315885 0.596759 0.024479 0.034259
4 0.355990 0.594907 0.023438 0.041667
3 0.582292 0.512500 0.025000 0.025000
3 0.579948 0.500926 0.022396 0.024074
0 0.472656 0.517130 0.006771 0.023148
3 0.332031 0.741667 0.033854 0.059259