3 0.494485 0.510738 0.042542 0.095238
3 0.573792 0.509804 0.046744 0.095238
3 0.051471 0.780112 0.102941 0.101774
4 0.074317 0.661531 0.113971 0.127918
3 0.332195 0.384220 0.046744 0.083100
3 0.415179 0.463119 0.038340 0.093371
3 0.418592 0.295518 0.030462 0.068161
3 0.799370 0.246499 0.063025 0.054155
3 0.486607 0.334734 0.035189 0.066293
3 0.484506 0.189542 0.025735 0.050420
7 0.456408 0.174603 0.019958 0.048553
3 0.487132 0.038282 0.017332 0.031746
3 0.420431 0.172269 0.025735 0.049486
3 0.435662 0.129785 0.019433 0.041083
3 0.441439 0.091970 0.019433 0.036415
3 0.970851 0.197479 0.056197 0.051354
3 0.570903 0.197946 0.054622 0.041083
3 0.150735 0.206349 0.056723 0.050420
3 0.446166 0.069561 0.015231 0.030812
3 0.442489 0.054622 0.018382 0.032680
9 0.373950 0.331933 0.010504 0.034547
9 0.341124 0.645658 0.019433 0.070028
1 0.373162 0.318861 0.008929 0.027077
1 0.339286 0.616713 0.014706 0.049486
1 0.371324 0.356676 0.010504 0.031746
9 0.373424 0.376284 0.011555 0.035481
1 0.367647 0.428571 0.014706 0.037348
6 0.369748 0.442110 0.025210 0.066293
1 0.525998 0.124650 0.007878 0.027077
9 0.525998 0.130719 0.007878 0.026144
1 0.524422 0.161998 0.007878 0.030812
9 0.525210 0.169468 0.010504 0.030812
9 0.357668 0.321195 0.009454 0.033613
1 0.356880 0.303455 0.011029 0.028011
1 0.595063 0.422035 0.011555 0.041083
9 0.595063 0.439309 0.012605 0.043884
0 0.311712 0.366947 0.014181 0.050420
0 0.220588 0.368347 0.017857 0.049486
1 0.225578 0.264706 0.009979 0.028945
6 0.407038 0.145191 0.016807 0.027077
1 0.405987 0.137255 0.008403 0.024276
0 0.453782 0.131653 0.010504 0.039216
9 0.876838 0.188142 0.008929 0.027077
9 0.849527 0.175537 0.012080 0.029879
0 0.819328 0.154062 0.010504 0.029879
0 0.817752 0.169468 0.010504 0.030812
0 0.805935 0.158263 0.008929 0.032680
0 0.763393 0.187208 0.008929 0.032680
3 0.384979 0.060691 0.030462 0.029879
3 0.384191 0.044818 0.030987 0.031746
3 0.441439 0.036415 0.018382 0.026144
3 0.203256 0.328198 0.070378 0.062558
3 0.177784 0.259104 0.062500 0.049486
3 0.178571 0.228291 0.075630 0.055089
3 0.352416 0.145191 0.049370 0.036415
3 0.371586 0.105509 0.038340 0.035481
3 0.712185 0.222222 0.054622 0.050420
5 0.800158 0.214753 0.064601 0.054155
9 0.883403 0.209617 0.022059 0.023343
1 0.885242 0.200280 0.012080 0.030812
3 0.574317 0.132120 0.047794 0.047619
3 0.566439 0.120448 0.045693 0.037348
3 0.509454 0.763772 0.057773 0.162465
9 0.638655 0.744164 0.026261 0.072829
1 0.639181 0.732493 0.025210 0.079365
9 0.323004 0.487862 0.021008 0.045752
1 0.320903 0.468721 0.017857 0.048553
9 0.290966 0.274043 0.022059 0.023343
1 0.288340 0.257703 0.011555 0.031746
9 0.228729 0.278245 0.024685 0.024276
9 0.039653 0.600840 0.036239 0.049486
3 0.412027 0.034080 0.014181 0.034547
3 0.482143 0.095705 0.017857 0.036415