2 0.389695 0.291336 0.009301 0.025794
3 0.446801 0.143849 0.014137 0.025794
1 0.584263 0.287698 0.013765 0.029101
3 0.422247 0.120701 0.014881 0.020503
9 0.191034 0.284722 0.023438 0.019180
1 0.190476 0.277116 0.011161 0.025132
3 0.340216 0.086971 0.012277 0.020503
3 0.209263 0.272817 0.029390 0.032407
2 0.378906 0.307209 0.008557 0.025794
2 0.392671 0.303902 0.009301 0.028439
3 0.490141 0.927579 0.067336 0.139550
4 0.494234 0.771495 0.052455 0.135582
1 0.764695 0.907738 0.021205 0.042989
1 0.763579 0.881283 0.023438 0.049603
2 0.762835 0.904762 0.022693 0.074074
8 0.611979 0.671627 0.072173 0.271825
5 0.438244 0.286045 0.023810 0.042989
3 0.467820 0.276455 0.021205 0.034392
3 0.441406 0.254299 0.017485 0.032407
3 0.474702 0.257937 0.016369 0.030423
8 0.435826 0.218585 0.026414 0.068122
3 0.463728 0.245040 0.019717 0.029762
4 0.859933 0.531415 0.081473 0.082672
6 0.559896 0.233796 0.016369 0.028439
2 0.585007 0.299603 0.015997 0.021164
3 0.465588 0.229497 0.018229 0.027778
3 0.458519 0.217262 0.017485 0.025794
3 0.455357 0.206019 0.012649 0.027116
3 0.425967 0.183532 0.014137 0.027116
4 0.422433 0.170304 0.013765 0.019180
4 0.417225 0.159722 0.013021 0.019180
5 0.446987 0.175595 0.018229 0.031085
3 0.432478 0.170304 0.013021 0.023148
5 0.323289 0.174603 0.027530 0.042328