3 0.458333 0.018519 0.025298 0.031746
3 0.318080 0.558201 0.040923 0.126984
3 0.324405 0.340608 0.037202 0.088624
3 0.649926 0.648148 0.057292 0.134921
6 0.793527 0.934524 0.042411 0.075397
3 0.021205 0.205026 0.042411 0.044974
9 0.466518 0.071429 0.007440 0.023810
2 0.502604 0.137566 0.006696 0.023810
3 0.523438 0.800265 0.054315 0.171958
3 0.497024 0.521825 0.041667 0.101852
3 0.469866 0.321429 0.036458 0.082011
3 0.409598 0.194444 0.043899 0.050265
3 0.322545 0.092593 0.027530 0.052910
3 0.267857 0.305556 0.032738 0.082011
8 0.582589 0.362434 0.101190 0.277778
3 0.085938 0.191138 0.061756 0.046296
4 0.527530 0.179894 0.031250 0.058201
3 0.366443 0.142196 0.042411 0.054233
0 0.136161 0.308862 0.014881 0.035714
0 0.133557 0.298280 0.014137 0.033069
3 0.453869 0.150794 0.023810 0.052910
4 0.084821 0.096561 0.029762 0.047619
0 0.060640 0.169974 0.011161 0.033069
7 0.644717 0.060847 0.040923 0.042328
2 0.261905 0.232143 0.016369 0.051587
1 0.260789 0.212302 0.014137 0.041005
1 0.501860 0.123016 0.008185 0.023810
1 0.465402 0.059524 0.008185 0.023810
0 0.153646 0.156746 0.011161 0.030423
0 0.230283 0.054894 0.009673 0.030423