4 0.537553 0.268908 0.073004 0.054155
3 0.422794 0.372082 0.052521 0.086835
3 0.462710 0.330065 0.039916 0.064426
3 0.532826 0.246499 0.056197 0.037348
3 0.218750 0.577965 0.158088 0.104575
3 0.315389 0.102708 0.017332 0.026144
4 0.549107 0.232026 0.048845 0.045752
3 0.565389 0.220822 0.043592 0.032680
3 0.257878 0.437908 0.114496 0.076564
3 0.280987 0.387021 0.093487 0.060691
3 0.286239 0.358077 0.093487 0.053221
3 0.313813 0.333333 0.084559 0.057890
3 0.329569 0.316060 0.070903 0.043884
3 0.349790 0.294118 0.061975 0.054155
3 0.366334 0.281979 0.065651 0.054155
3 0.381828 0.262372 0.060924 0.054155
3 0.397584 0.257703 0.043067 0.033613
3 0.433561 0.233894 0.054097 0.038282
0 0.798057 0.314192 0.012080 0.055089
0 0.772321 0.462652 0.020483 0.077498
0 0.760242 0.488329 0.018382 0.076564
0 0.745011 0.464519 0.015231 0.077498
0 0.639968 0.678338 0.033088 0.099907
0 0.470063 0.672736 0.023109 0.099907
3 0.357405 0.079365 0.014181 0.020542
3 0.040179 0.297386 0.062500 0.062558
3 0.103729 0.253968 0.053046 0.065359
3 0.124475 0.182073 0.027311 0.044818
3 0.101103 0.195612 0.045693 0.043884
3 0.348477 0.085434 0.015231 0.021475
9 0.333508 0.104575 0.008403 0.028011
3 0.259191 0.163866 0.029937 0.036415
0 0.059086 0.467787 0.020483 0.082166
0 0.027574 0.470121 0.025735 0.086835
0 0.017069 0.467320 0.016282 0.077498
3 0.120273 0.660131 0.176471 0.183007
0 0.672006 0.222689 0.013130 0.040149
0 0.672532 0.284314 0.014181 0.045752
0 0.684611 0.212418 0.008929 0.036415
0 0.698529 0.221755 0.006303 0.036415
0 0.699317 0.220822 0.007878 0.042017
0 0.721113 0.219421 0.007353 0.041083
0 0.732668 0.223156 0.011555 0.039216
0 0.640756 0.229692 0.011555 0.033613
0 0.684611 0.224090 0.009979 0.033613
0 0.455882 0.297386 0.013655 0.043884
3 0.191964 0.186741 0.030987 0.035481
0 0.865809 0.365546 0.014181 0.045752
0 0.875788 0.365546 0.011029 0.055089
9 0.128676 0.222689 0.018908 0.053221
3 0.863183 0.943044 0.144433 0.110177
3 0.684874 0.880486 0.118697 0.225957
3 0.534139 0.866013 0.163866 0.245565
3 0.406250 0.804855 0.097164 0.222222
3 0.261292 0.828665 0.147584 0.243697
5 0.995011 0.633987 0.007878 0.143791
0 0.967174 0.633520 0.021534 0.094304
0 0.575630 0.816993 0.017857 0.087768
0 0.489233 0.818394 0.024685 0.116713
3 0.128414 0.781513 0.175945 0.231559
3 0.782563 0.647993 0.164916 0.119514
3 0.606618 0.599907 0.143908 0.105509
9 0.320641 0.585901 0.018382 0.077498
3 0.589811 0.542017 0.142857 0.086835
3 0.917542 0.489262 0.112395 0.080299
3 0.683036 0.485994 0.115021 0.090570
3 0.530987 0.508870 0.112395 0.097106
3 0.500000 0.470121 0.111345 0.075630
3 0.492647 0.428105 0.109244 0.075630
3 0.214811 0.208683 0.040966 0.047619
0 0.743697 0.432773 0.017857 0.071895
3 0.629464 0.459851 0.109769 0.094304
3 0.879989 0.439309 0.119223 0.075630
3 0.608718 0.427638 0.099790 0.063492
3 0.837447 0.405696 0.112920 0.066293
3 0.809611 0.378618 0.082458 0.056956
3 0.790704 0.358077 0.083508 0.053221
3 0.584821 0.388889 0.088761 0.068161
3 0.554622 0.347806 0.084034 0.055089
3 0.568540 0.364146 0.078256 0.048553
3 0.548057 0.314659 0.070903 0.048553
3 0.534926 0.293651 0.068803 0.040149