3 0.053571 0.225957 0.084034 0.063492
2 0.210347 0.187675 0.013130 0.033613
2 0.222426 0.202148 0.011029 0.042017
2 0.236082 0.195612 0.012080 0.038282
3 0.262868 0.184407 0.038340 0.077498
3 0.315914 0.149860 0.047794 0.088702
0 0.257090 0.690476 0.012080 0.047619
3 0.841649 0.387021 0.082458 0.079365
0 0.765231 0.304855 0.015756 0.042017
0 0.773109 0.303922 0.014706 0.043884
3 0.159926 0.252568 0.079307 0.064426
2 0.628676 0.672736 0.014706 0.058824
0 0.650735 0.176004 0.008403 0.045752
0 0.779674 0.220822 0.015231 0.043884
0 0.117910 0.197946 0.011029 0.048553
0 0.787027 0.218954 0.015231 0.042017
0 0.785977 0.980859 0.016282 0.030812
0 0.773897 0.964519 0.016282 0.041083
0 0.797794 0.925770 0.015756 0.040149
0 0.817489 0.912698 0.016282 0.043884
0 0.789653 0.880486 0.020483 0.046685
6 0.520483 0.494398 0.027311 0.062558
0 0.640494 0.174136 0.011029 0.036415
0 0.760242 0.974790 0.016282 0.031746
3 0.719013 0.315593 0.071429 0.074697
0 0.174632 0.742764 0.020483 0.049486
2 0.259716 0.531746 0.026786 0.040149
9 0.037027 0.456583 0.048845 0.048553
2 0.723739 0.380019 0.023109 0.037348
0 0.735294 0.092437 0.015756 0.042951
3 0.334559 0.918301 0.074580 0.159664
3 0.415966 0.573296 0.063025 0.154995
3 0.604779 0.109711 0.034139 0.086835
3 0.470063 0.324463 0.050420 0.127918
3 0.184086 0.336601 0.082458 0.088702
3 0.375788 0.245098 0.064601 0.096172
2 0.273109 0.836601 0.019958 0.061625
2 0.656513 0.290383 0.014706 0.044818
0 0.778099 0.291783 0.013130 0.045752
0 0.207458 0.204482 0.013655 0.044818
2 0.080882 0.563959 0.029412 0.044818
0 0.992647 0.444444 0.012605 0.059757
0 0.750000 0.135854 0.013655 0.038282
9 0.029149 0.822129 0.029937 0.040149
9 0.022847 0.884220 0.044643 0.037348
9 0.038340 0.929505 0.053571 0.045752
0 0.183561 0.105042 0.023634 0.049486
3 0.048057 0.407563 0.096113 0.079365