3 0.032038 0.301587 0.035714 0.059757
3 0.034401 0.239963 0.040441 0.054155
3 0.775473 0.853875 0.039391 0.047619
3 0.561187 0.616713 0.027836 0.060691
3 0.519695 0.842204 0.038340 0.059757
3 0.465599 0.821195 0.034139 0.071895
3 0.612920 0.306256 0.030462 0.065359
9 0.373687 0.908964 0.012080 0.028945
2 0.433561 0.329132 0.016282 0.017740
9 0.363183 0.903828 0.009979 0.024276
0 0.399160 0.633520 0.009454 0.014006
9 0.376838 0.298786 0.016282 0.022409
0 0.638393 0.669001 0.012080 0.025210
0 0.646796 0.507470 0.007878 0.014006
0 0.350053 0.757703 0.007878 0.017740
3 0.309611 0.589169 0.039391 0.039216
3 0.327994 0.556022 0.037290 0.045752
3 0.337447 0.517274 0.038340 0.044818
3 0.254989 0.557890 0.039391 0.045752
3 0.283088 0.529412 0.037815 0.041083
3 0.289391 0.483193 0.038866 0.045752
3 0.214548 0.527077 0.037290 0.038282
4 0.232668 0.497666 0.039916 0.044818
3 0.241597 0.452381 0.033613 0.040149
3 0.168067 0.503735 0.040966 0.043884
3 0.184611 0.469188 0.039391 0.047619
3 0.200630 0.430439 0.037815 0.044818
3 0.717174 0.676471 0.040441 0.043884
3 0.718487 0.636321 0.035714 0.045752
3 0.721113 0.584500 0.035714 0.039216
3 0.743697 0.554155 0.039916 0.043884
3 0.750788 0.701681 0.034139 0.036415
3 0.776786 0.667600 0.039916 0.046685
3 0.816439 0.643791 0.041492 0.045752
3 0.801733 0.591970 0.040441 0.046685
3 0.790704 0.726891 0.038340 0.043884
3 0.837185 0.756769 0.039916 0.043884
3 0.881565 0.780112 0.042542 0.045752
3 0.925420 0.803922 0.039916 0.046685
3 0.115809 0.381886 0.040441 0.041083
3 0.052521 0.357610 0.040966 0.037348
3 0.110294 0.474790 0.040966 0.047619
3 0.068277 0.442577 0.040966 0.048553
3 0.105305 0.281046 0.038340 0.042951
3 0.168330 0.316060 0.043592 0.049486
4 0.066964 0.281979 0.039391 0.042951
8 0.486082 0.612979 0.034139 0.146592
3 0.984506 0.978525 0.027836 0.039216
5 0.625263 0.356676 0.028887 0.061625
5 0.370798 0.977591 0.031513 0.039216
3 0.733981 0.047152 0.025735 0.058824
3 0.672006 0.746499 0.040441 0.051354
3 0.612658 0.668534 0.028887 0.069094
8 0.468750 0.374883 0.083508 0.062558
3 0.768645 0.009804 0.032038 0.019608
3 0.553834 0.464986 0.027836 0.069094
3 0.564338 0.368347 0.029937 0.060691
4 0.972689 0.830999 0.048319 0.048553
3 0.040179 0.400560 0.024685 0.065359
3 0.014181 0.409897 0.028361 0.042951