3 0.464811 0.715219 0.081933 0.147526
4 0.350053 0.953782 0.058298 0.090570
9 0.353466 0.789916 0.028361 0.082166
9 0.497374 0.597106 0.027311 0.053221
9 0.537290 0.952848 0.036765 0.079365
9 0.462973 0.962652 0.032038 0.072829
3 0.832458 0.768908 0.089286 0.116713
3 0.912815 0.742764 0.092437 0.111111
3 0.871849 0.654528 0.099790 0.080299
0 0.956145 0.874883 0.022584 0.074697
1 0.968487 0.972923 0.036765 0.050420
0 0.951155 0.663399 0.018908 0.066293
3 0.675683 0.499066 0.062500 0.070028
4 0.641282 0.452848 0.064076 0.070962
3 0.736345 0.434641 0.071429 0.058824
3 0.651523 0.426237 0.068803 0.058824
3 0.730830 0.404295 0.066702 0.050420
3 0.816702 0.412698 0.068277 0.056022
3 0.894170 0.401027 0.069853 0.053221
4 0.961397 0.384687 0.071954 0.061625
3 0.870798 0.372549 0.052521 0.044818
3 0.795956 0.344538 0.062500 0.044818
3 0.695903 0.320261 0.040966 0.052288
3 0.733718 0.322129 0.053571 0.044818
4 0.810924 0.302988 0.053571 0.047619
4 0.929359 0.287115 0.049895 0.049486
3 0.224790 0.477591 0.057773 0.070028
9 0.148897 0.452381 0.016282 0.051354
6 0.189076 0.436975 0.025210 0.048553
9 0.186975 0.459851 0.016807 0.055089
3 0.217962 0.354809 0.030462 0.057890
3 0.171218 0.364146 0.031513 0.065359
4 0.089023 0.345472 0.042542 0.069094
4 0.119748 0.307190 0.029412 0.059757
3 0.161765 0.318394 0.029412 0.056022
3 0.165179 0.285714 0.027836 0.050420
4 0.086134 0.301120 0.031513 0.064426
3 0.091912 0.245565 0.026261 0.041083
3 0.121324 0.216620 0.022059 0.037348
3 0.096113 0.217087 0.024160 0.038282
4 0.386029 0.309057 0.051471 0.052288
3 0.360294 0.296919 0.037815 0.042951
4 0.339023 0.282446 0.036239 0.045752
3 0.289128 0.241363 0.025735 0.032680
3 0.335084 0.208683 0.044118 0.032680
4 0.335872 0.191877 0.036239 0.034547
3 0.271271 0.171802 0.029937 0.031746
8 0.300683 0.158263 0.041492 0.077498
4 0.215074 0.154062 0.019433 0.035481
5 0.273634 0.099440 0.066176 0.060691
3 0.106618 0.171335 0.022059 0.036415
4 0.128676 0.161998 0.017857 0.040149
4 0.138393 0.139122 0.018382 0.031746
4 0.141282 0.110177 0.018908 0.035481
3 0.183824 0.139122 0.017857 0.031746
3 0.176733 0.109244 0.016282 0.029879
5 0.107405 0.112979 0.029937 0.069094
3 0.196166 0.087768 0.017332 0.024276
3 0.175420 0.059757 0.014706 0.026144
4 0.132878 0.095705 0.024160 0.030812
3 0.168067 0.038282 0.012605 0.022409
3 0.197479 0.022409 0.019958 0.018674
6 0.615021 0.384687 0.030462 0.046685
6 0.662027 0.376284 0.033088 0.041083
6 0.689863 0.363679 0.037290 0.049486
6 0.714548 0.358543 0.030987 0.042951
0 0.283613 0.383754 0.012605 0.048553
0 0.302258 0.287582 0.009979 0.037348
0 0.310399 0.288049 0.012605 0.034547
0 0.136292 0.562558 0.015231 0.051354
0 0.128151 0.564426 0.015756 0.053221
0 0.117122 0.341737 0.011555 0.042951
9 0.271534 0.287115 0.012605 0.030812
0 0.148634 0.245565 0.009454 0.033613
0 0.158351 0.134454 0.008929 0.028011
9 0.356355 0.328665 0.018382 0.033613
9 0.242910 0.167134 0.009979 0.028011
0 0.166492 0.136788 0.008403 0.028945
1 0.534664 0.935574 0.023109 0.057890
9 0.478204 0.922035 0.028887 0.077498
1 0.476366 0.913632 0.025210 0.064426