9 0.464286 0.541005 0.027530 0.039683
9 0.542039 0.408399 0.022321 0.062831
6 0.610305 0.287698 0.012277 0.029101
6 0.588542 0.405093 0.028274 0.045635
6 0.580357 0.378307 0.028274 0.050265
9 0.611049 0.358135 0.011533 0.029762
0 0.567150 0.286706 0.007812 0.029762
9 0.057850 0.663360 0.034598 0.034392
3 0.056548 0.645833 0.031250 0.036376
3 0.058408 0.624339 0.036458 0.034392
9 0.718192 0.246362 0.012277 0.027116
6 0.743490 0.236442 0.018973 0.029762
9 0.646949 0.315807 0.011905 0.028439
9 0.741629 0.220569 0.012277 0.020503
9 0.772321 0.203042 0.012649 0.026455
3 0.010045 0.958995 0.020089 0.079365
3 0.929874 0.124008 0.024182 0.037698
6 0.709449 0.885913 0.048363 0.073413
9 0.464658 0.566138 0.025298 0.038360
9 0.445685 0.500661 0.024554 0.043651
2 0.270089 0.685185 0.024554 0.048942
9 0.807292 0.964947 0.033482 0.050265
6 0.611793 0.816138 0.077753 0.085979
9 0.154390 0.953704 0.044643 0.071429
9 0.174107 0.879299 0.031994 0.041667
9 0.425595 0.731812 0.027530 0.040344
9 0.372396 0.637566 0.022321 0.046296
2 0.439732 0.959325 0.027530 0.061508
9 0.603981 0.409061 0.013765 0.037698
1 0.523810 0.544312 0.011905 0.048942
1 0.477121 0.501984 0.015253 0.044974
1 0.476749 0.330026 0.032366 0.039683
0 0.574963 0.312831 0.006324 0.027778
9 0.521577 0.368056 0.006696 0.037698
9 0.184896 0.554563 0.014137 0.042989
4 0.560826 0.718254 0.081473 0.105820
3 0.454055 0.669643 0.070312 0.081349
3 0.396949 0.572751 0.059524 0.070106
3 0.338728 0.523810 0.062128 0.060847
3 0.273810 0.554563 0.052083 0.083995
3 0.157924 0.754299 0.044271 0.087963
0 0.094308 0.620040 0.011533 0.045635
0 0.111607 0.687169 0.015625 0.050265
0 0.094680 0.569775 0.012277 0.040344
0 0.763765 0.781085 0.019345 0.054233
0 0.792225 0.717593 0.012277 0.038360
0 0.789807 0.740410 0.014137 0.046958
0 0.861979 0.580688 0.010417 0.044974
0 0.851190 0.578704 0.015625 0.054233
0 0.275670 0.819775 0.013393 0.048280
0 0.290551 0.793651 0.016369 0.055556
0 0.313430 0.618386 0.012277 0.039683
0 0.305990 0.616071 0.009301 0.041667
5 0.635417 0.385251 0.048363 0.083995
3 0.667969 0.361111 0.032366 0.054233
3 0.695499 0.323743 0.035342 0.050926
3 0.723772 0.292989 0.031622 0.044974
3 0.749442 0.265873 0.035342 0.043651
3 0.771577 0.235450 0.031250 0.038360
3 0.795201 0.210648 0.029390 0.042989
3 0.814546 0.182209 0.029390 0.041667
5 0.841518 0.145503 0.033482 0.059524
3 0.759859 0.293981 0.036086 0.052249
3 0.797991 0.248347 0.029018 0.046958
3 0.587426 0.322090 0.039435 0.043651
9 0.839472 0.190807 0.011533 0.031085
9 0.852307 0.176257 0.010417 0.028439
3 0.106027 0.311508 0.046131 0.043651
7 0.200149 0.360450 0.033482 0.043651
7 0.293527 0.387897 0.036458 0.052249
6 0.328311 0.586310 0.028646 0.056217
6 0.506324 0.572090 0.036458 0.060847
0 0.228981 0.615410 0.013765 0.048280
9 0.194010 0.606151 0.016741 0.041667
9 0.324963 0.829696 0.019717 0.057540
1 0.325707 0.822751 0.020461 0.044974
9 0.262091 0.618717 0.020461 0.050926
9 0.372210 0.635251 0.021205 0.048280
9 0.477865 0.515212 0.019717 0.044974
9 0.521019 0.548280 0.018229 0.044974
9 0.513765 0.430886 0.012649 0.041667
7 0.544643 0.439484 0.031250 0.068122
7 0.558966 0.445106 0.021205 0.050265
2 0.691220 0.485119 0.019345 0.027116
9 0.816220 0.654762 0.015625 0.044974
9 0.311570 0.654101 0.016741 0.039683
9 0.348214 0.715939 0.022321 0.040344
9 0.486979 0.976852 0.034226 0.043651
7 0.549665 0.952050 0.056176 0.094577
9 0.548177 0.904101 0.023438 0.059524
9 0.606213 0.877315 0.018973 0.057540
0 0.597656 0.856151 0.015997 0.050926
0 0.445871 0.435847 0.008557 0.037037
9 0.731957 0.348545 0.010789 0.033069
6 0.024554 0.756944 0.049107 0.089286
0 0.450893 0.378968 0.010417 0.039683
9 0.242374 0.697421 0.027158 0.052249
9 0.230841 0.368056 0.015253 0.033730