4 0.389583 0.626852 0.018750 0.040741
3 0.405208 0.593056 0.015625 0.026852
3 0.425000 0.800926 0.027083 0.061111
3 0.446875 0.703241 0.018750 0.037963
3 0.446615 0.642593 0.017188 0.035185
3 0.370312 0.784722 0.027083 0.054630
7 0.354687 0.830093 0.023958 0.045370
9 0.384375 0.836111 0.013542 0.042593
6 0.388021 0.775926 0.013542 0.035185
6 0.407552 0.740278 0.014063 0.039815
3 0.604167 0.891667 0.060417 0.053704
9 0.565625 0.882407 0.010417 0.037037
0 0.550000 0.895370 0.009375 0.040741
9 0.557292 0.825463 0.011458 0.039815
6 0.260937 0.815278 0.015625 0.045370
3 0.669010 0.711574 0.031771 0.041667
6 0.639062 0.817130 0.030208 0.039815
5 0.364844 0.702778 0.028646 0.070370
3 0.401302 0.607870 0.017188 0.032407
3 0.418750 0.611111 0.019792 0.033333
3 0.463802 0.555093 0.016146 0.026852
3 0.338542 0.676389 0.036458 0.026852
5 0.356250 0.649074 0.045833 0.044444
0 0.544792 0.731944 0.009375 0.032407
4 0.391927 0.555093 0.011979 0.025000
3 0.613542 0.715278 0.020833 0.052778
3 0.521094 0.602315 0.014063 0.028704
3 0.478385 0.673611 0.018229 0.037963
6 0.493229 0.568981 0.009375 0.023148
6 0.487240 0.537037 0.009896 0.024074
9 0.454948 0.507870 0.006771 0.017593
3 0.489844 0.493519 0.011979 0.020370
8 0.503385 0.484722 0.011979 0.032407
9 0.500000 0.743981 0.008333 0.028704
3 0.458594 0.486574 0.016146 0.017593
3 0.447135 0.472222 0.010937 0.018519
3 0.518229 0.965278 0.035417 0.063889
5 0.655729 0.958796 0.079167 0.063889
3 0.279948 0.773611 0.029687 0.052778
6 0.307031 0.777315 0.013021 0.036111
3 0.675781 0.687500 0.027604 0.041667
3 0.331771 0.706481 0.039583 0.033333
1 0.499740 0.740741 0.006771 0.018519
3 0.390365 0.585185 0.017188 0.029630
4 0.273177 0.952315 0.051562 0.095370
3 0.528385 0.578704 0.011979 0.025926
3 0.525000 0.560648 0.011458 0.021296
4 0.578906 0.537037 0.028646 0.024074
3 0.423698 0.543981 0.013021 0.021296
3 0.419010 0.559722 0.013021 0.023148
3 0.439063 0.543981 0.014583 0.025000
4 0.444792 0.514815 0.010417 0.024074
6 0.311458 0.950000 0.026042 0.061111
0 0.246354 0.794444 0.008333 0.033333
1 0.253646 0.733796 0.009375 0.017593
9 0.348177 0.764352 0.015104 0.028704
6 0.479948 0.587963 0.008854 0.024074
0 0.241146 0.823148 0.009375 0.037037
8 0.523177 0.509259 0.014063 0.035185
9 0.600781 0.589352 0.006771 0.019444
3 0.432292 0.514352 0.011458 0.017593
3 0.660417 0.743056 0.031250 0.049074
6 0.695573 0.782407 0.038021 0.044444
6 0.701042 0.807870 0.041667 0.049074