3 0.614211 0.933201 0.043899 0.104497
1 0.491443 0.384259 0.009673 0.017196
1 0.491443 0.434524 0.008185 0.022487
0 0.573661 0.740741 0.007440 0.031746
3 0.488467 0.871693 0.030506 0.084656
3 0.534598 0.850529 0.036458 0.087302
3 0.562128 0.746032 0.023065 0.058201
3 0.522693 0.733466 0.027530 0.062169
3 0.454613 0.705026 0.022321 0.052910
3 0.537574 0.553571 0.020089 0.030423
3 0.389509 0.576720 0.020089 0.039683
9 0.339658 0.693783 0.012649 0.038360
3 0.284970 0.570767 0.022321 0.046296
3 0.321429 0.508598 0.037202 0.025132
3 0.482887 0.580688 0.020833 0.042328
3 0.486607 0.528439 0.017857 0.033069
3 0.459077 0.501984 0.014881 0.027778
4 0.408854 0.433862 0.012649 0.029101
3 0.471354 0.428571 0.015625 0.031746
3 0.393973 0.401455 0.011161 0.022487
3 0.471726 0.397487 0.011905 0.019841
3 0.453125 0.373016 0.013393 0.021164
0 0.080729 0.914683 0.018601 0.030423
3 0.360863 0.339947 0.025298 0.018519
3 0.348214 0.340608 0.017857 0.014550
1 0.441592 0.504630 0.009673 0.022487
1 0.591890 0.762566 0.009673 0.025132