9 0.973739 0.450047 0.030462 0.037348
1 0.974527 0.434174 0.011029 0.037348
3 0.838235 0.307656 0.037815 0.056956
3 0.824580 0.271242 0.029412 0.042017
0 0.943540 0.405229 0.011029 0.048553
0 0.928834 0.399627 0.011029 0.052288
3 0.679097 0.969655 0.073529 0.058824
3 0.801208 0.205882 0.024685 0.038282
3 0.770221 0.126517 0.015231 0.027077
3 0.450893 0.231092 0.034139 0.047619
3 0.500788 0.142857 0.022584 0.033613
3 0.529674 0.090103 0.018382 0.034547
3 0.537027 0.074697 0.013130 0.026144
3 0.544643 0.066293 0.013655 0.022409
3 0.612395 0.253035 0.031513 0.067227
3 0.569328 0.256769 0.023109 0.052288
3 0.564338 0.222222 0.026786 0.042951
3 0.608456 0.321195 0.030987 0.061625
3 0.618697 0.189542 0.018908 0.029879
3 0.620273 0.163866 0.018908 0.028945
3 0.558824 0.303455 0.034664 0.076564
3 0.572742 0.145658 0.021534 0.033613
3 0.725053 0.332400 0.037290 0.069094
0 0.979779 0.398226 0.015231 0.051354
3 0.810924 0.239029 0.027311 0.037348
1 0.965599 0.436041 0.011029 0.033613
3 0.566964 0.017274 0.012080 0.021475
3 0.613445 0.207750 0.021008 0.034547
3 0.579832 0.193744 0.026261 0.043884
3 0.589811 0.165266 0.022059 0.033613
3 0.660977 0.323529 0.037290 0.066293
3 0.621586 0.139122 0.016282 0.029879
3 0.660977 0.034547 0.016282 0.033613
3 0.620011 0.097106 0.018382 0.033613
3 0.681985 0.124650 0.022584 0.043884
8 0.275210 0.376751 0.213235 0.159664
3 0.699055 0.188609 0.026261 0.050420
3 0.684349 0.066293 0.017857 0.033613
2 0.716387 0.243231 0.024160 0.038282
1 0.717700 0.232960 0.018382 0.047619
2 0.403624 0.400560 0.058298 0.070962
1 0.393120 0.394491 0.018382 0.066293
3 0.545168 0.454248 0.092437 0.075630
3 0.660189 0.225957 0.028361 0.052288
3 0.731880 0.472456 0.103466 0.080299
9 0.929359 0.443511 0.023634 0.033613
1 0.930410 0.430439 0.008929 0.037348
0 0.331933 0.274043 0.009454 0.055089
1 0.338498 0.277311 0.009979 0.048553
3 0.746586 0.057423 0.012080 0.021475
0 0.098477 0.329132 0.008929 0.049486
2 0.929097 0.474323 0.037815 0.041083
1 0.933036 0.463585 0.013130 0.058824
0 0.415179 0.351074 0.013130 0.048553
9 0.372899 0.481793 0.034664 0.041083
1 0.372899 0.465920 0.015756 0.056022