0 0.619485 0.723156 0.021534 0.066293
1 0.636029 0.713819 0.022059 0.042017
0 0.623687 0.696078 0.021534 0.071895
0 0.090074 0.144725 0.021534 0.059757
0 0.100315 0.094771 0.021008 0.066293
0 0.032300 0.068627 0.022584 0.060691
0 0.047794 0.153595 0.022059 0.071895
6 0.100053 0.044351 0.043592 0.038282
9 0.050158 0.098506 0.015231 0.060691
6 0.807511 0.691877 0.076155 0.160598
2 0.270746 0.060691 0.021534 0.063492
1 0.273897 0.055556 0.019433 0.056956
0 0.639443 0.127918 0.013130 0.054155
0 0.584034 0.132120 0.014706 0.058824
0 0.598477 0.130252 0.012080 0.053221
0 0.585347 0.117180 0.013130 0.058824
1 0.696954 0.143324 0.018908 0.034547
0 0.716649 0.146125 0.019433 0.056956
9 0.861082 0.871148 0.060399 0.076564
2 0.860819 0.882820 0.060924 0.056956
3 0.313025 0.299720 0.115546 0.085901
3 0.804622 0.458917 0.120798 0.124183
3 0.623950 0.203081 0.094538 0.083100
3 0.439863 0.087302 0.053046 0.084967
3 0.280462 0.403828 0.122899 0.103641
6 0.404149 0.394024 0.064601 0.089636
9 0.782300 0.906162 0.047794 0.083100
1 0.798582 0.919701 0.023634 0.054155
1 0.783088 0.893091 0.034664 0.060691
9 0.312500 0.094304 0.018908 0.048553
1 0.313288 0.079832 0.016282 0.053221
0 0.641544 0.123716 0.015231 0.060691
1 0.417805 0.370682 0.030987 0.054155