3 0.040179 0.111578 0.080357 0.073763
9 0.201418 0.078431 0.012080 0.041083
9 0.214023 0.089169 0.009979 0.042017
9 0.228992 0.083567 0.010504 0.047619
3 0.259454 0.076097 0.043067 0.083100
3 0.315914 0.047619 0.053046 0.085901
3 0.591124 0.071895 0.040441 0.087768
0 0.168330 0.935574 0.025735 0.052288
4 0.881828 0.284781 0.094538 0.085901
0 0.848477 0.421569 0.015231 0.051354
0 0.859506 0.421102 0.015231 0.052288
0 0.937763 0.466387 0.019433 0.040149
3 0.092700 0.158730 0.086660 0.070962
2 0.647321 0.014006 0.013130 0.028011
0 0.673845 0.070495 0.009454 0.049486
0 0.819590 0.145658 0.015231 0.041083
0 0.102153 0.086835 0.011029 0.052288
0 0.830882 0.153128 0.015756 0.037348
0 0.956145 0.207283 0.015231 0.052288
1 0.404674 0.898693 0.027836 0.047619
2 0.403624 0.916900 0.045693 0.052288
0 0.810662 0.926704 0.021534 0.056956
1 0.817489 0.890289 0.019433 0.043884
0 0.845326 0.866013 0.020483 0.047619
1 0.862132 0.838002 0.019433 0.047619
0 0.837447 0.818394 0.026786 0.045752
7 0.199842 0.245098 0.041492 0.038282
1 0.193540 0.234827 0.008929 0.040149
1 0.209296 0.233894 0.008929 0.038282
9 0.106880 0.207750 0.035189 0.028945
1 0.105305 0.195612 0.011029 0.045752
0 0.664653 0.077031 0.006828 0.040149
0 0.656775 0.082633 0.006828 0.032680
0 0.797006 0.908030 0.017332 0.053221
3 0.751576 0.217087 0.082983 0.096172
0 0.241334 0.648926 0.016282 0.054155
9 0.253414 0.429038 0.033088 0.038282
1 0.246586 0.411298 0.011029 0.025210
9 0.901523 0.364613 0.039391 0.038282
1 0.904149 0.362745 0.016282 0.051354
9 0.932511 0.408964 0.036239 0.046685
1 0.941439 0.399160 0.018382 0.043884
6 0.133141 0.379552 0.039391 0.038282
1 0.138393 0.373950 0.013130 0.045752
2 0.687763 0.196078 0.021534 0.052288
9 0.788603 0.068627 0.021534 0.036415
0 0.792542 0.055556 0.009454 0.043884
2 0.755515 0.146125 0.028887 0.025210
0 0.754464 0.040616 0.014181 0.043884
0 0.900473 0.086835 0.008929 0.044818
0 0.779412 0.034547 0.014706 0.042951
9 0.013393 0.838936 0.026786 0.047619
9 0.022059 0.946312 0.044118 0.060691
3 0.038340 0.296452 0.076681 0.088702