3 0.546503 0.718915 0.026042 0.067460
3 0.442708 0.721561 0.026786 0.075397
3 0.675223 0.912037 0.049851 0.120370
3 0.247768 0.805556 0.034226 0.079365
3 0.224330 0.658069 0.060268 0.051587
3 0.661830 0.578042 0.045387 0.055556
3 0.638393 0.486772 0.025298 0.042328
3 0.603795 0.487434 0.024554 0.048942
3 0.521205 0.466931 0.017113 0.031746
3 0.304688 0.576058 0.051339 0.041005
3 0.662202 0.652116 0.056548 0.039683
3 0.675967 0.689815 0.058780 0.033069
3 0.699033 0.575397 0.045387 0.058201
3 0.686012 0.731481 0.066964 0.047619
3 0.676711 0.480820 0.029018 0.038360
4 0.316592 0.410053 0.014137 0.039683
3 0.491443 0.343254 0.014137 0.025132
0 0.296131 0.444444 0.007440 0.029101
0 0.313616 0.472884 0.006696 0.030423
1 0.300223 0.669974 0.009673 0.030423
2 0.300223 0.690476 0.006696 0.034392
9 0.730655 0.707011 0.023810 0.033069
2 0.741443 0.746693 0.023065 0.030423
0 0.360863 0.322751 0.007440 0.026455
1 0.466146 0.348545 0.009673 0.019841
1 0.464658 0.314153 0.008185 0.022487
3 0.491071 0.882275 0.031250 0.103175
3 0.581101 0.529101 0.044643 0.039683
3 0.516369 0.550265 0.020833 0.044974
3 0.494048 0.431217 0.016369 0.031746
3 0.444940 0.636243 0.025298 0.058201
3 0.495164 0.715608 0.026042 0.063492
3 0.498512 0.627646 0.023810 0.051587
3 0.453497 0.577381 0.023065 0.046296
3 0.474330 0.521825 0.024554 0.051587
3 0.477307 0.457011 0.017113 0.033069
3 0.434524 0.357804 0.016369 0.027778
1 0.422619 0.459656 0.008929 0.022487