3 0.431197 0.716620 0.068277 0.142857
3 0.451681 0.588235 0.086134 0.078431
9 0.416754 0.224090 0.011029 0.031746
1 0.418067 0.218021 0.010504 0.034547
3 0.379202 0.357143 0.034664 0.058824
3 0.307511 0.223156 0.025735 0.048553
4 0.502363 0.397292 0.038340 0.068161
0 0.014968 0.872082 0.021534 0.069094
3 0.687763 0.771709 0.082458 0.120448
2 0.170956 0.871148 0.033088 0.070962
3 0.888655 0.190009 0.042017 0.036415
3 0.709559 0.069094 0.026261 0.024276
4 0.716649 0.105976 0.026786 0.027077
3 0.950368 0.234827 0.043592 0.036415
3 0.942752 0.219421 0.036765 0.037348
3 0.977941 0.178805 0.034664 0.040149
3 0.210084 0.055556 0.016807 0.028945
5 0.231880 0.049020 0.014181 0.028945
4 0.382090 0.158730 0.021534 0.039216
3 0.283088 0.077965 0.030462 0.027077
3 0.178309 0.616713 0.096113 0.083100
3 0.295168 0.551354 0.081933 0.081232
3 0.373424 0.273109 0.031513 0.047619
0 0.031775 0.862278 0.023634 0.075630
0 0.047794 0.847806 0.022059 0.078431
9 0.063288 0.792717 0.032038 0.054155
1 0.058298 0.779178 0.018908 0.056956
0 0.018645 0.844538 0.025735 0.068161
3 0.924107 0.233427 0.039391 0.033613
3 0.923057 0.205882 0.036239 0.032680
4 0.855830 0.193744 0.037290 0.032680
4 0.839023 0.188142 0.032038 0.036415
4 0.854254 0.171335 0.036239 0.034547
4 0.838498 0.162932 0.035189 0.032680
3 0.825893 0.185341 0.036239 0.028945
3 0.808561 0.173203 0.033088 0.030812
3 0.788078 0.169468 0.027836 0.027077
3 0.775473 0.158263 0.027836 0.025210
3 0.861082 0.132120 0.027836 0.025210
3 0.841124 0.127451 0.026786 0.028945
3 0.833246 0.112512 0.032038 0.030812
3 0.815126 0.108777 0.025210 0.027077
3 0.795956 0.100373 0.030987 0.032680
3 0.768645 0.091970 0.029937 0.027077
3 0.728729 0.073296 0.026786 0.028945