5 0.596113 0.484594 0.017857 0.041083
3 0.601891 0.694678 0.074580 0.123249
3 0.290704 0.810458 0.034139 0.052288
3 0.597952 0.423903 0.047794 0.042951
5 0.089023 0.921569 0.170693 0.154995
3 0.434611 0.567694 0.016282 0.035481
3 0.724002 0.441643 0.023634 0.028011
3 0.742910 0.288049 0.014181 0.025210
4 0.540966 0.345005 0.009454 0.015873
3 0.456145 0.276377 0.008929 0.016807
3 0.465074 0.251167 0.006828 0.013072
5 0.438550 0.205415 0.013655 0.028011
3 0.474265 0.262838 0.009454 0.015873
3 0.457195 0.230626 0.008929 0.014939
3 0.493697 0.215219 0.009454 0.014006
3 0.462185 0.212885 0.009454 0.016807
3 0.486345 0.196078 0.007353 0.011204
5 0.509716 0.392157 0.014181 0.039216
3 0.467700 0.204949 0.008929 0.015873
3 0.468487 0.235294 0.009454 0.014939
5 0.545168 0.238095 0.012605 0.029879