3 0.044905 0.446779 0.089811 0.077498
3 0.255252 0.407096 0.081933 0.072829
3 0.865809 0.567227 0.104517 0.083100
3 0.671744 0.571429 0.100840 0.082166
3 0.219275 0.464519 0.098214 0.077498
3 0.576943 0.100373 0.025735 0.047619
1 0.661239 0.793651 0.024160 0.059757
0 0.028624 0.769841 0.025735 0.064426
0 0.096639 0.774043 0.023109 0.078431
0 0.068540 0.747432 0.020483 0.064426
9 0.246849 0.315593 0.030462 0.044818
0 0.139706 0.249300 0.012605 0.050420
0 0.348739 0.257703 0.010504 0.039216
9 0.010504 0.386088 0.021008 0.036415
1 0.007353 0.373950 0.014706 0.045752
9 0.355830 0.200747 0.020483 0.033613
2 0.014181 0.351074 0.021008 0.052288
0 0.693540 0.196545 0.015231 0.042017
0 0.701943 0.196545 0.015231 0.043884
0 0.983981 0.288049 0.015231 0.045752
0 0.954569 0.271709 0.014181 0.044818
0 0.363708 0.136788 0.011029 0.042017
0 0.365284 0.114379 0.006828 0.030812
1 0.472426 0.035014 0.013130 0.034547
1 0.475578 0.032213 0.011029 0.038282
3 0.175683 0.854809 0.110819 0.202614
3 0.084821 0.600373 0.099265 0.087768
3 0.484506 0.218021 0.028887 0.064426
5 0.936187 0.835201 0.126576 0.176471
3 0.829832 0.477591 0.091387 0.071895
3 0.871061 0.425303 0.087710 0.064426
3 0.940914 0.359477 0.082458 0.063492
3 0.590074 0.210084 0.030987 0.056022
3 0.488445 0.157796 0.025210 0.056022
3 0.437237 0.413165 0.085609 0.077498
3 0.435924 0.315126 0.035714 0.075630
3 0.439863 0.074230 0.022584 0.040149
3 0.553834 0.187675 0.038340 0.063492
3 0.647847 0.151261 0.059349 0.041083
3 0.583771 0.024276 0.045693 0.035481
3 0.448529 0.028011 0.023109 0.041083
0 0.813288 0.685808 0.020483 0.064426
6 0.665179 0.815126 0.039391 0.098973
0 0.829044 0.514939 0.020483 0.068161
1 0.665704 0.432773 0.015231 0.043884
9 0.664391 0.447712 0.026261 0.036415
0 0.833771 0.764706 0.025735 0.059757
0 0.846901 0.775910 0.025735 0.065359
0 0.828519 0.794585 0.020483 0.069094
9 0.682248 0.303455 0.012605 0.039216
9 0.718750 0.316527 0.015231 0.041083
9 0.750000 0.309524 0.014706 0.040149
9 0.787553 0.303455 0.009979 0.041083
9 0.803571 0.299720 0.012605 0.039216
9 0.861870 0.320728 0.012605 0.040149
9 0.893120 0.290850 0.014181 0.036415
2 0.905725 0.325864 0.015231 0.041083
9 0.956670 0.324930 0.022584 0.050420
1 0.444853 0.365546 0.013655 0.036415
9 0.441702 0.374416 0.022059 0.039216
1 0.508929 0.144258 0.007353 0.027077
9 0.508666 0.154995 0.009979 0.029879
9 0.776261 0.692810 0.044118 0.050420
1 0.784926 0.676937 0.020483 0.050420
0 0.296218 0.505602 0.019958 0.066293
0 0.310924 0.503735 0.018908 0.064426
1 0.485032 0.326797 0.017332 0.044818
6 0.486870 0.339402 0.025210 0.058824
1 0.402048 0.310924 0.015231 0.041083
9 0.402836 0.322596 0.025210 0.040149
1 0.246586 0.539216 0.019433 0.060691
9 0.248424 0.549486 0.031513 0.049486
0 0.276261 0.567694 0.017857 0.061625
0 0.284401 0.572829 0.019433 0.064426
9 0.337973 0.260971 0.028887 0.030812
9 0.387605 0.196545 0.025210 0.030812
9 0.387080 0.173203 0.025210 0.032680
1 0.625263 0.825397 0.026786 0.072829
9 0.620273 0.829132 0.027311 0.072829
0 0.224527 0.307656 0.019433 0.055089
0 0.233193 0.267040 0.013655 0.046685
0 0.238183 0.274510 0.014181 0.054155
1 0.431197 0.090570 0.011555 0.039216
0 0.178834 0.277311 0.015231 0.044818
1 0.619485 0.330999 0.017332 0.045752
9 0.615546 0.341270 0.022059 0.045752
1 0.190651 0.274510 0.014706 0.039216
9 0.194853 0.289449 0.026261 0.035481
0 0.766282 0.232026 0.014706 0.036415
0 0.766807 0.239496 0.015756 0.040149
0 0.189338 0.299253 0.015231 0.045752
0 0.068015 0.320728 0.017332 0.047619
0 0.350578 0.270775 0.013130 0.044818
0 0.406513 0.252101 0.012605 0.041083
0 0.405462 0.241363 0.012605 0.040149
0 0.372637 0.109711 0.009979 0.036415
0 0.372637 0.140523 0.011029 0.040149
0 0.691176 0.169468 0.010504 0.036415
0 0.758666 0.270308 0.015231 0.045752
0 0.741859 0.269374 0.015231 0.045752
9 0.251576 0.327731 0.028361 0.046685
9 0.087185 0.354342 0.019958 0.045752
6 0.663866 0.208217 0.036765 0.050420
9 0.617122 0.178805 0.022059 0.025210