3 0.438021 0.474537 0.012500 0.028704
3 0.551042 0.497685 0.028125 0.023148
0 0.528125 0.553704 0.006250 0.025926
6 0.444531 0.492593 0.018229 0.027778
6 0.473698 0.809722 0.021354 0.052778
3 0.470573 0.676852 0.022396 0.048148
8 0.504948 0.475926 0.017188 0.046296
3 0.260156 0.965741 0.067187 0.064815
3 0.280990 0.887963 0.051562 0.090741
3 0.324479 0.775000 0.034375 0.061111
6 0.326042 0.728704 0.014583 0.031481
3 0.350000 0.713889 0.028125 0.051852
3 0.520312 0.962963 0.040625 0.070370
4 0.560417 0.940741 0.036458 0.101852
3 0.517969 0.702778 0.019271 0.040741
3 0.486458 0.494907 0.011458 0.019444
0 0.532031 0.965278 0.011979 0.047222
3 0.702604 0.916204 0.048958 0.093519
3 0.485417 0.555556 0.014583 0.024074
0 0.339323 0.709722 0.005729 0.030556
3 0.709115 0.785185 0.052604 0.051852
3 0.378385 0.597685 0.017188 0.036111
7 0.371094 0.869444 0.021354 0.057407
3 0.435677 0.769907 0.028646 0.060185
3 0.691146 0.724537 0.040625 0.049074
2 0.707292 0.740278 0.009375 0.030556
3 0.381771 0.626852 0.037500 0.037037
3 0.018750 0.785648 0.037500 0.047222
3 0.039844 0.748611 0.055729 0.039815
6 0.096875 0.742593 0.039583 0.040741
3 0.157812 0.683796 0.048958 0.039815
3 0.242969 0.534722 0.031771 0.021296
3 0.216927 0.555556 0.034896 0.022222
3 0.210417 0.567130 0.033333 0.021296
3 0.226823 0.583796 0.038021 0.028704
4 0.216146 0.599537 0.029167 0.026852
6 0.262500 0.600926 0.015625 0.018519
1 0.266146 0.599537 0.005208 0.017593
6 0.185677 0.631481 0.027604 0.020370
3 0.598437 0.752315 0.042708 0.049074
3 0.584896 0.687500 0.041667 0.034259
4 0.568229 0.654167 0.034375 0.032407
3 0.581510 0.608333 0.033854 0.031481
3 0.573698 0.587037 0.028646 0.022222
4 0.573438 0.567593 0.030208 0.024074
5 0.654427 0.588426 0.023438 0.049074
5 0.557813 0.561111 0.033333 0.027778
5 0.556250 0.546296 0.031250 0.024074
3 0.618490 0.526852 0.015104 0.025926
3 0.559115 0.533796 0.021354 0.015741
5 0.557031 0.521296 0.033854 0.025926
5 0.567187 0.506481 0.034375 0.022222
3 0.389844 0.781481 0.025521 0.062963
3 0.572135 0.632870 0.034896 0.026852
3 0.526042 0.532870 0.012500 0.021296
4 0.262760 0.508333 0.024479 0.022222
3 0.297656 0.523148 0.017188 0.022222
0 0.589583 0.855093 0.010417 0.034259
0 0.186719 0.681944 0.007812 0.032407
0 0.498437 0.648148 0.006250 0.027778
0 0.626563 0.656481 0.005208 0.025926
5 0.338021 0.513426 0.032292 0.036111
3 0.336198 0.541667 0.030729 0.025926
8 0.356510 0.553704 0.028646 0.059259
3 0.506250 0.388889 0.011458 0.018519
3 0.496875 0.403704 0.010417 0.018519
3 0.468229 0.505093 0.014583 0.030556
3 0.469010 0.452778 0.010937 0.020370
9 0.449219 0.516204 0.008854 0.023148
0 0.533854 0.546296 0.006250 0.025926