3 0.034926 0.337068 0.063550 0.078431
0 0.714811 0.240430 0.008403 0.049486
9 0.202468 0.323529 0.008929 0.047619
9 0.218750 0.324463 0.011029 0.043884
9 0.232405 0.321662 0.009979 0.042017
3 0.265494 0.319328 0.043592 0.067227
3 0.330095 0.301120 0.050945 0.068161
3 0.609769 0.093838 0.023109 0.056956
4 0.956408 0.485528 0.085084 0.097106
0 0.948267 0.514006 0.015231 0.055089
0 0.005252 0.340336 0.010504 0.068161
0 0.931460 0.505135 0.013130 0.056022
9 0.678834 0.180672 0.011029 0.036415
0 0.570641 0.089169 0.007878 0.040149
0 0.637342 0.048086 0.007878 0.032680
0 0.100840 0.315593 0.013655 0.048553
3 0.809611 0.429505 0.099265 0.093371
3 0.416229 0.564893 0.094013 0.117647
0 0.321166 0.797386 0.021534 0.093371
0 0.307248 0.873016 0.021008 0.085901
9 0.368435 0.650327 0.035189 0.042017
1 0.360557 0.628852 0.012080 0.056956
6 0.069853 0.532213 0.060924 0.069094
9 0.647847 0.467320 0.041492 0.045752
1 0.653099 0.457983 0.016282 0.055089
9 0.617910 0.426237 0.032038 0.040149
1 0.622111 0.414099 0.016282 0.055089
7 0.792279 0.525210 0.073004 0.055089
1 0.785977 0.510271 0.024685 0.049486
6 0.212447 0.577498 0.044643 0.045752
1 0.212973 0.563492 0.013130 0.045752
2 0.593750 0.380952 0.029937 0.052288
9 0.597952 0.945845 0.060399 0.059757
1 0.604254 0.924837 0.026786 0.075630
9 0.715074 0.349673 0.027836 0.032680
0 0.718225 0.332866 0.013130 0.045752
2 0.805410 0.374883 0.033088 0.030812
1 0.679359 0.174136 0.009979 0.049486
3 0.687763 0.082633 0.022584 0.042017
3 0.662027 0.054622 0.021534 0.040149
3 0.667805 0.016807 0.022584 0.031746
3 0.940651 0.553688 0.114496 0.098973
3 0.711397 0.196545 0.025735 0.068161
3 0.079832 0.494398 0.120798 0.103641