3 0.756828 0.524743 0.031513 0.052288
3 0.746061 0.495798 0.026786 0.037348
3 0.643382 0.494398 0.025210 0.043884
3 0.463498 0.798319 0.046744 0.095238
3 0.495273 0.675070 0.036765 0.080299
4 0.507616 0.603641 0.023634 0.056956
3 0.612920 0.431839 0.021008 0.032680
3 0.616071 0.408030 0.017857 0.028011
3 0.559874 0.650794 0.030462 0.069094
4 0.558824 0.559290 0.024160 0.061625
3 0.524422 0.559757 0.023634 0.051354
3 0.533613 0.503268 0.024160 0.050420
3 0.613708 0.364613 0.016282 0.027077
3 0.613971 0.340803 0.012605 0.024276
3 0.519695 0.457049 0.023634 0.038282
3 0.534139 0.754435 0.038866 0.110177
3 0.441176 0.476657 0.029412 0.042017
3 0.476103 0.411765 0.021534 0.033613
3 0.499737 0.370215 0.015231 0.028945
3 0.504464 0.360411 0.014181 0.024276
3 0.511555 0.351074 0.012605 0.022409
3 0.132616 0.523810 0.050945 0.048553
3 0.575630 0.457516 0.024160 0.042951
3 0.559874 0.399160 0.013655 0.023343
3 0.571691 0.511204 0.021534 0.040149
3 0.579569 0.404295 0.016282 0.024276
3 0.585084 0.389823 0.015756 0.028945
3 0.544643 0.451914 0.023109 0.048553
3 0.537027 0.411765 0.018382 0.033613
9 0.873950 0.753035 0.027311 0.040149
1 0.871586 0.750700 0.015231 0.052288
9 0.808824 0.672269 0.021008 0.048553
9 0.648372 0.446312 0.013130 0.044818
9 0.660452 0.442110 0.011029 0.040149
1 0.648897 0.442577 0.008929 0.041083
1 0.661765 0.441643 0.010504 0.041083
0 0.815126 0.537348 0.012605 0.043884
0 0.661502 0.571895 0.008929 0.040149
0 0.678309 0.578898 0.008929 0.041083
3 0.736082 0.472923 0.026786 0.032680
1 0.715074 0.584967 0.012080 0.043884
2 0.715599 0.595238 0.019433 0.025210
9 0.467962 0.584967 0.014706 0.030812
1 0.469013 0.575163 0.010504 0.037348
2 0.260242 0.794585 0.015231 0.048553
1 0.261817 0.776844 0.013130 0.044818
0 0.939076 0.567227 0.007353 0.040149
0 0.868435 0.544351 0.011029 0.044818
1 0.809611 0.669468 0.017332 0.037348
3 0.530200 0.315126 0.013130 0.023343
3 0.577206 0.430906 0.018908 0.032680
3 0.585347 0.361811 0.013130 0.023343
3 0.550683 0.422035 0.020483 0.028011
0 0.882090 0.553688 0.008929 0.037348
0 0.680935 0.580299 0.008929 0.042017
0 0.671744 0.489262 0.008403 0.037348