9 0.475840 0.776844 0.023109 0.072829
9 0.290704 0.722689 0.029937 0.067227
3 0.832983 0.779178 0.088235 0.116713
3 0.911502 0.751167 0.090861 0.111111
1 0.972952 0.977591 0.035189 0.039216
3 0.792805 0.617180 0.080357 0.084034
4 0.642857 0.458450 0.064076 0.070962
3 0.739758 0.447246 0.071954 0.059757
3 0.651523 0.432773 0.068803 0.058824
3 0.731618 0.409897 0.066176 0.050420
3 0.816176 0.420168 0.068277 0.056022
3 0.894433 0.409430 0.069328 0.055089
4 0.961922 0.392157 0.071954 0.061625
3 0.796744 0.393557 0.052521 0.049486
3 0.794118 0.350607 0.061975 0.043884
3 0.685924 0.324930 0.040966 0.050420
3 0.734769 0.329599 0.053571 0.044818
4 0.813025 0.309991 0.053571 0.048553
4 0.929884 0.295518 0.049895 0.049486
3 0.240809 0.239963 0.025735 0.042951
9 0.148372 0.691877 0.025735 0.063492
6 0.224265 0.546218 0.027311 0.067227
9 0.223477 0.691410 0.018382 0.060691
3 0.237395 0.460784 0.036765 0.071895
3 0.178046 0.409430 0.034664 0.073763
4 0.089023 0.348739 0.042542 0.071895
4 0.120798 0.309991 0.030462 0.063492
3 0.164916 0.337068 0.027311 0.054155
3 0.165704 0.285714 0.027836 0.050420
4 0.087710 0.301120 0.031513 0.064426
3 0.092962 0.245098 0.027311 0.042017
3 0.121586 0.218487 0.021534 0.037348
3 0.097952 0.217087 0.024685 0.038282
4 0.384716 0.314192 0.053046 0.055089
3 0.356618 0.300654 0.037815 0.042951
4 0.339023 0.282446 0.036239 0.045752
3 0.221113 0.149860 0.021008 0.032680
3 0.331670 0.211485 0.043592 0.032680
4 0.336134 0.195145 0.036765 0.033613
3 0.272847 0.173203 0.030987 0.032680
8 0.303309 0.159197 0.041492 0.077498
4 0.185137 0.059757 0.012080 0.026144
5 0.276261 0.098506 0.066176 0.060691
3 0.106355 0.169468 0.021534 0.038282
4 0.131303 0.161998 0.017857 0.040149
4 0.139968 0.138655 0.018382 0.032680
4 0.134454 0.110644 0.018908 0.036415
3 0.205095 0.275444 0.027836 0.050420
9 0.427521 0.635854 0.026261 0.057890
3 0.161239 0.233427 0.024160 0.044818
5 0.108456 0.109711 0.030987 0.070028
3 0.173582 0.018207 0.011029 0.015873
3 0.185399 0.139122 0.019958 0.039216
4 0.981618 0.536415 0.035714 0.099907
4 0.118697 0.095705 0.024160 0.030812
3 0.176471 0.101307 0.014706 0.027077
3 0.191702 0.024743 0.021008 0.021475
6 0.606355 0.390756 0.030987 0.047619
6 0.658613 0.379085 0.033613 0.039216
6 0.691964 0.370215 0.037290 0.049486
6 0.716124 0.362278 0.030987 0.042951
0 0.268645 0.238095 0.011029 0.037348
0 0.330882 0.324930 0.009454 0.037348
0 0.339548 0.318861 0.009979 0.038282
0 0.183036 0.723156 0.017332 0.068161
0 0.173582 0.722689 0.015231 0.070962
0 0.107668 0.294118 0.011555 0.042951
9 0.672006 0.398693 0.027836 0.031746
3 0.858456 0.384687 0.058298 0.044818
9 0.653361 0.912232 0.028361 0.085901
1 0.651786 0.896359 0.021008 0.061625
9 0.242910 0.176004 0.011029 0.027077
0 0.143382 0.286648 0.009454 0.033613
0 0.156250 0.117647 0.008929 0.028011
0 0.063550 0.650327 0.018908 0.068161
0 0.128676 0.385621 0.012605 0.044818
9 0.250525 0.195612 0.009454 0.032680
9 0.353992 0.858077 0.028361 0.067227
1 0.354779 0.855275 0.021534 0.067227
9 0.233456 0.131653 0.008929 0.028011
0 0.162553 0.119514 0.008929 0.028011
0 0.417805 0.404295 0.009979 0.042951
0 0.426733 0.404762 0.011029 0.038282
1 0.476628 0.766106 0.023634 0.058824
9 0.376313 0.774510 0.037290 0.077498
1 0.374212 0.770775 0.025735 0.064426