0 0.613971 0.729225 0.022059 0.067227
1 0.634454 0.721289 0.022059 0.043884
0 0.618435 0.707283 0.021534 0.071895
0 0.022584 0.170401 0.017857 0.060691
0 0.013918 0.116713 0.018382 0.065359
6 0.033351 0.067694 0.040441 0.038282
6 0.753676 0.657330 0.075630 0.149393
2 0.214023 0.088235 0.021534 0.066293
1 0.211134 0.075163 0.018908 0.056956
0 0.628939 0.144258 0.012080 0.049486
0 0.532826 0.136788 0.015231 0.058824
0 0.551208 0.143791 0.012080 0.054155
0 0.533613 0.117180 0.012605 0.058824
1 0.635504 0.133987 0.018908 0.034547
0 0.661765 0.132586 0.018908 0.056022
9 0.812237 0.828198 0.058298 0.076564
2 0.817227 0.841270 0.056723 0.056022
3 0.053046 0.327264 0.106092 0.088702
3 0.929622 0.360411 0.118697 0.104575
3 0.519170 0.167600 0.087710 0.083100
3 0.390494 0.423436 0.122374 0.101774
6 0.405987 0.261438 0.031513 0.087768
9 0.726891 0.858077 0.047269 0.080299
1 0.718750 0.855275 0.022584 0.054155
1 0.725315 0.848739 0.033613 0.065359
9 0.890494 0.911765 0.065651 0.066293
9 0.252101 0.117647 0.018908 0.048553
1 0.251576 0.098039 0.015756 0.054155
9 0.230305 0.118114 0.021534 0.040149
1 0.228204 0.102241 0.019433 0.051354
0 0.204832 0.038282 0.017857 0.056022
9 0.242122 0.027544 0.021008 0.049486
9 0.662290 0.548553 0.027311 0.073763
1 0.656775 0.552754 0.021534 0.044818
1 0.663866 0.531279 0.022059 0.044818
2 0.660714 0.260971 0.039916 0.040149
1 0.663603 0.249300 0.021534 0.054155
9 0.745273 0.261905 0.038866 0.043884
1 0.749737 0.253035 0.017332 0.061625
1 0.762342 0.258170 0.017332 0.043884
0 0.628414 0.138655 0.015231 0.060691
1 0.408613 0.249300 0.025210 0.065359