3 0.524685 0.126984 0.025210 0.042951
3 0.284664 0.469188 0.095588 0.071895
3 0.502101 0.430906 0.089286 0.071895
3 0.645483 0.415500 0.080882 0.069094
3 0.894170 0.564426 0.104517 0.092437
3 0.367122 0.538282 0.103992 0.083100
3 0.121061 0.546685 0.102416 0.083100
3 0.734506 0.493931 0.094013 0.078431
3 0.576155 0.101774 0.025210 0.046685
1 0.654412 0.796452 0.023109 0.059757
0 0.218225 0.716153 0.020483 0.063492
0 0.277048 0.744164 0.020483 0.078431
0 0.254464 0.715686 0.020483 0.064426
1 0.007353 0.424370 0.014706 0.045752
2 0.011817 0.438375 0.023634 0.040149
1 0.010767 0.427638 0.015231 0.041083
9 0.246849 0.318394 0.030462 0.044818
0 0.242122 0.254902 0.012605 0.050420
0 0.399160 0.188609 0.008403 0.035481
9 0.442489 0.402894 0.029937 0.036415
1 0.441702 0.390756 0.019958 0.045752
9 0.353729 0.206349 0.020483 0.033613
0 0.059349 0.323063 0.014706 0.035481
0 0.045168 0.317927 0.018908 0.055089
2 0.013130 0.352007 0.021008 0.052288
0 0.769695 0.233894 0.015231 0.042017
0 0.776786 0.228758 0.013655 0.042951
0 0.938813 0.267040 0.015231 0.044818
0 0.937763 0.260971 0.012080 0.042017
0 0.915179 0.272642 0.013130 0.033613
0 0.929359 0.273576 0.015231 0.048553
1 0.441176 0.040149 0.014706 0.033613
1 0.428309 0.041550 0.013130 0.034547
3 0.176996 0.861345 0.111345 0.202614
3 0.482931 0.220822 0.028887 0.064426
5 0.935662 0.835201 0.127626 0.176471
3 0.585347 0.215686 0.030987 0.052288
3 0.485819 0.104108 0.022059 0.049486
3 0.845588 0.413632 0.087185 0.074697
3 0.440126 0.265173 0.033613 0.070962
3 0.438288 0.075163 0.022584 0.040149
3 0.529937 0.310924 0.042017 0.070962
3 0.647847 0.157796 0.059349 0.041083
3 0.580095 0.023810 0.045693 0.034547
3 0.445903 0.030345 0.023109 0.042017
6 0.660977 0.817927 0.039391 0.100840
0 0.893382 0.663866 0.023109 0.069094
1 0.905987 0.388889 0.014706 0.043884
9 0.904937 0.398693 0.026261 0.035481
9 0.681197 0.303455 0.012605 0.039216
9 0.717437 0.318861 0.015756 0.042017
9 0.748950 0.316060 0.014706 0.040149
9 0.786502 0.305322 0.009979 0.041083
9 0.803046 0.302521 0.012605 0.039216
9 0.860294 0.320728 0.012605 0.040149
9 0.891544 0.290850 0.014181 0.036415
2 0.904674 0.326331 0.014181 0.042017
9 0.953782 0.324930 0.022059 0.050420
1 0.431197 0.334267 0.012605 0.031746
9 0.430410 0.352007 0.014181 0.041083
1 0.498950 0.059290 0.007353 0.027077
9 0.498687 0.067694 0.008929 0.025210
0 0.273109 0.604575 0.021008 0.070028
0 0.289128 0.606909 0.018382 0.074697
1 0.485032 0.301587 0.014181 0.046685
6 0.485557 0.311391 0.022584 0.045752
1 0.402311 0.310924 0.014706 0.041083
9 0.403099 0.323996 0.025735 0.037348
1 0.160452 0.658730 0.020483 0.064426
9 0.165441 0.670868 0.038866 0.049486
0 0.204307 0.733427 0.021008 0.062558
0 0.214548 0.739963 0.022584 0.068161
9 0.336922 0.267974 0.027836 0.031746
9 0.387605 0.199813 0.025210 0.031746
9 0.387080 0.179272 0.025210 0.035481
1 0.691964 0.976657 0.024685 0.042951
9 0.691964 0.977591 0.027836 0.041083
0 0.159926 0.338002 0.019433 0.052288
0 0.081408 0.321662 0.013655 0.047619
0 0.077468 0.328665 0.014181 0.052288
0 0.304884 0.240430 0.014181 0.043884
1 0.706933 0.443978 0.019958 0.045752
9 0.704044 0.451447 0.025735 0.045752
0 0.279149 0.294585 0.015231 0.045752
0 0.025473 0.330065 0.017332 0.047619
0 0.403887 0.192344 0.009454 0.035481
0 0.522584 0.245565 0.012605 0.041083
0 0.521534 0.237628 0.012605 0.040149
0 0.655725 0.304855 0.015231 0.045752
0 0.638393 0.298786 0.015231 0.046685
9 0.251576 0.338469 0.028361 0.045752
9 0.086660 0.357143 0.019958 0.045752
6 0.661765 0.207283 0.036765 0.050420
9 0.616071 0.179739 0.022059 0.025210