5 0.707983 0.629785 0.076681 0.071895
3 0.574317 0.658263 0.019433 0.028011
3 0.684611 0.666200 0.038340 0.038282
3 0.474002 0.729225 0.027836 0.048553
5 0.244748 0.679739 0.082983 0.136321
5 0.317227 0.629785 0.050420 0.071895
3 0.883666 0.753035 0.056197 0.056956
3 0.840861 0.842670 0.077731 0.071895
3 0.621586 0.718021 0.036239 0.048553
3 0.399422 0.714286 0.025735 0.044818
3 0.405200 0.697012 0.027836 0.043884
5 0.331933 0.672736 0.058824 0.120448
5 0.377889 0.611111 0.043592 0.070028
3 0.475578 0.698880 0.024685 0.049486
5 0.415441 0.637255 0.022059 0.049486
3 0.471113 0.681606 0.022059 0.042951
3 0.796744 0.739029 0.051471 0.055089
3 0.862658 0.790383 0.066702 0.056956
3 0.727941 0.700280 0.039916 0.054155