3 0.465599 0.450980 0.034139 0.057890
6 0.115021 0.687208 0.039916 0.070962
1 0.122637 0.662932 0.024685 0.059757
8 0.102153 0.538282 0.113971 0.167134
2 0.671218 0.639122 0.021008 0.045752
1 0.673845 0.620915 0.019958 0.054155
3 0.822742 0.726424 0.089811 0.117647
3 0.742647 0.616713 0.069328 0.083100
9 0.626313 0.466387 0.012080 0.038282
1 0.626313 0.450980 0.012080 0.033613
1 0.887605 0.806256 0.019958 0.070028
0 0.943540 0.783847 0.021534 0.064426
1 0.597689 0.402894 0.009454 0.043884
0 0.686187 0.562558 0.012080 0.051354
0 0.676733 0.567227 0.016282 0.056956
6 0.710609 0.558357 0.047269 0.059757
3 0.685924 0.511671 0.046218 0.059757
3 0.661765 0.462185 0.037815 0.056022
1 0.971376 0.920168 0.023634 0.056956
1 0.977416 0.758170 0.028361 0.069094
9 0.871324 0.759570 0.043067 0.062558
3 0.639968 0.419701 0.039391 0.051354
6 0.752363 0.551354 0.048845 0.053221
3 0.542805 0.412698 0.029937 0.044818
4 0.629989 0.379085 0.028887 0.054155
4 0.607668 0.340803 0.023109 0.042951
3 0.159139 0.434641 0.059874 0.053221
3 0.212710 0.366013 0.057773 0.048553
9 0.494223 0.324463 0.008403 0.023343
3 0.271271 0.348739 0.027836 0.043884
3 0.060137 0.358543 0.062500 0.044818
3 0.318277 0.284781 0.029412 0.037348
3 0.410189 0.434174 0.034664 0.057890
3 0.336397 0.506069 0.043592 0.074697
3 0.516282 0.309057 0.022059 0.037348
3 0.512080 0.279645 0.019958 0.032680
3 0.511817 0.249767 0.015231 0.028945
3 0.576943 0.254435 0.034139 0.027077
6 0.566176 0.821662 0.034664 0.091503
1 0.563288 0.791317 0.023634 0.047619
9 0.462710 0.240430 0.011555 0.017740