9 0.970063 0.453782 0.031513 0.037348
1 0.972426 0.442577 0.011029 0.037348
3 0.836134 0.309524 0.037815 0.056956
3 0.822479 0.273109 0.029412 0.042017
0 0.943015 0.407096 0.011029 0.048553
0 0.928309 0.401494 0.011029 0.052288
3 0.679622 0.971989 0.073529 0.054155
3 0.799895 0.207750 0.025210 0.038282
3 0.771534 0.127451 0.015756 0.027077
3 0.449842 0.234360 0.034139 0.048553
3 0.500788 0.144258 0.022584 0.034547
3 0.528099 0.092904 0.018382 0.034547
3 0.535977 0.075630 0.013130 0.026144
3 0.544380 0.068161 0.013130 0.022409
3 0.615546 0.029412 0.015756 0.028945
3 0.611082 0.255369 0.032038 0.068161
3 0.568803 0.259570 0.023109 0.052288
3 0.563813 0.224090 0.026786 0.042951
3 0.608456 0.322129 0.030987 0.061625
3 0.619485 0.190009 0.018382 0.028945
3 0.621586 0.168067 0.018382 0.029879
3 0.558824 0.305322 0.034664 0.076564
3 0.572742 0.148459 0.021534 0.033613
3 0.719800 0.305322 0.035189 0.061625
0 0.980830 0.401961 0.015231 0.051354
3 0.809349 0.240430 0.027311 0.038282
1 0.962185 0.440710 0.011555 0.033613
3 0.566964 0.017274 0.012080 0.021475
3 0.613971 0.211485 0.021008 0.034547
3 0.579307 0.195612 0.026261 0.043884
3 0.591649 0.167134 0.021534 0.033613
3 0.664391 0.297852 0.033613 0.065359
3 0.622374 0.142390 0.016807 0.028945
3 0.660977 0.027077 0.016282 0.033613
3 0.616859 0.105509 0.018382 0.033613
3 0.681460 0.109711 0.022584 0.038282
8 0.213235 0.367880 0.201681 0.158730
3 0.694853 0.163866 0.025210 0.045752
3 0.682248 0.054155 0.017857 0.033613
2 0.718225 0.221755 0.020483 0.038282
1 0.720326 0.216153 0.016282 0.047619
2 0.335872 0.389356 0.058298 0.070962
1 0.333771 0.381419 0.018382 0.066293
3 0.473477 0.445378 0.085609 0.074697
3 0.659401 0.202148 0.025735 0.047619
3 0.655462 0.462185 0.098739 0.080299
9 0.929884 0.446312 0.023634 0.033613
1 0.930410 0.434641 0.008929 0.038282
0 0.324842 0.278245 0.008929 0.054155
1 0.331670 0.285714 0.009979 0.048553
3 0.746586 0.059290 0.012080 0.021475
0 0.085347 0.329132 0.008929 0.049486
2 0.877626 0.470588 0.037815 0.041083
1 0.878939 0.461251 0.013130 0.059757
0 0.402574 0.356676 0.013130 0.048553
9 0.439863 0.490196 0.034139 0.041083
1 0.440651 0.480859 0.015756 0.056022