9 0.498884 0.184524 0.011161 0.033069
3 0.487351 0.365079 0.022321 0.050265
3 0.481399 0.248016 0.020833 0.048942
3 0.398438 0.449735 0.026042 0.082011
3 0.470610 0.908730 0.040923 0.150794
3 0.497768 0.491402 0.029762 0.072751
3 0.450521 0.347884 0.023065 0.055556
3 0.516741 0.708995 0.039435 0.111111
3 0.452009 0.623677 0.030506 0.099206
3 0.166667 0.275132 0.041667 0.039683
3 0.029762 0.295635 0.047619 0.038360
3 0.619792 0.147487 0.032738 0.051587
0 0.245536 0.666005 0.019345 0.046296
1 0.550595 0.331349 0.007440 0.022487
9 0.550967 0.338624 0.008185 0.023810
4 0.739955 0.216270 0.018601 0.030423
3 0.648438 0.185847 0.027530 0.030423
3 0.712054 0.173942 0.035714 0.030423
3 0.135417 0.259259 0.043155 0.037037
3 0.766741 0.161376 0.023065 0.034392
3 0.392857 0.238757 0.016369 0.041005
3 0.392857 0.157407 0.011905 0.034392
3 0.375372 0.109788 0.011161 0.029101
3 0.375744 0.048280 0.011905 0.027778
4 0.360863 0.148810 0.017857 0.043651
5 0.345982 0.279762 0.020833 0.046296
3 0.345238 0.382275 0.023810 0.071429