9 0.534040 0.594577 0.031622 0.041005
9 0.658854 0.471561 0.022321 0.058201
6 0.583705 0.300926 0.012649 0.029101
6 0.594308 0.401124 0.028646 0.045635
6 0.622024 0.353836 0.028274 0.050265
9 0.686942 0.298611 0.011533 0.029762
0 0.548921 0.299272 0.007812 0.029762
9 0.063802 0.661376 0.034598 0.034392
3 0.061012 0.643849 0.031250 0.036376
3 0.063616 0.623677 0.036458 0.034392
9 0.747210 0.223876 0.012277 0.027116
6 0.769159 0.214616 0.018973 0.029762
3 0.041295 0.932540 0.082589 0.124339
3 0.671317 0.770503 0.086682 0.093915
3 0.154018 0.948082 0.110863 0.099868
3 0.843564 0.261243 0.028646 0.042328
6 0.564174 0.759259 0.043527 0.060847
9 0.194568 0.373347 0.016369 0.032407
9 0.101935 0.339947 0.021577 0.033069
9 0.475818 0.555556 0.025298 0.038360
0 0.928013 0.430886 0.012277 0.036376
9 0.845424 0.344577 0.009301 0.034392
9 0.696801 0.839947 0.035714 0.058201
9 0.451451 0.498016 0.024182 0.043651
2 0.272507 0.685516 0.027158 0.048280
9 0.558036 0.788690 0.028274 0.037698
6 0.457031 0.702712 0.071801 0.073413
6 0.218378 0.690146 0.032738 0.074735
9 0.386533 0.797950 0.037202 0.048280
9 0.436570 0.789683 0.031622 0.034392
9 0.259859 0.589616 0.021205 0.041667
9 0.219494 0.386905 0.024554 0.034392
9 0.449219 0.551257 0.020461 0.046958
2 0.443080 0.958664 0.026786 0.061508
9 0.658296 0.323743 0.012277 0.036376
1 0.196615 0.374008 0.008557 0.046958
1 0.527902 0.544974 0.011905 0.048942
1 0.490699 0.497354 0.016369 0.044974
1 0.476749 0.330026 0.032366 0.039683
0 0.552455 0.328704 0.006696 0.027778
9 0.539249 0.364087 0.009301 0.037698
0 0.630394 0.251984 0.006324 0.034392
9 0.573847 0.423280 0.015997 0.042328
9 0.559710 0.776786 0.012277 0.040344
9 0.209077 0.619709 0.022321 0.038360
9 0.165737 0.806878 0.027902 0.050265
4 0.451265 0.633267 0.070685 0.093254
3 0.369234 0.595569 0.063616 0.078704
3 0.327753 0.509921 0.058036 0.063492
3 0.250186 0.466931 0.056920 0.054233
3 0.256696 0.515212 0.053571 0.076720
3 0.165179 0.741071 0.043155 0.085317
0 0.094308 0.552249 0.015253 0.044974
0 0.123140 0.738757 0.015625 0.050265
0 0.079985 0.546296 0.011905 0.039683
0 0.814546 0.693783 0.012277 0.038360
0 0.806734 0.700397 0.014509 0.044974
0 0.864025 0.633267 0.010789 0.045635
0 0.850260 0.633267 0.015253 0.053571
0 0.273251 0.900794 0.017485 0.055556
0 0.288504 0.878307 0.016741 0.055556
0 0.357329 0.551587 0.012277 0.039683
0 0.347656 0.553241 0.009301 0.041667
5 0.640625 0.383267 0.048363 0.083995
3 0.674293 0.356151 0.032366 0.053571
3 0.700707 0.320437 0.035342 0.050926
3 0.730469 0.287368 0.031622 0.045635
3 0.755022 0.263889 0.035342 0.043651
3 0.778274 0.233796 0.031250 0.037698
3 0.801897 0.208664 0.029390 0.042989
3 0.819754 0.180886 0.029390 0.041667
5 0.854539 0.135582 0.033482 0.059524
3 0.834821 0.205357 0.029762 0.042989
3 0.864211 0.166997 0.022321 0.037698
3 0.593936 0.319775 0.039062 0.044312
3 0.110863 0.306878 0.046131 0.043651
7 0.204985 0.349868 0.033482 0.043651
7 0.298363 0.382606 0.036458 0.052249
6 0.291667 0.558862 0.028274 0.055556
6 0.627976 0.644841 0.046131 0.064815
0 0.279948 0.652778 0.015253 0.048942
9 0.183966 0.543320 0.019717 0.041667
9 0.448289 0.554563 0.015625 0.040344
9 0.488467 0.506283 0.019345 0.045635
9 0.523810 0.548942 0.018601 0.044974
7 0.547991 0.438161 0.031250 0.068122
7 0.564546 0.442460 0.021205 0.050265
2 0.674851 0.450397 0.016369 0.027778
9 0.227307 0.561177 0.018601 0.040344
9 0.491071 0.976190 0.034226 0.044974
9 0.548921 0.912698 0.023438 0.059524
9 0.590588 0.920304 0.021949 0.054894
0 0.583891 0.901786 0.015997 0.049603
0 0.454427 0.430225 0.006324 0.039021
9 0.800037 0.266865 0.007812 0.028439
6 0.026786 0.754960 0.053571 0.089286
0 0.423735 0.383598 0.010417 0.039683
9 0.247024 0.692791 0.029018 0.052249
9 0.236049 0.363426 0.015253 0.033730