3 0.327468 0.270775 0.062500 0.063492
3 0.219013 0.891690 0.094538 0.212885
3 0.148109 0.243697 0.071429 0.059757
3 0.446954 0.283847 0.034664 0.080299
3 0.511029 0.014939 0.017857 0.028011
3 0.529412 0.126517 0.023109 0.040149
3 0.453782 0.217554 0.027311 0.059757
3 0.403624 0.263772 0.034139 0.071895
0 0.096639 0.664332 0.019958 0.055089
0 0.188288 0.489262 0.015231 0.050420
0 0.132353 0.473856 0.022059 0.060691
1 0.286502 0.326331 0.012080 0.038282
6 0.318015 0.719421 0.048845 0.124183
1 0.314338 0.726891 0.022584 0.073763
1 0.767069 0.250233 0.014181 0.035481
9 0.765756 0.259104 0.027311 0.032680
0 0.707195 0.178338 0.013130 0.039216
1 0.371586 0.735761 0.019433 0.063492
9 0.370798 0.760037 0.022059 0.074697
9 0.973739 0.233894 0.010504 0.027077
9 0.939863 0.218954 0.012080 0.032680
3 0.395483 0.052288 0.032563 0.024276
3 0.399685 0.029879 0.029412 0.024276
3 0.406513 0.196545 0.028361 0.055089
9 0.379727 0.241830 0.009454 0.029879
1 0.379464 0.231092 0.008929 0.027077
9 0.391019 0.169001 0.008929 0.024276
1 0.391019 0.157796 0.006828 0.026144
3 0.138130 0.417367 0.086134 0.063492
3 0.139706 0.312325 0.065126 0.056956
3 0.113971 0.188142 0.038866 0.049486
3 0.142069 0.274043 0.081408 0.056956
3 0.280200 0.175070 0.059349 0.043884
3 0.462447 0.123249 0.022584 0.046685
3 0.351628 0.158730 0.059349 0.050420
3 0.434349 0.066760 0.023109 0.038282
3 0.378414 0.106909 0.037290 0.038282
3 0.782038 0.281046 0.070378 0.063492
5 0.888130 0.274510 0.086134 0.069094
9 0.675420 0.269841 0.019958 0.028011
1 0.678834 0.253968 0.014181 0.029879
3 0.610819 0.147526 0.056723 0.054155
3 0.600840 0.128385 0.051471 0.043884
3 0.462447 0.067227 0.022584 0.046685
3 0.622637 0.239496 0.071954 0.055089
3 0.516019 0.455649 0.038340 0.084034
3 0.512342 0.299720 0.034139 0.065359
9 0.560137 0.237628 0.013130 0.043884
1 0.559349 0.224090 0.012605 0.037348
9 0.323792 0.402894 0.020483 0.049486
1 0.324580 0.390289 0.017857 0.050420
9 0.125788 0.340803 0.033088 0.035481
1 0.122637 0.322596 0.015231 0.049486
9 0.302784 0.325397 0.027836 0.027077
1 0.297006 0.312325 0.013130 0.038282
9 0.290704 0.344071 0.026786 0.032680
3 0.059349 0.176004 0.030462 0.055089
3 0.428834 0.014472 0.016282 0.028945