4 0.574055 0.076564 0.023109 0.050420
2 0.568277 0.262372 0.011555 0.031746
1 0.568015 0.249767 0.008929 0.027077
3 0.544380 0.511671 0.040441 0.089636
9 0.549107 0.147526 0.008929 0.022409
3 0.534926 0.182073 0.027836 0.048553
7 0.378414 0.712418 0.047794 0.158730
3 0.296481 0.676937 0.085609 0.175537
4 0.454832 0.700280 0.055672 0.179272
3 0.755777 0.650327 0.103992 0.094304
3 0.740546 0.548553 0.101891 0.079365
4 0.589811 0.240430 0.031513 0.068161
0 0.861345 0.637255 0.018908 0.071895
0 0.946691 0.774510 0.017332 0.051354
0 0.943277 0.793651 0.017857 0.050420
3 0.853992 0.965920 0.137605 0.066293
0 0.820116 0.750233 0.018382 0.077498
9 0.879989 0.586835 0.036239 0.043884
0 0.908613 0.560224 0.015756 0.072829
0 0.883403 0.451914 0.015756 0.059757
0 0.870273 0.454248 0.012605 0.060691
0 0.856880 0.449113 0.012080 0.054155
3 0.695116 0.380952 0.073004 0.063492
3 0.677521 0.321662 0.080882 0.055089
3 0.460872 0.442110 0.042542 0.101774
9 0.758666 0.317460 0.027836 0.033613
3 0.711660 0.229225 0.037815 0.062558
0 0.690914 0.258170 0.012080 0.032680
0 0.701943 0.265173 0.008929 0.042951
0 0.709034 0.266573 0.009454 0.038282
9 0.419905 0.324463 0.012080 0.040149
1 0.420168 0.304388 0.009454 0.031746
9 0.443540 0.170401 0.012080 0.028945
3 0.333246 0.327731 0.074055 0.059757
3 0.343225 0.264239 0.066702 0.052288
3 0.372111 0.235761 0.065651 0.053221
0 0.880515 0.665266 0.012080 0.066293
0 0.890494 0.646592 0.012080 0.060691
3 0.532826 0.104108 0.024685 0.036415
3 0.524422 0.057423 0.018382 0.028945
3 0.525998 0.032680 0.017332 0.031746
3 0.523372 0.009804 0.014181 0.019608
0 0.548319 0.134921 0.010504 0.017740