3 0.883456 0.431373 0.044853 0.039216
3 0.705147 0.483007 0.030882 0.048366
3 0.772426 0.434641 0.052206 0.037908
3 0.827941 0.471242 0.052941 0.043137
7 0.352941 0.470588 0.026471 0.049673
0 0.808824 0.575163 0.013235 0.041830
5 0.758824 0.405229 0.044118 0.039216
9 0.104412 0.542484 0.032353 0.047059
1 0.640809 0.312418 0.008088 0.026144
0 0.988971 0.607190 0.011765 0.043137
0 0.741544 0.345098 0.008088 0.018301
0 0.909926 0.430065 0.008088 0.023529
3 0.455147 0.595425 0.027941 0.077124
3 0.373162 0.750327 0.040441 0.104575
3 0.503309 0.392810 0.016912 0.037908
3 0.462868 0.464706 0.022794 0.056209
3 0.516176 0.128758 0.010294 0.016993
3 0.537868 0.116340 0.008088 0.018301
2 0.633456 0.372549 0.008088 0.018301
4 0.531618 0.190850 0.013235 0.026144
1 0.686765 0.657516 0.014706 0.036601
3 0.589706 0.139216 0.027941 0.024837
3 0.575368 0.120261 0.028676 0.026144
0 0.358456 0.552288 0.008088 0.032680
3 0.520956 0.109150 0.011029 0.014379
9 0.158456 0.465359 0.030147 0.044444
3 0.642647 0.233333 0.025000 0.019608
3 0.636765 0.217647 0.022059 0.014379
3 0.630882 0.203268 0.023529 0.016993
3 0.610662 0.190850 0.021324 0.015686
3 0.590441 0.171242 0.020588 0.018301
1 0.687132 0.645098 0.012500 0.043137
0 0.635294 0.356863 0.007353 0.015686
3 0.895221 0.547712 0.069853 0.057516
3 0.910662 0.598693 0.077206 0.054902
3 0.934926 0.633987 0.084559 0.062745
3 0.731618 0.557516 0.041176 0.058824
3 0.448529 0.707843 0.036765 0.103268
8 0.017279 0.928105 0.034559 0.138562
3 0.343015 0.964052 0.047794 0.064052
3 0.431250 0.945752 0.049265 0.103268
3 0.480147 0.217647 0.013235 0.035294
3 0.310662 0.377778 0.036029 0.041830
3 0.295588 0.295425 0.020588 0.033987
3 0.314706 0.307843 0.017647 0.027451
3 0.744853 0.352941 0.048529 0.039216
3 0.767647 0.345098 0.041176 0.033987
3 0.991544 0.960784 0.013971 0.070588
3 0.681618 0.330065 0.023529 0.032680
3 0.776471 0.789542 0.051471 0.101961
3 0.272059 0.528105 0.061765 0.047059
4 0.912132 0.466667 0.046324 0.057516
4 0.956618 0.485621 0.027941 0.053595