3 0.245536 0.566138 0.058036 0.058201
3 0.497024 0.498016 0.032738 0.075397
3 0.553199 0.426587 0.029018 0.059524
3 0.542411 0.142857 0.013393 0.029101
3 0.146949 0.947751 0.094494 0.099206
3 0.488839 0.179894 0.016369 0.026455
3 0.584077 0.212963 0.013393 0.026455
3 0.570312 0.263889 0.018601 0.038360
3 0.511161 0.359788 0.026786 0.052910
3 0.541667 0.275132 0.020833 0.039683
3 0.211310 0.795635 0.066964 0.136243
6 0.867188 0.793651 0.052827 0.116402
3 0.630580 0.500661 0.031994 0.062169
3 0.295015 0.564153 0.049851 0.096561