0 0.521875 0.487500 0.007292 0.021296
3 0.484635 0.475463 0.018229 0.030556
3 0.610938 0.962037 0.076042 0.068519
3 0.628646 0.913889 0.070833 0.064815
3 0.648438 0.825463 0.044792 0.062037
3 0.044271 0.950000 0.071875 0.061111
0 0.408073 0.515741 0.006771 0.022222
0 0.412500 0.515278 0.007292 0.025000
3 0.532292 0.719444 0.027083 0.055556
8 0.504948 0.483333 0.018229 0.050000
3 0.273177 0.835648 0.041146 0.082407
3 0.303125 0.738426 0.036458 0.082407
3 0.337500 0.682870 0.033333 0.058333
3 0.350000 0.637500 0.041667 0.047222
3 0.357292 0.604167 0.034375 0.052778
3 0.375260 0.575000 0.020313 0.038889
3 0.389062 0.534259 0.016667 0.033333
3 0.403385 0.603241 0.018229 0.039815
9 0.334896 0.773148 0.017708 0.046296
3 0.378125 0.652778 0.026042 0.050000
3 0.531510 0.668056 0.023438 0.047222
3 0.514323 0.756944 0.033854 0.065741
3 0.524740 0.618519 0.018229 0.042593
3 0.481250 0.783796 0.031250 0.060185
0 0.508073 0.602778 0.009896 0.031481
2 0.421354 0.510648 0.007292 0.026852
3 0.604688 0.642130 0.042708 0.037963
3 0.611198 0.610648 0.025521 0.041667
3 0.139323 0.821759 0.060937 0.076852
3 0.162240 0.832407 0.051562 0.074074
4 0.209115 0.832870 0.050521 0.099074
3 0.623698 0.562500 0.035937 0.034259
3 0.400521 0.475926 0.016667 0.029630
3 0.618229 0.532870 0.032292 0.030556
6 0.220833 0.543981 0.027083 0.032407
3 0.253906 0.515741 0.033854 0.031481
3 0.554948 0.547685 0.032813 0.032407
3 0.550781 0.529167 0.032813 0.030556
4 0.538802 0.503241 0.031771 0.028704
5 0.603385 0.465741 0.019271 0.038889
3 0.581510 0.433796 0.011979 0.023148
3 0.510938 0.439815 0.012500 0.022222
0 0.533854 0.560185 0.007292 0.022222
0 0.269010 0.566204 0.009896 0.028704
3 0.429167 0.836574 0.031250 0.069444