3 0.987500 0.520915 0.023529 0.045752
3 0.881618 0.416340 0.044118 0.037908
3 0.705147 0.458170 0.027941 0.043137
3 0.769853 0.416340 0.050000 0.035294
3 0.822794 0.445752 0.048529 0.039216
7 0.373162 0.445098 0.024265 0.045752
0 0.817279 0.545752 0.011029 0.037908
5 0.761397 0.395425 0.043382 0.037908
9 0.147059 0.510458 0.032353 0.037908
1 0.631985 0.274510 0.005147 0.023529
0 0.951838 0.552288 0.011029 0.040523
0 0.732721 0.330719 0.008088 0.018301
0 0.911765 0.420261 0.010294 0.022222
3 0.475368 0.511111 0.025735 0.057516
3 0.417647 0.575817 0.032353 0.071895
3 0.515074 0.311765 0.015441 0.032680
3 0.482353 0.356209 0.019118 0.037908
3 0.526471 0.137908 0.010294 0.016993
3 0.550368 0.122876 0.008088 0.018301
2 0.654779 0.396078 0.008088 0.015686
4 0.552206 0.222222 0.013235 0.026144
1 0.744485 0.826144 0.019853 0.047059
3 0.599265 0.133987 0.027941 0.024837
3 0.587868 0.116340 0.028676 0.026144
0 0.406985 0.445098 0.008088 0.032680
9 0.191544 0.439869 0.027206 0.045752
3 0.648162 0.230065 0.025735 0.015686
3 0.643382 0.215033 0.022059 0.014379
3 0.639706 0.202614 0.023529 0.015686
3 0.620221 0.189542 0.021324 0.015686
3 0.597794 0.168627 0.020588 0.018301
1 0.746691 0.816993 0.018382 0.047059
0 0.655515 0.382353 0.006618 0.019608
3 0.887868 0.522222 0.062500 0.048366
3 0.898529 0.565359 0.069118 0.048366
3 0.919118 0.598039 0.075000 0.061438
3 0.731618 0.526797 0.039706 0.052288
3 0.468750 0.650980 0.034559 0.088889
8 0.048162 0.886928 0.096324 0.220915
3 0.369485 0.909804 0.049265 0.122876
3 0.452206 0.888889 0.044118 0.135948
3 0.536397 0.957516 0.046324 0.082353
3 0.490809 0.196732 0.011029 0.030065
3 0.330515 0.362745 0.034559 0.037908
3 0.316544 0.286928 0.019853 0.030065
3 0.334191 0.297386 0.016912 0.027451
3 0.741912 0.339216 0.044118 0.040523
3 0.766544 0.331373 0.040441 0.032680
3 0.978309 0.888889 0.040441 0.083660
3 0.686765 0.322222 0.023529 0.027451
3 0.776471 0.789542 0.052941 0.112418
3 0.299265 0.496078 0.058824 0.045752
4 0.905515 0.449020 0.041912 0.053595
4 0.948162 0.467320 0.025735 0.053595