3 0.962132 0.497386 0.049265 0.043137
3 0.848162 0.400000 0.040441 0.033987
3 0.677941 0.442484 0.027941 0.043137
3 0.739706 0.401961 0.050000 0.035294
3 0.786765 0.429412 0.047059 0.035294
7 0.355882 0.433333 0.022059 0.045752
0 0.798529 0.509804 0.010294 0.031373
5 0.734559 0.381046 0.039706 0.035294
9 0.135294 0.497386 0.032353 0.037908
0 0.889338 0.503268 0.011029 0.039216
0 0.992647 0.522876 0.010294 0.039216
0 0.996324 0.551634 0.005882 0.036601
0 0.714338 0.321569 0.008088 0.018301
0 0.871691 0.405882 0.008088 0.027451
3 0.462132 0.436601 0.021324 0.047059
3 0.422059 0.447059 0.023529 0.049673
3 0.495588 0.256209 0.014706 0.026144
3 0.466912 0.276471 0.014706 0.030065
3 0.511765 0.147059 0.010294 0.016993
3 0.533456 0.124183 0.008088 0.018301
2 0.643750 0.423529 0.008088 0.018301
4 0.541544 0.259477 0.016912 0.032680
3 0.579412 0.133987 0.027941 0.024837
3 0.569485 0.116340 0.028676 0.026144
0 0.401838 0.369281 0.008088 0.032680
3 0.524632 0.119608 0.011029 0.030065
9 0.182353 0.431373 0.029412 0.039216
3 0.629044 0.226144 0.025735 0.015686
3 0.623162 0.211111 0.021324 0.014379
3 0.619485 0.199346 0.024265 0.016993
3 0.605515 0.184314 0.021324 0.015686
3 0.581618 0.164052 0.020588 0.016993
0 0.643750 0.409804 0.006618 0.022222
3 0.855147 0.498693 0.061765 0.048366
3 0.860662 0.536601 0.063971 0.043137
3 0.882721 0.566013 0.065441 0.052288
3 0.972426 0.647059 0.053676 0.054902
3 0.880147 0.971242 0.076471 0.054902
3 0.705515 0.500654 0.036029 0.047059
3 0.974265 0.893464 0.048529 0.092810
3 0.455147 0.608497 0.032353 0.077124
3 0.980147 0.718954 0.036765 0.067974
8 0.048897 0.841830 0.097794 0.224837
3 0.435662 0.958170 0.047794 0.078431
3 0.361029 0.857516 0.047059 0.112418
3 0.441176 0.833987 0.041176 0.122876
3 0.514338 0.849673 0.043382 0.133333
3 0.475000 0.180392 0.010294 0.026144
3 0.317647 0.353595 0.035294 0.035294
3 0.300368 0.284314 0.019853 0.030065
3 0.320221 0.292157 0.016912 0.027451
3 0.715074 0.330065 0.044853 0.035294
3 0.738235 0.322876 0.038235 0.031373
3 0.955147 0.830065 0.086765 0.083660
3 0.664706 0.313072 0.023529 0.027451
3 0.769853 0.835294 0.063235 0.115033
3 0.288235 0.483660 0.055882 0.041830
4 0.872426 0.431373 0.040441 0.052288
4 0.913603 0.447712 0.025735 0.053595