3 0.717437 0.441176 0.033613 0.040149
3 0.578519 0.680672 0.070903 0.082166
5 0.740809 0.520542 0.073004 0.137255
3 0.685137 0.520075 0.040441 0.052288
3 0.720326 0.493931 0.028887 0.048553
4 0.762080 0.450980 0.026261 0.041083
3 0.767595 0.431839 0.024685 0.030812
3 0.793855 0.413165 0.022584 0.028945
5 0.802258 0.393557 0.024685 0.038282
3 0.819328 0.378618 0.017857 0.025210
3 0.834821 0.364613 0.016282 0.023343
3 0.782300 0.384220 0.019433 0.027077
3 0.762605 0.401961 0.023109 0.032680
3 0.145221 0.857143 0.140231 0.153128
5 0.623687 0.431373 0.047794 0.074697
5 0.476103 0.843604 0.159139 0.225023
3 0.683036 0.434174 0.030987 0.035481
6 0.761555 0.387488 0.011555 0.022409
3 0.448792 0.709617 0.084559 0.084034
3 0.685924 0.408497 0.021008 0.032680
3 0.740809 0.371615 0.019433 0.029879
3 0.770483 0.349206 0.015756 0.022409
0 0.115021 0.654528 0.024160 0.070962