2 0.747111 0.442110 0.029937 0.034547
1 0.749737 0.437442 0.015231 0.049486
0 0.606092 0.202614 0.009454 0.029879
0 0.584034 0.081232 0.008403 0.029879
3 0.554884 0.370215 0.034139 0.070028
3 0.966912 0.457516 0.065126 0.067227
3 0.669380 0.294118 0.036239 0.056022
1 0.519958 0.041550 0.007353 0.025210
3 0.655462 0.259570 0.030462 0.044818
0 0.834821 0.506536 0.015231 0.051354
0 0.806460 0.511671 0.011029 0.048553
4 0.452994 0.591970 0.077206 0.149393
3 0.531775 0.237628 0.026786 0.056956
3 0.503151 0.208217 0.029412 0.052288
3 0.631040 0.191410 0.027836 0.039216
3 0.597689 0.123249 0.019958 0.033613
3 0.288340 0.248366 0.036765 0.048553
3 0.332983 0.147526 0.025210 0.041083
3 0.360294 0.086835 0.018908 0.033613
3 0.368435 0.077965 0.013130 0.028945
3 0.375263 0.066760 0.015231 0.027077
3 0.384979 0.090570 0.016807 0.022409
3 0.328256 0.680672 0.063025 0.141923
3 0.327731 0.395425 0.064076 0.079365
3 0.562763 0.474323 0.041492 0.085901
3 0.444065 0.284314 0.025735 0.055089
3 0.453782 0.215219 0.023109 0.049486
3 0.435924 0.140990 0.025210 0.041083
3 0.408876 0.155462 0.021534 0.036415
3 0.493960 0.037348 0.013130 0.026144
3 0.500525 0.067227 0.014706 0.029879
0 0.879727 0.525210 0.013655 0.058824
3 0.641019 0.220355 0.027836 0.037348
3 0.398109 0.028478 0.013655 0.023343
3 0.475315 0.409430 0.054622 0.094304
3 0.391807 0.326797 0.028361 0.059757
3 0.412553 0.248366 0.023634 0.048553
3 0.490284 0.016807 0.015231 0.026144
3 0.455095 0.174136 0.019433 0.034547
3 0.423319 0.200747 0.023109 0.044818
3 0.463235 0.091503 0.014706 0.029879
3 0.458508 0.015406 0.011555 0.019608
3 0.534926 0.833800 0.063550 0.184874
4 0.437763 0.071895 0.013130 0.037348
0 0.020221 0.399160 0.017332 0.055089
9 0.520221 0.150327 0.013130 0.037348
9 0.532563 0.147526 0.010504 0.033613
1 0.519695 0.150327 0.013130 0.044818
3 0.469538 0.040149 0.014706 0.026144
1 0.532826 0.146592 0.013130 0.037348