3 0.140494 0.702614 0.027836 0.043884
3 0.146796 0.681139 0.027836 0.038282
5 0.075630 0.642390 0.053571 0.115780
5 0.111607 0.586835 0.046744 0.088702
1 0.142857 0.596172 0.006303 0.027077
5 0.165441 0.580299 0.046218 0.077498
3 0.225578 0.714753 0.028887 0.055089
5 0.159926 0.613912 0.027836 0.055089
3 0.225578 0.684874 0.024685 0.043884
3 0.223477 0.663399 0.024685 0.043884
3 0.220063 0.644258 0.021008 0.033613
3 0.192489 0.581232 0.015231 0.021475
3 0.219013 0.626050 0.018908 0.027077
5 0.344013 0.626050 0.043067 0.083100
3 0.401786 0.570962 0.014706 0.019608
3 0.675420 0.657796 0.038866 0.038282
3 0.813025 0.720822 0.059874 0.048553
3 0.939076 0.780579 0.075630 0.059757
3 0.457721 0.647993 0.043592 0.042951
3 0.500263 0.679272 0.040441 0.049486
4 0.532300 0.694678 0.040441 0.056022
5 0.615284 0.673669 0.141282 0.127918
3 0.763655 0.633520 0.034664 0.027077
4 0.905462 0.670868 0.053571 0.049486
5 0.965599 0.667134 0.066702 0.071895
3 0.948004 0.641457 0.037815 0.035481
3 0.956408 0.624183 0.030462 0.025210
5 0.950893 0.620448 0.027836 0.027077
5 0.921218 0.612512 0.040966 0.042951
3 0.859506 0.630719 0.034139 0.032680
1 0.548319 0.786181 0.012605 0.059757
0 0.591912 0.781979 0.015756 0.060691
0 0.541492 0.776377 0.015756 0.060691
0 0.595063 0.792250 0.012605 0.066293
0 0.611607 0.739963 0.012080 0.049486
0 0.586660 0.798319 0.014706 0.059757
5 0.873424 0.660131 0.053571 0.044818
3 0.614496 0.623249 0.030462 0.032680
5 0.021271 0.626517 0.042542 0.104575
5 0.074317 0.598973 0.068803 0.114846
3 0.339023 0.579365 0.018382 0.027077