3 0.760242 0.681606 0.160189 0.156863
3 0.208508 0.420168 0.109244 0.102708
3 0.439076 0.355275 0.100840 0.096172
3 0.335872 0.323529 0.095063 0.088702
3 0.740284 0.318394 0.044643 0.089636
3 0.751050 0.257236 0.039916 0.075630
3 0.772321 0.218021 0.032038 0.066293
3 0.777048 0.174136 0.026786 0.047619
3 0.791229 0.147059 0.023634 0.047619
3 0.812237 0.084967 0.024685 0.022409
6 0.583508 0.405229 0.073529 0.070962
0 0.418855 0.797386 0.021534 0.112045
0 0.394958 0.782446 0.022059 0.108310
0 0.407826 0.786181 0.020483 0.108310
9 0.758929 0.573296 0.029412 0.070962
1 0.761029 0.563492 0.015756 0.066293
3 0.571691 0.328665 0.084559 0.091503
3 0.589023 0.300187 0.079307 0.066293
3 0.595063 0.264706 0.090336 0.056956
3 0.589548 0.238095 0.054097 0.029879
3 0.621061 0.235294 0.081408 0.057890
5 0.634454 0.197479 0.074580 0.051354
3 0.674632 0.200280 0.062500 0.043884
3 0.693015 0.166667 0.062500 0.038282
3 0.716649 0.104108 0.053046 0.032680
3 0.732143 0.083100 0.044118 0.031746
0 0.738708 0.166200 0.008929 0.031746
0 0.748162 0.169468 0.008929 0.032680
1 0.771271 0.133053 0.008929 0.027077
0 0.750788 0.128385 0.008929 0.032680
0 0.758666 0.128385 0.008929 0.032680
0 0.794643 0.348739 0.021008 0.062558
2 0.794380 0.363679 0.035189 0.042017
3 0.120011 0.367880 0.105567 0.098973
3 0.029674 0.326797 0.053046 0.095238
3 0.865021 0.160131 0.024160 0.049486
9 0.221376 0.484594 0.049895 0.065359
1 0.224527 0.469188 0.021534 0.075630
9 0.291229 0.965920 0.050945 0.066293
1 0.286765 0.951447 0.028361 0.089636
3 0.701418 0.140523 0.049895 0.038282
1 0.563813 0.397292 0.018382 0.066293
0 0.874737 0.496265 0.015231 0.049486
0 0.895221 0.500934 0.015231 0.066293
0 0.896271 0.464519 0.012080 0.043884
6 0.878676 0.465920 0.031513 0.093371