3 0.324449 0.991503 0.055515 0.016993
3 0.457169 0.681046 0.038603 0.070588
3 0.480331 0.922222 0.051103 0.115033
3 0.526287 0.708170 0.041544 0.076471
3 0.656250 0.790196 0.048529 0.081046
8 0.650000 0.884314 0.133088 0.230065
3 0.969853 0.700000 0.059559 0.069281
3 0.868382 0.660784 0.080882 0.069281
3 0.705515 0.628758 0.080882 0.065359
3 0.767831 0.621569 0.070221 0.060131
3 0.588419 0.601307 0.075368 0.054902
3 0.631618 0.586928 0.072059 0.049673
3 0.490993 0.545425 0.061397 0.062092
3 0.574816 0.466667 0.035662 0.033987
3 0.416360 0.277778 0.011397 0.016993
3 0.009926 0.599673 0.018382 0.055556
3 0.056066 0.374837 0.041544 0.029412
3 0.062500 0.502941 0.041912 0.046405
3 0.404228 0.256863 0.012132 0.018301
3 0.468934 0.337255 0.017279 0.023529
3 0.031066 0.884641 0.062132 0.131373
3 0.186029 0.816340 0.063235 0.115033
4 0.173713 0.651307 0.048162 0.096078
3 0.232904 0.582026 0.035662 0.064706
3 0.195037 0.551634 0.036397 0.060131
3 0.268015 0.464379 0.025000 0.045098
3 0.370772 0.379412 0.017279 0.029412
3 0.305331 0.421569 0.023162 0.039216
3 0.255515 0.409477 0.022059 0.034641
3 0.288603 0.387582 0.020588 0.031373
3 0.315625 0.396078 0.019485 0.033987
3 0.343934 0.380392 0.018750 0.032680
3 0.430331 0.299673 0.014338 0.026797
9 0.079963 0.702941 0.017279 0.041176
9 0.036213 0.636601 0.023897 0.033987
3 0.060478 0.600654 0.012132 0.032680
9 0.073897 0.569608 0.012500 0.041176
9 0.112316 0.580065 0.013603 0.035948
9 0.115625 0.533333 0.012132 0.039216
9 0.575735 0.636601 0.017647 0.032680
1 0.576287 0.617974 0.011397 0.030719
2 0.610110 0.639216 0.012868 0.028758
1 0.608824 0.620261 0.012500 0.033987
2 0.599081 0.650980 0.016544 0.036601
1 0.598713 0.637255 0.012132 0.032680
1 0.795404 0.921242 0.018015 0.063399
1 0.771324 0.873529 0.014706 0.056863
1 0.798346 0.859804 0.015809 0.051634
0 0.962316 0.876797 0.017279 0.069935
0 0.990809 0.917647 0.012500 0.071895
1 0.819669 0.942157 0.024632 0.064706
1 0.827390 0.909477 0.020221 0.056863
1 0.760110 0.825817 0.012132 0.039869
1 0.760110 0.785948 0.012868 0.042484
1 0.784743 0.773529 0.015809 0.042484
1 0.703309 0.758497 0.013971 0.047712
0 0.875551 0.895098 0.012868 0.055556
1 0.727941 0.770588 0.015441 0.048366
0 0.732721 0.816667 0.013971 0.059477
0 0.683824 0.844444 0.012500 0.073203
0 0.670221 0.811111 0.016176 0.065359
1 0.632721 0.691503 0.013971 0.048366
1 0.631618 0.663399 0.013971 0.045752
0 0.706250 0.814379 0.015441 0.057516
0 0.815074 0.833987 0.013235 0.064052
0 0.840809 0.860131 0.015441 0.074510
0 0.879596 0.830719 0.017279 0.067974
1 0.682904 0.729739 0.012868 0.049020
1 0.678309 0.701961 0.011765 0.039216
0 0.657169 0.700000 0.013603 0.043137
1 0.659926 0.683660 0.013971 0.043137
1 0.629412 0.638562 0.011765 0.045752
1 0.643566 0.643464 0.012132 0.039869
1 0.656801 0.658170 0.012132 0.043137
1 0.667831 0.650980 0.015074 0.047059
1 0.698897 0.660458 0.016176 0.046405
0 0.979228 0.873529 0.015074 0.055556
0 0.974081 0.863072 0.015074 0.056863
0 0.890257 0.882680 0.015074 0.069935
0 0.910846 0.802941 0.015074 0.062092
0 0.895772 0.789869 0.016544 0.062092
3 0.479779 0.794444 0.039706 0.083007
3 0.540625 0.820261 0.048897 0.107190
3 0.595588 0.500654 0.057353 0.044444
3 0.481434 0.337908 0.015074 0.019608
3 0.474081 0.321242 0.012868 0.020261
3 0.411765 0.827124 0.047059 0.107843
3 0.518199 0.622222 0.038603 0.060131
3 0.407353 0.688562 0.035294 0.068627
3 0.711581 0.542810 0.061397 0.046405
3 0.463971 0.600980 0.036765 0.055556
3 0.415257 0.577451 0.031250 0.059477
3 0.454963 0.296405 0.012132 0.017647
3 0.445772 0.278105 0.013603 0.015033
3 0.428860 0.251961 0.011397 0.015033