8 0.409926 0.395425 0.157038 0.129785
3 0.757616 0.557423 0.108718 0.091503
3 0.089023 0.406162 0.090861 0.072829
3 0.032038 0.453315 0.064076 0.073763
3 0.438550 0.466387 0.092437 0.079365
3 0.764181 0.464052 0.095588 0.072829
3 0.888393 0.421569 0.094013 0.073763
3 0.576155 0.096172 0.025210 0.046685
1 0.658876 0.789449 0.023634 0.058824
0 0.515231 0.733894 0.018908 0.065359
0 0.572479 0.749300 0.019958 0.066293
0 0.545956 0.732493 0.019433 0.064426
9 0.646534 0.685808 0.036765 0.045752
0 0.294118 0.539216 0.021008 0.055089
2 0.296744 0.548553 0.042017 0.043884
1 0.305935 0.535014 0.015231 0.042951
9 0.246324 0.310458 0.028361 0.038282
1 0.579307 0.479925 0.015756 0.046685
9 0.578782 0.497666 0.019958 0.052288
0 0.408351 0.235761 0.013130 0.049486
0 0.443540 0.090570 0.007878 0.035481
1 0.227941 0.373483 0.012605 0.041083
9 0.226891 0.384687 0.033613 0.039216
9 0.917805 0.359010 0.029937 0.038282
1 0.920431 0.349673 0.019433 0.045752
9 0.355830 0.193277 0.020483 0.033613
0 0.986607 0.286648 0.012080 0.039216
0 0.979517 0.284781 0.013655 0.037348
0 0.238971 0.244631 0.013655 0.035481
0 0.226366 0.252101 0.014706 0.046685
2 0.012080 0.343137 0.022059 0.051354
3 0.177258 0.856209 0.108718 0.197946
3 0.484244 0.213352 0.026261 0.062558
5 0.936187 0.829599 0.125525 0.174603
3 0.586922 0.205882 0.030987 0.051354
3 0.437237 0.068627 0.022584 0.040149
3 0.241334 0.510738 0.108718 0.089636
3 0.648634 0.148459 0.055672 0.042951
3 0.581145 0.018674 0.043592 0.029879
3 0.446166 0.025210 0.021534 0.039216
6 0.662815 0.811391 0.038866 0.100840
0 0.918592 0.682540 0.022059 0.069094
9 0.682248 0.298786 0.010504 0.037348
9 0.719538 0.312325 0.015756 0.042017
9 0.749212 0.307190 0.015231 0.035481
9 0.787027 0.296919 0.009979 0.041083
9 0.804359 0.296919 0.013130 0.037348
9 0.860032 0.314659 0.011029 0.037348
9 0.893120 0.286181 0.015231 0.036415
2 0.905462 0.316993 0.012605 0.038282
9 0.955882 0.318394 0.023109 0.048553
1 0.450368 0.139122 0.012080 0.031746
9 0.450893 0.146125 0.012080 0.036415
0 0.319328 0.725490 0.021008 0.070962
0 0.336134 0.725490 0.018908 0.074697
1 0.485032 0.278245 0.015231 0.037348
6 0.484506 0.288982 0.020483 0.042017
1 0.402836 0.303922 0.014706 0.043884
9 0.403887 0.313725 0.024160 0.039216
1 0.154149 0.652194 0.020483 0.064426
9 0.160189 0.667134 0.038866 0.049486
4 0.631303 0.597572 0.088235 0.095238
9 0.336660 0.257703 0.027311 0.033613
9 0.388130 0.191410 0.022059 0.028011
9 0.386817 0.169935 0.024685 0.029879
1 0.692752 0.968254 0.021008 0.048553
9 0.693803 0.974323 0.021008 0.049486
0 0.121586 0.339869 0.017332 0.054155
0 0.448267 0.163399 0.009979 0.037348
1 0.855305 0.514472 0.020483 0.046685
9 0.850315 0.526144 0.036765 0.045752
0 0.451418 0.261905 0.015231 0.045752
0 0.451155 0.095238 0.008403 0.035481
0 0.612395 0.214286 0.011555 0.038282
0 0.608193 0.209617 0.011555 0.038282
1 0.645221 0.669001 0.020483 0.047619
0 0.467700 0.265640 0.014181 0.047619
0 0.460084 0.276377 0.012605 0.042951
9 0.251313 0.324930 0.027836 0.035481
9 0.085609 0.352007 0.019958 0.042951
6 0.660714 0.205415 0.036765 0.050420
9 0.615809 0.173203 0.022584 0.025210