3 0.822479 0.401027 0.019958 0.027077
5 0.845851 0.403828 0.027836 0.058824
3 0.781250 0.449113 0.027836 0.033613
6 0.643382 0.511204 0.017857 0.038282
4 0.779674 0.398693 0.022584 0.035481
3 0.717174 0.514006 0.038340 0.043884
3 0.549632 0.736228 0.077206 0.088702
3 0.115809 0.821195 0.136029 0.127918
4 0.305672 0.657330 0.079832 0.108310
3 0.392857 0.670401 0.078782 0.085901
3 0.521008 0.578431 0.055672 0.064426
3 0.624737 0.458450 0.035189 0.039216
5 0.702731 0.400560 0.033613 0.037348
3 0.743960 0.389823 0.025735 0.027077
3 0.779149 0.371148 0.019433 0.025210
5 0.771534 0.345472 0.023109 0.029879
3 0.708246 0.430906 0.029937 0.038282
0 0.326681 0.554155 0.017857 0.058824