4 0.853795 0.717593 0.023065 0.022487
4 0.837054 0.685185 0.023810 0.026455
4 0.872768 0.601190 0.017857 0.043651
3 0.880952 0.700397 0.011905 0.046296
3 0.126488 0.597884 0.026786 0.031746
3 0.200521 0.488095 0.026042 0.034392
3 0.013765 0.614418 0.023065 0.048942
3 0.855283 0.183201 0.026042 0.030423
5 0.960938 0.123677 0.030506 0.035714
5 0.715402 0.156085 0.020089 0.039683
4 0.740327 0.234788 0.025298 0.022487
3 0.299479 0.230159 0.018601 0.055556
3 0.260789 0.208995 0.018601 0.047619
4 0.250744 0.157407 0.017857 0.052910
4 0.284598 0.152778 0.017113 0.043651
3 0.318080 0.107804 0.023065 0.048942
8 0.744792 0.302910 0.062500 0.031746
4 0.597470 0.173942 0.025298 0.041005
3 0.294643 0.550265 0.028274 0.026455
4 0.384301 0.625661 0.027530 0.044974
7 0.352307 0.047619 0.014137 0.039683
7 0.378348 0.221561 0.009673 0.025132
7 0.439732 0.500000 0.010417 0.023810
3 0.330729 0.425926 0.018601 0.047619
7 0.165923 0.696429 0.019345 0.019841
9 0.982515 0.255291 0.011161 0.015873
9 0.321801 0.282407 0.014137 0.038360
9 0.150670 0.619709 0.014137 0.019841
9 0.804315 0.216270 0.010417 0.019841
0 0.727307 0.207011 0.014137 0.017196
0 0.726190 0.220899 0.013393 0.013228
9 0.608259 0.669312 0.014137 0.018519
9 0.416667 0.757937 0.010417 0.023810
9 0.326265 0.156746 0.011161 0.033069
0 0.273810 0.215608 0.008929 0.015873
0 0.260417 0.445767 0.010417 0.013228
4 0.617932 0.343254 0.027530 0.027778
3 0.575521 0.393519 0.024554 0.025132
3 0.207961 0.646825 0.030506 0.037037
5 0.238839 0.623677 0.028274 0.027778
5 0.270089 0.611772 0.031250 0.035714
4 0.703869 0.343915 0.031250 0.026455
4 0.604911 0.382937 0.023810 0.022487
3 0.643601 0.381614 0.028274 0.025132
3 0.648065 0.646164 0.026786 0.038360
4 0.654390 0.684524 0.026042 0.041005
3 0.673735 0.607143 0.026042 0.039683
3 0.687872 0.628968 0.026042 0.043651
4 0.741815 0.509259 0.025298 0.037037
3 0.496280 0.710979 0.023810 0.046296
7 0.745164 0.167989 0.014137 0.031746
3 0.041295 0.216270 0.024554 0.033069
7 0.379836 0.346561 0.020089 0.044974
0 0.119420 0.582672 0.009673 0.014550