4 0.540179 0.069094 0.024685 0.050420
2 0.542805 0.256303 0.009979 0.032680
1 0.542805 0.241363 0.008929 0.027077
3 0.522321 0.527077 0.040441 0.090570
9 0.514968 0.151261 0.008929 0.022409
3 0.832721 0.984594 0.141282 0.027077
7 0.247374 0.892624 0.075630 0.158730
3 0.502626 0.184407 0.028361 0.049486
7 0.383666 0.544818 0.035189 0.124183
3 0.291229 0.611578 0.075105 0.156863
4 0.444853 0.513539 0.043067 0.126984
3 0.712973 0.575630 0.095063 0.088702
3 0.700630 0.485994 0.094538 0.075630
4 0.558824 0.219421 0.029412 0.063492
0 0.808561 0.565826 0.016282 0.067227
0 0.876050 0.678805 0.012605 0.044818
0 0.871324 0.691877 0.014706 0.050420
3 0.806723 0.855742 0.137605 0.101774
0 0.772321 0.652194 0.017332 0.066293
9 0.827206 0.517274 0.030462 0.042951
0 0.851891 0.500000 0.014706 0.066293
0 0.832195 0.410831 0.015231 0.059757
0 0.820378 0.411298 0.011555 0.058824
0 0.805935 0.409430 0.012080 0.051354
3 0.661239 0.349673 0.070378 0.060691
3 0.640756 0.291783 0.076681 0.051354
3 0.443277 0.324930 0.036765 0.078431
9 0.716649 0.288515 0.028887 0.033613
3 0.668855 0.205415 0.035189 0.061625
0 0.658876 0.241363 0.008929 0.032680
0 0.668855 0.242764 0.008929 0.042951
0 0.675683 0.246032 0.009979 0.038282
9 0.399160 0.267974 0.012605 0.033613
1 0.398372 0.251634 0.008929 0.032680
9 0.420693 0.142857 0.011555 0.029879
3 0.317227 0.304388 0.071429 0.056022
3 0.320641 0.244164 0.066702 0.049486
3 0.350053 0.218954 0.062500 0.053221
0 0.824580 0.589169 0.011555 0.065359
0 0.835609 0.568161 0.011555 0.060691
3 0.501313 0.103641 0.023634 0.037348
3 0.492122 0.057423 0.017857 0.028945
3 0.496324 0.030345 0.017857 0.028945
3 0.492122 0.011204 0.014706 0.020542
0 0.515231 0.138655 0.010504 0.017740