3 0.285528 0.940146 0.090402 0.118386
3 0.380766 0.414352 0.047991 0.046958
1 0.219308 0.302579 0.010789 0.028439
9 0.221168 0.311177 0.018229 0.016534
3 0.032180 0.250992 0.030134 0.035053
2 0.396019 0.306548 0.009301 0.025794
3 0.124814 0.289352 0.035342 0.039021
3 0.864769 0.612765 0.091146 0.076058
9 0.301897 0.331349 0.016741 0.023810
1 0.300781 0.323082 0.010045 0.027116
1 0.304129 0.328373 0.010045 0.024471
3 0.263579 0.338294 0.047247 0.044312
3 0.380766 0.379299 0.051711 0.039021
5 0.504278 0.417659 0.071057 0.068122
3 0.613467 0.401786 0.040923 0.045635
1 0.809710 0.499008 0.016741 0.048280
3 0.502604 0.251653 0.019345 0.031085
9 0.701079 0.458995 0.024926 0.029101
1 0.703683 0.451389 0.013021 0.041667
3 0.448475 0.163029 0.013021 0.020503
8 0.831287 0.525132 0.153646 0.133598
3 0.233445 0.367394 0.036830 0.041667
3 0.218564 0.289683 0.027902 0.031746
2 0.391927 0.317130 0.008557 0.025794
2 0.400484 0.313823 0.009301 0.032407
3 0.491629 0.941138 0.069568 0.113757
3 0.505394 0.793320 0.052455 0.135582
1 0.779204 0.964616 0.018973 0.049603
0 0.765439 0.950066 0.023438 0.077381
2 0.776228 0.958995 0.022693 0.078042
8 0.624628 0.852513 0.100446 0.292328
5 0.444010 0.293320 0.023438 0.042989
3 0.471168 0.294643 0.021205 0.033730
3 0.444754 0.270172 0.016741 0.028439
3 0.478609 0.279762 0.015253 0.029101
8 0.441034 0.242725 0.026414 0.068783
3 0.467262 0.266865 0.016369 0.029762
6 0.495350 0.178241 0.012277 0.020503
2 0.808408 0.507275 0.029018 0.034392
3 0.470610 0.253638 0.018601 0.028439
3 0.463356 0.241733 0.017485 0.025794
3 0.461124 0.232474 0.013021 0.027116
3 0.430060 0.209656 0.014881 0.027778
4 0.422805 0.186839 0.013765 0.020503
4 0.414993 0.173280 0.013021 0.015873
5 0.450335 0.198082 0.018229 0.031085
3 0.439918 0.194444 0.013021 0.022487
5 0.328683 0.199405 0.027902 0.042989