3 0.458508 0.491597 0.037815 0.064426
6 0.105305 0.687208 0.038340 0.067227
1 0.110557 0.668067 0.024685 0.058824
8 0.109244 0.521475 0.110294 0.159664
2 0.681723 0.659197 0.022059 0.056022
1 0.681460 0.644258 0.020483 0.059757
3 0.806985 0.699813 0.087710 0.109244
3 0.731880 0.596172 0.068803 0.081232
2 0.775473 0.928571 0.035189 0.077498
1 0.778361 0.904762 0.026261 0.072829
9 0.626576 0.472923 0.012605 0.038282
1 0.626838 0.458450 0.012080 0.035481
1 0.866334 0.774977 0.018382 0.070962
0 0.922006 0.753035 0.021534 0.066293
1 0.598739 0.411298 0.009454 0.043884
0 0.673057 0.535481 0.012080 0.051354
0 0.661502 0.536415 0.015231 0.053221
6 0.697742 0.536415 0.043592 0.055089
3 0.683036 0.500934 0.044643 0.056956
3 0.652048 0.448646 0.036239 0.055089
0 0.981618 0.793651 0.018908 0.072829
1 0.944853 0.877684 0.028361 0.057890
1 0.956408 0.725957 0.028361 0.060691
9 0.854254 0.731559 0.042542 0.062558
3 0.631828 0.408497 0.037815 0.049486
6 0.741334 0.535014 0.046744 0.048553
3 0.538078 0.402894 0.028887 0.043884
4 0.622899 0.371148 0.028361 0.051354
4 0.603204 0.334267 0.022584 0.042951
3 0.164128 0.425303 0.057248 0.053221
3 0.214286 0.359477 0.056723 0.046685
9 0.495011 0.329132 0.008929 0.025210
3 0.272059 0.341270 0.027311 0.042017
3 0.065651 0.352007 0.059874 0.042951
3 0.318803 0.278711 0.030462 0.036415
3 0.414653 0.403828 0.030987 0.053221
3 0.356880 0.430439 0.037290 0.057890
3 0.513918 0.303922 0.021534 0.036415
3 0.509191 0.275444 0.019433 0.029879
3 0.509191 0.246499 0.015231 0.026144
3 0.573792 0.251634 0.034139 0.027077
6 0.569065 0.886088 0.037290 0.102708
1 0.564076 0.849673 0.026261 0.052288
9 0.472164 0.237628 0.011555 0.017740