3 0.463235 0.802521 0.077731 0.165266
3 0.442227 0.586368 0.086134 0.078431
9 0.406775 0.210551 0.011029 0.027077
1 0.407563 0.206349 0.010504 0.033613
3 0.397847 0.392157 0.038340 0.063492
3 0.319328 0.248366 0.028361 0.052288
4 0.483981 0.366947 0.035189 0.063492
0 0.014706 0.872082 0.019958 0.069094
3 0.641019 0.685808 0.073004 0.105509
2 0.170431 0.869281 0.033088 0.070962
3 0.888655 0.190009 0.042017 0.036415
3 0.709296 0.068627 0.026786 0.025210
4 0.716124 0.105976 0.026786 0.027077
3 0.949842 0.233894 0.043592 0.036415
3 0.942752 0.218487 0.036765 0.037348
3 0.977941 0.176937 0.034664 0.040149
3 0.212447 0.061158 0.017332 0.028945
5 0.233981 0.053688 0.014181 0.028945
4 0.382090 0.158730 0.021534 0.039216
3 0.281513 0.077031 0.030462 0.027077
3 0.184086 0.613912 0.095063 0.083100
3 0.298845 0.548086 0.080882 0.084034
3 0.365021 0.253968 0.031513 0.042951
0 0.030200 0.861345 0.023634 0.075630
0 0.046744 0.845938 0.022059 0.078431
9 0.063813 0.790850 0.032038 0.054155
1 0.057773 0.777311 0.018908 0.056956
0 0.017069 0.842670 0.025735 0.068161
3 0.924107 0.232493 0.039391 0.033613
3 0.923057 0.205415 0.036239 0.031746
4 0.855830 0.192810 0.037290 0.032680
4 0.839023 0.188142 0.032038 0.036415
4 0.854254 0.171335 0.036239 0.034547
4 0.838498 0.162932 0.035189 0.032680
3 0.825893 0.184407 0.036239 0.028945
3 0.808561 0.172269 0.033088 0.030812
3 0.788078 0.168534 0.027836 0.027077
3 0.775473 0.157330 0.027836 0.025210
3 0.861082 0.131186 0.027836 0.025210
3 0.840599 0.126517 0.026786 0.028945
3 0.832721 0.112512 0.032038 0.030812
3 0.814863 0.108310 0.025735 0.026144
3 0.794905 0.100373 0.030987 0.032680
3 0.768645 0.091036 0.029937 0.027077
3 0.728466 0.073296 0.026261 0.028945