2 0.445378 0.057890 0.039916 0.048553
1 0.480305 0.333333 0.021534 0.084034
1 0.483718 0.054622 0.023109 0.073763
1 0.533351 0.035481 0.019433 0.054155
9 0.457195 0.018207 0.032038 0.036415
1 0.491071 0.029412 0.022059 0.058824
3 0.403361 0.804388 0.202731 0.327731
3 0.303309 0.670401 0.186450 0.276377
3 0.697479 0.196545 0.116597 0.159664
3 0.710084 0.421569 0.138655 0.206349
4 0.555410 0.090570 0.108718 0.158730
6 0.495798 0.330999 0.089286 0.133520
3 0.691176 0.022876 0.088235 0.045752
9 0.147321 0.122782 0.050945 0.086835
3 0.949055 0.092904 0.097689 0.146592
2 0.409926 0.067694 0.058298 0.071895
0 0.047794 0.168067 0.033613 0.087768