3 0.712240 0.567791 0.054688 0.045635
2 0.057478 0.750000 0.017485 0.054233
2 0.680432 0.688823 0.013393 0.052249
0 0.735863 0.755952 0.015625 0.055556
0 0.715774 0.679233 0.012649 0.055556
0 0.792969 0.875331 0.020461 0.076058
0 0.788504 0.849206 0.015253 0.058201
0 0.824777 0.937500 0.021577 0.073413
0 0.845238 0.961971 0.023810 0.074735
0 0.692894 0.583333 0.008557 0.042328
0 0.711496 0.588294 0.007812 0.042989
0 0.873698 0.968585 0.023438 0.061508
9 0.765253 0.957341 0.021577 0.062831
0 0.711868 0.528108 0.010045 0.032407
0 0.710379 0.497354 0.009301 0.031746
9 0.728795 0.466931 0.010417 0.025132
0 0.668155 0.520172 0.006696 0.039021
2 0.672433 0.490410 0.012277 0.028439
9 0.404204 0.439484 0.013765 0.024471
3 0.446057 0.962632 0.052083 0.072090
3 0.527158 0.970899 0.048363 0.055556
3 0.448847 0.762566 0.036086 0.088624
3 0.514323 0.723876 0.038318 0.081349
3 0.454427 0.595899 0.026414 0.048942
3 0.491629 0.552579 0.023438 0.045635
3 0.527344 0.486111 0.021949 0.037037
3 0.492746 0.480489 0.021205 0.039021
3 0.455171 0.506614 0.021205 0.039683
3 0.306734 0.852183 0.050967 0.099868
3 0.509301 0.409392 0.018601 0.029101
3 0.384301 0.859458 0.049851 0.101190
3 0.457031 0.442130 0.019717 0.036376
3 0.484375 0.430886 0.021577 0.031085
3 0.035156 0.732143 0.062128 0.092593
3 0.033668 0.950728 0.067336 0.095899
3 0.146391 0.855820 0.068824 0.116402
3 0.124442 0.608466 0.068080 0.063492
3 0.244978 0.736442 0.047991 0.090608
3 0.212798 0.675265 0.051339 0.083333
3 0.332403 0.724537 0.045015 0.086640
3 0.393415 0.750331 0.042039 0.086640
4 0.401414 0.655423 0.033482 0.067460
3 0.354911 0.654762 0.036458 0.067460
3 0.199033 0.614418 0.046875 0.067460
3 0.269345 0.561839 0.034226 0.054894
3 0.252604 0.538029 0.034226 0.052249
3 0.195871 0.528108 0.046503 0.064153
3 0.363467 0.602183 0.029762 0.058862
3 0.411086 0.599868 0.028274 0.051587
3 0.371838 0.549272 0.030878 0.050926
3 0.414062 0.553241 0.025298 0.046958
3 0.418341 0.519841 0.025670 0.043651
3 0.382254 0.509921 0.027902 0.044974
3 0.311384 0.542328 0.031250 0.052910
3 0.300037 0.479497 0.028646 0.038360
3 0.333705 0.481812 0.026042 0.044312
3 0.291109 0.446429 0.024182 0.041005
3 0.239955 0.477844 0.028274 0.040344
3 0.331659 0.426918 0.024182 0.037698
3 0.449963 0.386905 0.017485 0.029101
3 0.471726 0.393519 0.018601 0.027778
3 0.503906 0.380291 0.016741 0.022487
3 0.482515 0.375000 0.015625 0.027778
3 0.451637 0.351852 0.015625 0.027778
3 0.850818 0.552579 0.056548 0.045635