3 0.918330 0.192810 0.062500 0.060691
3 0.871849 0.285247 0.068277 0.056956
3 0.973214 0.531746 0.043067 0.090570
3 0.933824 0.143791 0.064076 0.074697
3 0.882090 0.426237 0.053046 0.092437
3 0.778099 0.229692 0.050945 0.082166
3 0.840861 0.357610 0.052521 0.084034
3 0.793330 0.426704 0.047794 0.087768
3 0.957458 0.628852 0.064076 0.071895
3 0.974002 0.680672 0.049895 0.065359
3 0.959296 0.741363 0.071954 0.065359
3 0.904674 0.667134 0.053046 0.094304
3 0.882090 0.737162 0.064601 0.058824
3 0.818540 0.822596 0.053046 0.098973
3 0.707721 0.401961 0.030987 0.094304
4 0.680672 0.460784 0.052521 0.088702
3 0.638393 0.503268 0.037290 0.098973
3 0.599265 0.466387 0.044118 0.103641
3 0.535977 0.409897 0.053046 0.087768
3 0.476891 0.281979 0.054622 0.089636
3 0.792805 0.980859 0.071954 0.036415
3 0.538078 0.962652 0.059349 0.067227
3 0.504202 0.556489 0.049370 0.112045
3 0.431723 0.479458 0.061975 0.058824
3 0.423057 0.432306 0.059349 0.065359
3 0.478204 0.192344 0.049895 0.093371
3 0.416492 0.113445 0.044118 0.081232
5 0.302784 0.067694 0.065651 0.109244
3 0.329044 0.216620 0.049895 0.065359
4 0.488445 0.659664 0.056723 0.071895
3 0.527311 0.830065 0.057773 0.098973
3 0.444065 0.958450 0.062500 0.079365
9 0.655725 0.746499 0.024685 0.045752
9 0.909926 0.555089 0.020483 0.040149
0 0.747111 0.384220 0.017332 0.036415
0 0.828519 0.245098 0.015231 0.036415
0 0.584296 0.599907 0.018382 0.027077
9 0.761817 0.872549 0.017332 0.055089
0 0.976628 0.883754 0.016282 0.028945
0 0.979254 0.906162 0.014181 0.025210
0 0.964548 0.881419 0.009979 0.018674
0 0.537027 0.327264 0.012080 0.021475
0 0.274947 0.959851 0.016282 0.026144