3 0.940074 0.484314 0.049265 0.043137
3 0.829412 0.390196 0.039706 0.035294
3 0.661765 0.434641 0.027941 0.043137
3 0.726103 0.394771 0.044853 0.031373
3 0.772794 0.422876 0.047059 0.035294
7 0.343750 0.432680 0.021324 0.047059
0 0.783824 0.505229 0.010294 0.032680
5 0.718382 0.375163 0.038235 0.036601
9 0.127206 0.497386 0.032353 0.037908
0 0.873897 0.492810 0.011029 0.039216
0 0.972426 0.516340 0.011029 0.039216
0 0.984926 0.513072 0.008088 0.035294
0 0.979779 0.543137 0.008088 0.035294
0 0.698897 0.318954 0.008088 0.018301
0 0.850368 0.399346 0.008088 0.027451
3 0.449265 0.417647 0.019118 0.043137
3 0.411397 0.421569 0.021324 0.043137
3 0.479044 0.247712 0.013971 0.024837
3 0.453676 0.262092 0.014706 0.030065
3 0.496324 0.147059 0.010294 0.016993
3 0.518015 0.124837 0.009559 0.016993
1 0.225735 0.979085 0.011765 0.039216
2 0.627574 0.428758 0.006618 0.018301
4 0.529044 0.268627 0.016912 0.032680
3 0.569853 0.132680 0.027941 0.024837
3 0.556985 0.119608 0.028676 0.027451
0 0.395956 0.356209 0.008088 0.032680
3 0.512868 0.122222 0.011029 0.030065
9 0.164706 0.430065 0.029412 0.039216
3 0.609926 0.222222 0.025735 0.015686
3 0.605515 0.211111 0.021324 0.014379
3 0.600000 0.196732 0.025000 0.016993
3 0.582721 0.184314 0.021324 0.015686
3 0.561029 0.164052 0.020588 0.016993
0 0.628676 0.415033 0.008824 0.022222
3 0.835662 0.490850 0.059559 0.048366
3 0.846691 0.528758 0.063971 0.043137
3 0.863603 0.555556 0.065441 0.052288
3 0.959926 0.633987 0.069853 0.054902
3 0.861765 0.956863 0.076471 0.083660
3 0.686397 0.495425 0.033088 0.044444
3 0.981250 0.945098 0.034559 0.083660
3 0.965074 0.873203 0.066912 0.083660
3 0.439706 0.601961 0.032353 0.077124
3 0.982721 0.583007 0.033088 0.062745
3 0.967279 0.703268 0.062500 0.057516
8 0.048529 0.833987 0.097059 0.214379
3 0.341544 0.975163 0.047794 0.044444
3 0.424632 0.950327 0.047794 0.094118
3 0.351471 0.847059 0.047059 0.112418
3 0.429779 0.824837 0.041912 0.117647
4 0.515809 0.970588 0.049265 0.056209
3 0.504412 0.812418 0.038235 0.124183
3 0.460662 0.175817 0.009559 0.024837
3 0.303676 0.353595 0.035294 0.035294
3 0.287132 0.281699 0.019853 0.030065
3 0.307721 0.292157 0.016912 0.027451
3 0.702574 0.324837 0.044853 0.035294
3 0.723529 0.316340 0.038235 0.031373
3 0.938971 0.813072 0.092647 0.083660
3 0.647794 0.309150 0.023529 0.027451
3 0.757353 0.843137 0.063235 0.115033
3 0.276471 0.479739 0.055882 0.041830
4 0.851838 0.426144 0.040441 0.052288
4 0.891544 0.439869 0.025735 0.053595