5 0.682813 0.790278 0.039583 0.065741
7 0.246615 0.987963 0.049479 0.022222
7 0.252344 0.956481 0.033854 0.061111
7 0.268750 0.915741 0.030208 0.059259
7 0.278646 0.881019 0.027083 0.054630
6 0.303906 0.869444 0.027604 0.053704
7 0.267969 0.855093 0.020313 0.049074
3 0.314323 0.797222 0.025521 0.059259
3 0.323958 0.766667 0.019792 0.042593
6 0.341406 0.776389 0.018229 0.043519
3 0.498437 0.660185 0.021875 0.042593
4 0.548698 0.760185 0.021354 0.057407
4 0.541406 0.697222 0.024479 0.061111
3 0.636198 0.629630 0.021354 0.040741
3 0.499479 0.548611 0.017708 0.034259
3 0.357292 0.694444 0.028125 0.048148
5 0.369271 0.651389 0.028125 0.052778
6 0.384375 0.690741 0.017708 0.048148
4 0.390365 0.594907 0.024479 0.047222
8 0.401823 0.563889 0.023438 0.057407
4 0.468750 0.522685 0.011458 0.030556
3 0.469010 0.494907 0.014063 0.023148
3 0.592187 0.611111 0.018750 0.038889
3 0.572917 0.531019 0.025000 0.025000
3 0.338281 0.548611 0.031771 0.026852
6 0.018750 0.978704 0.037500 0.037037
6 0.050260 0.972222 0.030729 0.050000
6 0.047396 0.930556 0.056250 0.057407
6 0.117188 0.940278 0.046875 0.041667
6 0.161458 0.942593 0.047917 0.044444
6 0.132552 0.914815 0.051562 0.042593
6 0.281250 0.635648 0.017708 0.028704
6 0.244792 0.713426 0.017708 0.036111
3 0.448437 0.619444 0.017708 0.038889
0 0.484375 0.538426 0.007292 0.026852
0 0.619271 0.630556 0.009375 0.027778
9 0.665365 0.703704 0.022396 0.025926
8 0.504948 0.482407 0.014063 0.038889
3 0.522135 0.526389 0.014063 0.025000
3 0.524479 0.555556 0.014583 0.025926
3 0.359635 0.528241 0.019271 0.028704
3 0.582031 0.467593 0.021354 0.022222
3 0.580208 0.458333 0.019792 0.020370
3 0.381771 0.622222 0.022917 0.042593
3 0.429688 0.680556 0.022917 0.040741