2 0.084296 0.290383 0.011029 0.033613
2 0.095851 0.297852 0.011029 0.039216
2 0.111082 0.291783 0.012080 0.038282
3 0.138918 0.278245 0.043592 0.074697
3 0.188025 0.233894 0.048319 0.066293
0 0.216124 0.456116 0.012080 0.047619
3 0.678571 0.324463 0.068277 0.062558
0 0.585872 0.135387 0.006828 0.031746
0 0.591387 0.135387 0.007353 0.031746
3 0.042542 0.363679 0.078782 0.056956
0 0.501576 0.183940 0.008403 0.041083
0 0.615809 0.194211 0.015231 0.033613
6 0.448792 0.071895 0.020483 0.061625
0 0.679359 0.810458 0.015231 0.046685
0 0.671744 0.788049 0.015756 0.042951
0 0.666229 0.597572 0.011029 0.041083
0 0.681460 0.605976 0.011029 0.044818
0 0.655987 0.590570 0.011555 0.040149
6 0.560137 0.828665 0.021534 0.084967
0 0.492910 0.188609 0.008929 0.037348
0 0.666229 0.821662 0.014181 0.054155
3 0.573529 0.299253 0.065126 0.060691
0 0.851103 0.474790 0.014181 0.040149
2 0.599527 0.353875 0.020483 0.033613
3 0.053309 0.444911 0.076155 0.075630
3 0.225053 0.545285 0.079307 0.095238
3 0.377626 0.863212 0.059874 0.137255
3 0.418855 0.235761 0.035189 0.088702
2 0.696954 0.912698 0.031513 0.040149
2 0.305410 0.813725 0.018382 0.058824
3 0.340074 0.468254 0.037290 0.111111
3 0.351103 0.336134 0.033088 0.093371
3 0.611082 0.402894 0.075105 0.058824
2 0.474527 0.027077 0.009979 0.037348
3 0.382090 0.080766 0.027836 0.081232
0 0.825368 0.471055 0.012080 0.043884
0 0.243172 0.123716 0.009454 0.042017
2 0.346639 0.036415 0.009454 0.039216
2 0.490546 0.035948 0.007353 0.036415
2 0.481092 0.144258 0.010504 0.040149
2 0.535714 0.358543 0.014706 0.044818
0 0.610819 0.441643 0.010504 0.044818
0 0.553309 0.368814 0.008929 0.041083
0 0.599002 0.709617 0.011029 0.044818
2 0.483981 0.067694 0.008929 0.038282
0 0.695641 0.732026 0.011029 0.041083
2 0.478466 0.199813 0.013655 0.041083
2 0.702731 0.519608 0.027311 0.047619
2 0.515756 0.429505 0.019958 0.041083
2 0.506828 0.398226 0.018908 0.043884
2 0.555672 0.324930 0.019958 0.035481
0 0.336660 0.236695 0.010504 0.043884
0 0.773634 0.981793 0.009454 0.032680
0 0.758141 0.976190 0.011029 0.043884
2 0.891807 0.985061 0.032563 0.028011
2 0.903099 0.965920 0.039391 0.043884
0 0.876576 0.879085 0.024160 0.043884
2 0.863445 0.926237 0.016807 0.074697
0 0.822216 0.864613 0.016282 0.046685
0 0.814601 0.852474 0.015756 0.044818
2 0.909139 0.750700 0.024160 0.057890
2 0.936187 0.750700 0.024685 0.057890
2 0.950105 0.752101 0.024160 0.045752
0 0.591124 0.121849 0.012080 0.038282
0 0.594538 0.111578 0.008403 0.027077
0 0.588498 0.096172 0.005777 0.026144
0 0.632616 0.165733 0.012080 0.042017
0 0.236607 0.056489 0.017332 0.049486