3 0.354779 0.557423 0.094013 0.076564
9 0.347426 0.118581 0.011029 0.026144
1 0.346639 0.120448 0.010504 0.026144
3 0.663603 0.900560 0.101366 0.180205
3 0.467962 0.544818 0.057773 0.101774
4 0.373687 0.187208 0.023634 0.045752
0 0.011555 0.838936 0.023109 0.068161
3 0.429622 0.317927 0.036765 0.051354
3 0.238708 0.683007 0.098214 0.092437
2 0.167279 0.854342 0.033088 0.070962
3 0.888655 0.189076 0.042017 0.036415
3 0.707195 0.063025 0.026786 0.025210
4 0.713498 0.098506 0.026786 0.027077
3 0.948267 0.227358 0.043592 0.036415
3 0.941176 0.208217 0.036765 0.037348
3 0.977941 0.164799 0.034664 0.040149
3 0.231355 0.117180 0.017332 0.028945
4 0.218487 0.069094 0.018908 0.037348
5 0.256828 0.095705 0.014706 0.028945
4 0.381040 0.146125 0.020483 0.036415
3 0.244223 0.077031 0.016807 0.023343
3 0.275210 0.070495 0.030462 0.027077
3 0.242910 0.556022 0.091912 0.077498
3 0.229779 0.038282 0.013130 0.020542
3 0.343225 0.470121 0.062500 0.073763
3 0.314076 0.143791 0.023109 0.033613
0 0.030725 0.833333 0.023634 0.075630
0 0.042542 0.814192 0.022059 0.078431
9 0.059349 0.767507 0.031513 0.061625
1 0.052521 0.747899 0.018908 0.056022
0 0.011029 0.816527 0.022059 0.068161
3 0.924632 0.223623 0.040441 0.034547
3 0.919905 0.196545 0.036239 0.032680
4 0.856880 0.184407 0.037290 0.032680
4 0.839023 0.179739 0.032038 0.036415
4 0.854254 0.160131 0.036239 0.034547
4 0.837973 0.151727 0.035189 0.032680
3 0.824842 0.172269 0.036239 0.028945
3 0.809086 0.165733 0.033088 0.030812
3 0.787027 0.157330 0.027836 0.027077
3 0.773372 0.147993 0.027836 0.025210
3 0.858456 0.121849 0.027836 0.025210
3 0.840074 0.115313 0.026786 0.028945
3 0.831670 0.106909 0.032038 0.030812
3 0.813288 0.102241 0.025735 0.027077
3 0.791229 0.092904 0.030987 0.032680
3 0.766019 0.083567 0.029937 0.027077
3 0.725578 0.067694 0.026786 0.028945