1 0.939863 0.910831 0.032038 0.070028
0 0.642332 0.423903 0.009454 0.042951
9 0.345588 0.378151 0.012605 0.037348
0 0.325893 0.667600 0.019433 0.078431
0 0.465336 0.382353 0.011555 0.049486
0 0.476366 0.378151 0.013655 0.046685
1 0.493172 0.377218 0.013655 0.050420
0 0.518908 0.378151 0.012605 0.046685
0 0.530200 0.402428 0.017332 0.046685
0 0.518908 0.415500 0.013655 0.050420
0 0.451943 0.396825 0.015231 0.046685
0 0.481880 0.396359 0.012080 0.042017
0 0.488971 0.401961 0.014706 0.051354
0 0.483981 0.439776 0.016282 0.054155
0 0.463235 0.422035 0.011555 0.050420
0 0.159401 0.779645 0.023634 0.087768
0 0.183298 0.550420 0.025210 0.073763
0 0.072216 0.477591 0.020483 0.064426
0 0.215861 0.411765 0.018908 0.061625
0 0.195903 0.426237 0.018908 0.064426
0 0.909139 0.594304 0.019958 0.051354
9 0.759191 0.582166 0.026786 0.045752
9 0.709296 0.459384 0.028887 0.042951
2 0.742910 0.471055 0.033088 0.034547
9 0.776523 0.505135 0.020483 0.050420
1 0.880252 0.780112 0.028361 0.058824
1 0.868172 0.758170 0.029412 0.070962
1 0.849527 0.736228 0.026786 0.049486
1 0.757090 0.503735 0.019433 0.049486
0 0.754202 0.510271 0.022059 0.066293
0 0.323529 0.515406 0.016807 0.063492
0 0.279674 0.882353 0.023634 0.100840
0 0.671481 0.844071 0.020483 0.097106
0 0.665441 0.877218 0.019958 0.096172
0 0.641807 0.813259 0.018908 0.085901
0 0.487395 0.855275 0.029412 0.106443
0 0.722426 0.844538 0.023634 0.090570
0 0.544905 0.842204 0.025735 0.085901
0 0.529412 0.781979 0.030462 0.092437
0 0.615021 0.909430 0.021008 0.082166
0 0.373687 0.490196 0.019433 0.059757
0 0.448529 0.402894 0.011555 0.053221