0 0.081145 0.779645 0.015231 0.050420
0 0.073267 0.720822 0.025735 0.069094
1 0.250000 0.468254 0.014706 0.045752
1 0.726366 0.344071 0.015756 0.038282
9 0.725315 0.359944 0.035714 0.032680
3 0.399947 0.040149 0.030987 0.022409
9 0.255515 0.807190 0.020483 0.073763
1 0.256303 0.785247 0.023109 0.061625
3 0.052258 0.618581 0.104517 0.099907
3 0.064601 0.442110 0.073529 0.073763
3 0.060399 0.260971 0.040966 0.055089
3 0.074317 0.393091 0.091912 0.076564
3 0.250788 0.253035 0.075105 0.059757
3 0.433824 0.530812 0.047269 0.131653
3 0.340599 0.225023 0.064601 0.059757
3 0.408613 0.240896 0.029412 0.063492
4 0.372111 0.154062 0.047794 0.044818
3 0.392857 0.082166 0.039916 0.033613
4 0.399422 0.066293 0.034139 0.039216
3 0.855305 0.389823 0.085609 0.066293
7 0.965336 0.388889 0.068277 0.081232
7 0.848214 0.266106 0.053571 0.061625
0 0.854254 0.286181 0.012080 0.040149
7 0.743960 0.258170 0.054097 0.058824
4 0.660977 0.320728 0.066702 0.062558
9 0.723739 0.371148 0.026261 0.034547
1 0.727153 0.363679 0.016282 0.042017
3 0.637342 0.209617 0.056197 0.055089
3 0.623687 0.187208 0.054097 0.051354
4 0.447479 0.335201 0.036765 0.093371
3 0.558561 0.206816 0.030987 0.043884
3 0.513393 0.177871 0.022584 0.040149
3 0.522059 0.145658 0.023109 0.041083
3 0.477153 0.066293 0.020483 0.041083
3 0.477679 0.040616 0.018382 0.032680
7 0.434611 0.066760 0.023634 0.042017
9 0.555935 0.130252 0.009979 0.028945
1 0.557248 0.120915 0.007353 0.021475
9 0.399947 0.204015 0.009979 0.036415
0 0.398372 0.191877 0.012080 0.032680
9 0.447742 0.114379 0.007878 0.028945
9 0.438025 0.193744 0.008403 0.032680
2 0.356618 0.285247 0.019958 0.028945
1 0.356880 0.271242 0.012080 0.034547
9 0.317752 0.344071 0.011555 0.043884
1 0.317489 0.333800 0.016282 0.040149
9 0.267332 0.414099 0.035714 0.043884
1 0.262868 0.401961 0.016282 0.062558
9 0.271271 0.453315 0.033088 0.040149
1 0.264968 0.450980 0.016282 0.050420
9 0.256828 0.478992 0.035714 0.041083
9 0.381303 0.027544 0.017857 0.017740
3 0.410452 0.023343 0.034139 0.028011
9 0.928046 0.366480 0.043067 0.040149
1 0.933824 0.358543 0.022059 0.041083
3 0.616597 0.162932 0.050420 0.047619
2 0.891282 0.531746 0.043067 0.043884
1 0.896796 0.514939 0.023634 0.055089
9 0.455095 0.018674 0.008929 0.022409
4 0.434349 0.034080 0.016807 0.038282