9 0.265074 0.694118 0.015441 0.036601
9 0.214338 0.809150 0.019853 0.044444
9 0.329412 0.541176 0.011765 0.031373
0 0.263603 0.566667 0.012500 0.045752
0 0.112132 0.477778 0.012500 0.032680
0 0.236397 0.403268 0.009559 0.027451
9 0.356250 0.487582 0.009559 0.033987
9 0.387500 0.454902 0.010294 0.023529
9 0.390441 0.434641 0.008824 0.022222
7 0.154779 0.554902 0.049265 0.045752
5 0.313603 0.377124 0.021324 0.043137
6 0.196691 0.517647 0.061029 0.044444
6 0.343015 0.442484 0.018382 0.027451
7 0.487868 0.379739 0.012500 0.030065
0 0.600368 0.576471 0.011029 0.036601
3 0.241176 0.560131 0.039706 0.048366
3 0.724265 0.581699 0.055882 0.039216
3 0.703676 0.542484 0.055882 0.044444
7 0.283456 0.560784 0.028676 0.052288
5 0.684559 0.506536 0.057353 0.037908
3 0.587132 0.432026 0.019853 0.032680
3 0.643015 0.460131 0.040441 0.028758
3 0.396324 0.375163 0.017647 0.026144
4 0.298162 0.462092 0.038971 0.043137
3 0.362500 0.415686 0.029412 0.033987
7 0.327941 0.492810 0.027941 0.047059
0 0.257353 0.609150 0.010294 0.044444
3 0.288971 0.424837 0.047059 0.031373
9 0.401838 0.393464 0.009559 0.023529
0 0.604779 0.453595 0.008088 0.028758
9 0.308088 0.502614 0.035294 0.037908
3 0.306618 0.392810 0.036765 0.024837
7 0.217647 0.500654 0.027941 0.041830
7 0.230882 0.507843 0.047059 0.050980
7 0.222426 0.581699 0.041912 0.047059
3 0.598897 0.412418 0.037500 0.035294
3 0.343015 0.357516 0.030147 0.027451
7 0.193015 0.496078 0.025735 0.040523
4 0.503309 0.417647 0.016912 0.035294
6 0.336397 0.456863 0.021324 0.032680
3 0.329779 0.342484 0.027206 0.023529
3 0.323897 0.328105 0.022794 0.026144
9 0.399265 0.409804 0.010294 0.024837
0 0.272426 0.564706 0.012500 0.039216
6 0.379779 0.404575 0.009559 0.024837
3 0.609191 0.366667 0.033088 0.030065
0 0.234559 0.409150 0.010294 0.026144
6 0.304779 0.354902 0.021324 0.024837
1 0.568015 0.424183 0.009559 0.024837
0 0.633824 0.537908 0.011765 0.035294
0 0.472794 0.780392 0.014706 0.057516
3 0.530515 0.519608 0.024265 0.048366
3 0.560294 0.752288 0.038235 0.074510
3 0.329779 0.632026 0.036029 0.064052
3 0.430515 0.409804 0.015441 0.030065
3 0.168015 0.527451 0.059559 0.048366
6 0.109559 0.505882 0.047059 0.044444
6 0.115441 0.558170 0.048529 0.044444