5 0.066176 0.873016 0.132353 0.252101
5 0.266282 0.667134 0.058824 0.081232
3 0.747899 0.679272 0.037815 0.043884
5 0.755777 0.623249 0.079832 0.066293
3 0.396796 0.722689 0.024685 0.048553
3 0.402048 0.703548 0.027836 0.043884
5 0.340074 0.653128 0.053046 0.114846
5 0.372111 0.617647 0.042542 0.071895
3 0.472164 0.719421 0.025210 0.049486
5 0.410452 0.640056 0.021534 0.049486
3 0.469013 0.698880 0.022059 0.042017
3 0.697742 0.737162 0.040441 0.049486
3 0.645483 0.650794 0.024160 0.029879
3 0.746061 0.725023 0.045693 0.043884
3 0.777311 0.651727 0.026261 0.026144
3 0.848739 0.875350 0.082983 0.092437
3 0.604517 0.630252 0.029412 0.028011