9 0.648624 0.667328 0.034598 0.044974
9 0.759673 0.536045 0.022321 0.072090
6 0.565848 0.316138 0.012649 0.029101
6 0.600074 0.398479 0.027530 0.041667
6 0.653832 0.323082 0.027158 0.046958
9 0.724888 0.261574 0.011533 0.029762
0 0.532738 0.312500 0.007440 0.029762
9 0.067894 0.661045 0.034598 0.035053
3 0.065104 0.643188 0.031250 0.036376
3 0.066964 0.625661 0.036458 0.034392
9 0.763207 0.216601 0.012277 0.027116
6 0.786086 0.202712 0.018601 0.029762
3 0.210379 0.820437 0.091890 0.093254
3 0.567708 0.702712 0.077381 0.083995
3 0.373884 0.820437 0.098958 0.093254
3 0.779948 0.370701 0.033854 0.050926
6 0.499814 0.713624 0.040551 0.054233
9 0.872210 0.310185 0.014509 0.038360
2 0.858073 0.261574 0.019717 0.039021
9 0.279204 0.409061 0.016741 0.032407
9 0.196429 0.380952 0.021577 0.033069
9 0.156808 0.358466 0.020461 0.029101
9 0.501302 0.537698 0.025670 0.038360
0 0.927455 0.452712 0.012649 0.045635
9 0.822731 0.409392 0.012277 0.043651
9 0.550595 0.735780 0.031994 0.048280
9 0.102493 0.327712 0.020461 0.027116
9 0.460379 0.495370 0.024182 0.043651
2 0.275856 0.692130 0.027158 0.048280
9 0.478795 0.727513 0.025298 0.038360
6 0.381324 0.655754 0.066964 0.069444
6 0.231213 0.594246 0.027902 0.066799
9 0.515997 0.778108 0.037202 0.048280
9 0.570871 0.782738 0.031622 0.035053
9 0.807478 0.399471 0.012277 0.037037
9 0.323661 0.412368 0.027530 0.035053
9 0.477493 0.536045 0.020461 0.046958
2 0.445312 0.956680 0.026786 0.061508
9 0.701079 0.278770 0.012277 0.035053
1 0.279576 0.407077 0.008557 0.046958
1 0.534598 0.535053 0.011905 0.048942
1 0.154018 0.355159 0.014137 0.044974
1 0.496652 0.501323 0.016369 0.044974
1 0.476749 0.330026 0.032366 0.039683
0 0.542783 0.341931 0.006696 0.027778
9 0.540551 0.364087 0.011905 0.037698
0 0.618862 0.267857 0.007068 0.034392
9 0.572917 0.410714 0.015625 0.042328
9 0.475632 0.720569 0.012277 0.040344
6 0.126302 0.339616 0.022693 0.025794
0 0.140439 0.489749 0.011533 0.040344
9 0.205543 0.632606 0.026414 0.036376
9 0.220796 0.696759 0.016741 0.046958
4 0.412202 0.605489 0.068452 0.090608
3 0.337426 0.567460 0.058036 0.075397
3 0.249256 0.462963 0.055804 0.054233
3 0.171875 0.425265 0.053571 0.055556
3 0.247954 0.504630 0.053943 0.076720
3 0.170015 0.743386 0.043155 0.085979
0 0.125000 0.757275 0.015625 0.050265
0 0.823475 0.675265 0.012277 0.038360
0 0.813058 0.681217 0.014509 0.044974
0 0.859189 0.677579 0.010789 0.045635
0 0.849702 0.674934 0.010417 0.053571
0 0.267299 0.910714 0.017485 0.055556
0 0.277344 0.917989 0.016741 0.055556
0 0.367560 0.552910 0.012649 0.039683
0 0.356585 0.549934 0.009301 0.041667
5 0.641741 0.387235 0.048363 0.083995
3 0.676897 0.362103 0.032366 0.053571
3 0.702939 0.324405 0.035342 0.050926
3 0.733445 0.290013 0.031622 0.045635
3 0.757626 0.267196 0.035342 0.043651
3 0.781622 0.235780 0.031250 0.037698
3 0.804874 0.211310 0.029390 0.042989
3 0.822731 0.183532 0.029390 0.041667
5 0.865327 0.125000 0.033482 0.058201
3 0.874070 0.162698 0.024182 0.042328
3 0.894903 0.131944 0.021205 0.033730
3 0.595424 0.322421 0.039062 0.048280
3 0.113467 0.306878 0.046131 0.043651
7 0.207961 0.353175 0.033482 0.043651
7 0.300595 0.383929 0.036458 0.052249
6 0.280878 0.552249 0.028274 0.055556
6 0.754650 0.751653 0.050967 0.080026
0 0.311570 0.682209 0.015253 0.048280
9 0.167039 0.504630 0.019345 0.041005
9 0.478795 0.531415 0.015625 0.040344
9 0.492932 0.505622 0.019345 0.045635
9 0.527902 0.546958 0.018601 0.044974
7 0.549851 0.442130 0.031250 0.068122
7 0.567336 0.443783 0.021577 0.050265
2 0.678571 0.435185 0.016369 0.027778
9 0.494420 0.975860 0.034226 0.045635
9 0.551897 0.916005 0.023438 0.059524
0 0.470238 0.423942 0.006696 0.038360
9 0.840216 0.220569 0.007812 0.028439
6 0.028646 0.752315 0.057292 0.089286
0 0.411830 0.392857 0.010417 0.039683
9 0.253162 0.692791 0.034598 0.052249
9 0.239025 0.362103 0.015253 0.033730