3 0.754464 0.526611 0.030987 0.052288
3 0.743960 0.498599 0.026786 0.035481
3 0.437237 0.804855 0.060399 0.106443
3 0.655725 0.618114 0.035189 0.067227
3 0.544905 0.673203 0.037290 0.080299
3 0.507878 0.626984 0.030462 0.062558
3 0.520221 0.567227 0.028887 0.056956
4 0.526523 0.521942 0.021534 0.041083
3 0.611345 0.533613 0.026261 0.047619
3 0.612658 0.473856 0.024685 0.045752
3 0.561975 0.546218 0.023109 0.048553
4 0.564076 0.504202 0.022059 0.048553
3 0.538603 0.495331 0.020483 0.043884
3 0.541754 0.466853 0.020483 0.039216
3 0.309086 0.602708 0.068803 0.047619
3 0.612395 0.411765 0.018908 0.033613
3 0.612395 0.379085 0.018908 0.031746
3 0.547269 0.425303 0.016807 0.032680
3 0.551471 0.583100 0.026261 0.068161
3 0.623950 0.349206 0.013655 0.024276
3 0.608981 0.352941 0.016282 0.024276
3 0.439601 0.477124 0.029412 0.041083
3 0.474002 0.413165 0.021534 0.034547
3 0.497637 0.370215 0.015231 0.028945
3 0.502889 0.361345 0.014181 0.024276
3 0.509454 0.352007 0.012605 0.022409
3 0.131565 0.527544 0.050945 0.048553
3 0.574580 0.440243 0.023109 0.043884
3 0.561187 0.379085 0.013130 0.022409
3 0.571166 0.477591 0.020483 0.038282
3 0.577468 0.401494 0.016282 0.024276
3 0.583508 0.379552 0.014706 0.028945
3 0.545956 0.437908 0.020483 0.037348
3 0.535189 0.412698 0.017857 0.033613
9 0.708771 0.762838 0.034139 0.041083
1 0.707983 0.751167 0.014706 0.053221
9 0.753939 0.776844 0.021534 0.070962
9 0.655725 0.525677 0.013130 0.044818
9 0.669118 0.531746 0.014706 0.040149
1 0.655725 0.527544 0.008929 0.041083
1 0.667542 0.524743 0.010504 0.041083
0 0.824055 0.567227 0.013655 0.049486
0 0.684086 0.574697 0.008929 0.040149
0 0.699055 0.579365 0.008403 0.040149
3 0.733981 0.475724 0.026786 0.032680
1 0.714023 0.588702 0.011029 0.043884
2 0.711922 0.598973 0.021534 0.025210
9 0.466387 0.579832 0.014706 0.039216
1 0.466124 0.576097 0.011029 0.037348
9 0.282300 0.797386 0.019433 0.052288
1 0.277311 0.784314 0.012605 0.052288
2 0.329044 0.688142 0.015231 0.048553
1 0.328782 0.682073 0.009454 0.043884
0 0.944328 0.568161 0.007353 0.040149
0 0.892595 0.563959 0.011029 0.044818
1 0.760242 0.765173 0.017332 0.062558
1 0.879202 0.953315 0.021008 0.070962
2 0.424370 0.531279 0.013655 0.026144
1 0.423845 0.522409 0.009454 0.025210
3 0.527311 0.314659 0.012605 0.022409
3 0.577206 0.422969 0.018908 0.031746
3 0.585347 0.337068 0.013130 0.022409
3 0.556460 0.404295 0.016282 0.028011
0 0.906250 0.562558 0.006828 0.038282
0 0.693540 0.580299 0.008929 0.042017
0 0.669118 0.478992 0.008403 0.037348