9 0.546875 0.602513 0.031994 0.042328
9 0.673735 0.479828 0.022321 0.062831
6 0.580915 0.303571 0.012277 0.029101
6 0.594866 0.401455 0.029018 0.044974
6 0.626488 0.349868 0.028274 0.050265
9 0.691778 0.293981 0.011533 0.029762
0 0.546689 0.301257 0.007812 0.029762
9 0.064546 0.661376 0.034598 0.034392
3 0.061384 0.644511 0.031250 0.036376
3 0.064360 0.623677 0.036458 0.034392
9 0.749442 0.223876 0.012277 0.027116
6 0.771019 0.213294 0.018973 0.029762
3 0.051339 0.919312 0.102679 0.124339
3 0.652902 0.757937 0.084821 0.091270
3 0.192150 0.927910 0.110491 0.125661
3 0.836868 0.272156 0.032366 0.048280
6 0.553013 0.752976 0.043527 0.057540
9 0.204985 0.380622 0.016369 0.032407
9 0.114955 0.347222 0.021577 0.033069
9 0.478795 0.553571 0.025298 0.038360
0 0.928013 0.433532 0.012277 0.036376
9 0.841704 0.352513 0.009301 0.034392
9 0.670573 0.820767 0.034598 0.056878
9 0.452195 0.498677 0.024182 0.043651
2 0.273251 0.687500 0.027158 0.048280
9 0.543341 0.778108 0.027902 0.037698
6 0.447359 0.696098 0.071801 0.073413
6 0.222098 0.672288 0.032738 0.070767
9 0.405134 0.793981 0.037202 0.048280
9 0.454055 0.789683 0.031622 0.034392
9 0.234189 0.391865 0.026414 0.035053
9 0.452195 0.550595 0.020461 0.046958
2 0.443452 0.958664 0.026786 0.061508
9 0.663876 0.317460 0.012277 0.035714
1 0.207031 0.381944 0.008557 0.046958
1 0.528274 0.544974 0.011905 0.048942
1 0.491815 0.498016 0.016369 0.044974
1 0.476749 0.330026 0.032366 0.039683
0 0.550967 0.330688 0.006696 0.027778
9 0.539435 0.364087 0.009673 0.037698
0 0.628720 0.254630 0.006696 0.034392
9 0.572359 0.419974 0.015997 0.042328
9 0.544457 0.766204 0.012277 0.040344
0 0.128534 0.472553 0.011533 0.040344
9 0.208519 0.625661 0.024926 0.037037
9 0.178943 0.791336 0.027530 0.046958
4 0.444568 0.627976 0.069196 0.090608
3 0.363095 0.590939 0.062500 0.077381
3 0.316592 0.503307 0.056548 0.060847
3 0.238281 0.460979 0.056920 0.054233
3 0.255394 0.512566 0.053943 0.076720
3 0.165551 0.741733 0.043155 0.085317
0 0.122396 0.744048 0.015625 0.050265
0 0.816406 0.693783 0.012277 0.038360
0 0.807850 0.698413 0.014509 0.044974
0 0.862909 0.637897 0.010789 0.045635
0 0.849330 0.638558 0.014881 0.053571
0 0.271391 0.906746 0.017485 0.055556
0 0.288876 0.885582 0.016741 0.055556
0 0.358817 0.551587 0.012277 0.039683
0 0.348772 0.553241 0.009301 0.041667
5 0.640997 0.383929 0.048363 0.083995
3 0.674665 0.356812 0.032366 0.053571
3 0.701079 0.321098 0.035342 0.050926
3 0.730841 0.288690 0.031622 0.045635
3 0.755022 0.264550 0.035342 0.043651
3 0.778274 0.234788 0.031250 0.038360
3 0.802269 0.209325 0.029390 0.042989
3 0.820126 0.181548 0.029390 0.041667
5 0.855655 0.134259 0.033482 0.059524
3 0.840402 0.198743 0.028274 0.042989
3 0.869420 0.161376 0.021577 0.037037
3 0.593936 0.320106 0.039062 0.044974
3 0.111235 0.306878 0.046131 0.043651
7 0.205357 0.349868 0.033482 0.043651
7 0.298735 0.382606 0.036458 0.052249
6 0.289435 0.557540 0.028274 0.055556
6 0.646577 0.658730 0.046131 0.067460
0 0.284784 0.656085 0.015253 0.048942
9 0.182850 0.538029 0.019717 0.041667
9 0.452381 0.551918 0.015625 0.040344
9 0.490327 0.506944 0.019345 0.045635
9 0.523810 0.548942 0.018601 0.044974
7 0.549479 0.439484 0.031250 0.068122
7 0.564918 0.443122 0.021205 0.050265
2 0.674851 0.448413 0.016369 0.027778
9 0.491815 0.976190 0.034226 0.044974
9 0.549665 0.913360 0.023438 0.059524
9 0.587426 0.926918 0.022321 0.054894
0 0.582031 0.907738 0.015997 0.049603
0 0.456659 0.429563 0.006324 0.039021
9 0.805990 0.260251 0.007812 0.028439
6 0.027158 0.754299 0.054315 0.089286
0 0.421875 0.385582 0.010417 0.039683
9 0.248698 0.692791 0.030878 0.052249
9 0.236421 0.362765 0.015253 0.033730