3 0.786502 0.189076 0.063550 0.064426
3 0.980305 0.267507 0.037290 0.058824
3 0.992384 0.146125 0.014181 0.077498
3 0.903624 0.395892 0.042542 0.091503
3 0.864496 0.192810 0.043067 0.088702
3 0.694590 0.160131 0.046744 0.086835
3 0.762868 0.262838 0.045693 0.086835
3 0.724790 0.343137 0.043067 0.088702
3 0.896796 0.494865 0.066702 0.070962
3 0.925158 0.540149 0.066702 0.066293
3 0.908876 0.605042 0.069853 0.065359
3 0.851103 0.544351 0.046744 0.093371
3 0.837447 0.619514 0.064601 0.058824
3 0.784926 0.723623 0.045693 0.098973
3 0.640231 0.344071 0.032563 0.094304
4 0.622899 0.410364 0.055672 0.079365
3 0.587973 0.465920 0.046744 0.098973
3 0.543855 0.436041 0.036239 0.104575
3 0.478204 0.402894 0.056197 0.083100
3 0.403624 0.290383 0.056197 0.082166
3 0.782300 0.916900 0.071954 0.093371
3 0.564601 0.868814 0.042017 0.122316
3 0.456933 0.555089 0.054622 0.105509
3 0.379202 0.504669 0.061975 0.073763
3 0.363971 0.455649 0.058824 0.076564
3 0.399947 0.202614 0.053046 0.091503
3 0.328519 0.140990 0.048845 0.078431
5 0.210872 0.121849 0.069853 0.105509
3 0.251576 0.267507 0.050420 0.077498
4 0.677258 0.964986 0.056197 0.068161
4 0.451681 0.664799 0.051471 0.082166
3 0.505777 0.819328 0.053571 0.105509
3 0.438813 0.962185 0.053046 0.068161
9 0.657826 0.619514 0.024685 0.055089
9 0.927784 0.233427 0.018382 0.042951
9 0.787815 0.576097 0.018908 0.042951
0 0.681985 0.288982 0.017332 0.036415
0 0.743435 0.159197 0.015231 0.036415
0 0.553834 0.558824 0.018382 0.027077
2 0.694065 0.894958 0.015231 0.047619
9 0.756040 0.729692 0.017332 0.055089
0 0.927258 0.754902 0.016282 0.028945
0 0.934086 0.781046 0.014181 0.025210
0 0.918855 0.748366 0.009979 0.017740
0 0.975053 0.661531 0.012080 0.028945
0 0.963235 0.659664 0.013655 0.028945
0 0.984506 0.530812 0.014181 0.028945
0 0.483193 0.334734 0.011555 0.021475