3 0.719800 0.506069 0.032038 0.052288
3 0.718750 0.481326 0.026786 0.038282
0 0.798582 0.551821 0.006828 0.033613
0 0.785452 0.545285 0.008929 0.029879
3 0.393908 0.459384 0.029412 0.042951
3 0.429884 0.396825 0.021534 0.033613
3 0.452468 0.352007 0.016282 0.028011
3 0.462185 0.342670 0.013655 0.024276
3 0.469275 0.334734 0.013130 0.023343
3 0.050945 0.524276 0.054622 0.047619
3 0.529149 0.465920 0.026786 0.052288
3 0.492647 0.470588 0.021008 0.037348
3 0.489233 0.450980 0.020483 0.041083
3 0.532826 0.520075 0.026786 0.052288
3 0.467700 0.951914 0.062500 0.094304
3 0.532563 0.421569 0.015756 0.028945
3 0.534139 0.407563 0.015756 0.028945
3 0.490809 0.507937 0.025735 0.061625
3 0.493172 0.395892 0.018908 0.033613
3 0.745798 0.607376 0.048319 0.047619
0 0.818540 0.551821 0.006828 0.029879
0 0.363708 0.553688 0.008929 0.041083
0 0.360819 0.555556 0.008403 0.041083
3 0.695903 0.454715 0.024160 0.033613
9 0.747374 0.579832 0.023109 0.033613
1 0.746061 0.567227 0.011029 0.038282
0 0.910189 0.549020 0.007353 0.041083
0 0.758666 0.476190 0.011029 0.044818
0 0.917279 0.550887 0.008929 0.029879
3 0.486870 0.295985 0.013655 0.024276
3 0.530200 0.443044 0.020483 0.038282
3 0.502889 0.422035 0.018382 0.033613
3 0.516544 0.379085 0.013130 0.024276
3 0.536239 0.387488 0.013655 0.024276
3 0.433036 0.680672 0.086660 0.063492
3 0.473477 0.615313 0.069853 0.056022
3 0.310399 0.617647 0.084034 0.062558
3 0.417542 0.563959 0.055672 0.052288
3 0.405987 0.597106 0.071429 0.066293
8 0.841387 0.607843 0.200630 0.138189
3 0.934874 0.620448 0.061975 0.051354
2 0.806460 0.782446 0.029937 0.041083
1 0.807773 0.768441 0.016807 0.052288
2 0.627889 0.575163 0.025735 0.029879
1 0.629202 0.563959 0.011555 0.048553
0 0.274947 0.532680 0.007878 0.042017
0 0.292017 0.530345 0.009454 0.039216
0 0.768120 0.488329 0.008929 0.037348
0 0.361082 0.552754 0.008929 0.041083
0 0.556460 0.535948 0.008929 0.037348