8 0.221901 0.404295 0.167542 0.128852
3 0.505515 0.404295 0.060399 0.084034
3 0.621586 0.466387 0.092962 0.071895
3 0.728729 0.424370 0.094013 0.073763
3 0.911765 0.420168 0.084034 0.069094
3 0.101891 0.537815 0.107143 0.091503
3 0.576155 0.100373 0.025210 0.047619
1 0.657563 0.792717 0.024160 0.059757
0 0.422532 0.741363 0.020483 0.063492
0 0.485032 0.769841 0.021534 0.071895
0 0.456145 0.748833 0.022584 0.063492
9 0.879202 0.680205 0.036765 0.045752
0 0.213761 0.511204 0.021008 0.055089
2 0.226891 0.533147 0.042017 0.044818
1 0.224527 0.518207 0.015231 0.041083
9 0.246324 0.314192 0.029412 0.040149
1 0.532563 0.806256 0.017857 0.060691
9 0.532563 0.813259 0.025210 0.078431
0 0.357143 0.242297 0.012605 0.049486
0 0.431460 0.118581 0.007878 0.035481
1 0.010504 0.397759 0.012605 0.041083
9 0.014181 0.412698 0.028361 0.039216
9 0.748162 0.360411 0.029937 0.037348
1 0.750788 0.349206 0.018382 0.044818
9 0.354779 0.198880 0.020483 0.033613
0 0.192752 0.278245 0.014706 0.035481
0 0.177521 0.287115 0.014706 0.045752
2 0.012080 0.350140 0.021008 0.052288
3 0.178834 0.865546 0.110819 0.201681
3 0.484506 0.218954 0.028887 0.064426
5 0.934874 0.836134 0.129202 0.176471
3 0.585347 0.207283 0.030987 0.050420
3 0.475840 0.064893 0.023109 0.045752
3 0.437237 0.072362 0.022584 0.040149
3 0.379464 0.482726 0.094013 0.091503
3 0.648897 0.151261 0.059349 0.041083
3 0.580882 0.020542 0.044118 0.031746
3 0.445641 0.028945 0.022584 0.041083
6 0.662027 0.814659 0.039391 0.099907
0 0.916492 0.692344 0.022059 0.070028
9 0.681197 0.304855 0.011555 0.038282
9 0.717962 0.319795 0.015756 0.042017
9 0.748424 0.310924 0.014706 0.037348
9 0.784926 0.300654 0.009979 0.041083
9 0.802784 0.302054 0.013130 0.038282
9 0.858193 0.321195 0.011555 0.039216
9 0.892069 0.289916 0.014181 0.036415
2 0.904412 0.323529 0.013655 0.040149
9 0.953256 0.323063 0.022059 0.046685
1 0.442752 0.200747 0.012605 0.031746
9 0.442752 0.211951 0.012605 0.042951
0 0.306985 0.690943 0.020483 0.070962
0 0.324317 0.689076 0.018382 0.074697
1 0.485294 0.288982 0.014706 0.040149
6 0.485032 0.297386 0.021534 0.043884
1 0.402574 0.307190 0.015231 0.042951
9 0.403624 0.318861 0.024685 0.038282
1 0.154149 0.663399 0.020483 0.064426
9 0.160189 0.671802 0.038866 0.049486
0 0.076418 0.788982 0.025735 0.063492
0 0.073792 0.800654 0.025735 0.070028
4 0.825893 0.604575 0.088761 0.094304
9 0.336922 0.262372 0.027836 0.033613
9 0.387868 0.194678 0.023634 0.028945
9 0.386817 0.174136 0.024685 0.032680
1 0.691439 0.974323 0.023634 0.045752
9 0.693015 0.975257 0.023634 0.045752
0 0.123950 0.345005 0.019958 0.058824
0 0.410977 0.188609 0.009979 0.037348
1 0.766807 0.495331 0.018908 0.045752
9 0.762605 0.505135 0.034664 0.046685
0 0.397847 0.279645 0.015231 0.045752
0 0.438813 0.121382 0.008929 0.035481
0 0.597164 0.236228 0.012605 0.041083
0 0.595588 0.230626 0.012605 0.041083
1 0.878939 0.665266 0.020483 0.047619
0 0.521271 0.269841 0.015231 0.046685
0 0.511817 0.274977 0.014181 0.043884
9 0.251313 0.330532 0.027836 0.039216
9 0.088235 0.357610 0.019958 0.044818
6 0.659664 0.208217 0.036765 0.050420
9 0.614233 0.179739 0.022584 0.025210