3 0.730655 0.517196 0.026786 0.039683
4 0.852679 0.712302 0.022321 0.027778
4 0.838542 0.680556 0.023810 0.030423
4 0.872024 0.592593 0.022321 0.042328
3 0.887277 0.653439 0.015625 0.044974
3 0.125372 0.599206 0.026042 0.037037
3 0.199033 0.492063 0.026042 0.034392
3 0.012649 0.619048 0.022321 0.047619
3 0.854539 0.177910 0.026042 0.030423
5 0.960938 0.118386 0.030506 0.035714
4 0.712426 0.150794 0.020089 0.039683
4 0.739955 0.232143 0.024554 0.022487
3 0.299107 0.230159 0.019345 0.055556
3 0.259301 0.209656 0.020089 0.048942
3 0.250000 0.156085 0.019345 0.052910
3 0.284226 0.152116 0.017857 0.042328
3 0.330729 0.178571 0.021577 0.047619
4 0.125744 0.669974 0.029762 0.033069
3 0.176339 0.636905 0.026786 0.033069
8 0.744048 0.296958 0.062500 0.027778
3 0.597470 0.173942 0.025298 0.041005
9 0.342634 0.243386 0.009673 0.029101
9 0.640997 0.281085 0.011161 0.014550
9 0.322545 0.282407 0.014137 0.038360
9 0.808780 0.221561 0.011905 0.019841
0 0.806176 0.220899 0.012649 0.013228
0 0.812500 0.226190 0.011905 0.013228
9 0.201637 0.683201 0.010417 0.014550
0 0.468006 0.570106 0.010417 0.018519
9 0.320685 0.131614 0.011905 0.033069
9 0.351562 0.250000 0.008185 0.018519
0 0.294643 0.378307 0.010417 0.018519
9 0.699405 0.306217 0.014881 0.017196
9 0.936384 0.257937 0.017113 0.018519
4 0.207589 0.580026 0.028274 0.038360
3 0.297619 0.522487 0.023810 0.026455
3 0.333705 0.397487 0.014137 0.048942
4 0.340030 0.316799 0.016369 0.043651
3 0.113467 0.712302 0.026042 0.035714
3 0.232887 0.602513 0.031250 0.035714
3 0.362351 0.582672 0.031250 0.030423
5 0.430060 0.642857 0.029762 0.037037
5 0.491815 0.736772 0.025298 0.037037
3 0.369792 0.470899 0.026786 0.034392
4 0.421503 0.462302 0.023065 0.022487
3 0.478795 0.433862 0.027530 0.029101
9 0.443452 0.412698 0.011905 0.018519
3 0.595982 0.387566 0.026786 0.023810
3 0.646577 0.644841 0.026786 0.038360
4 0.654762 0.682540 0.026786 0.042328
3 0.672619 0.609127 0.023810 0.038360
3 0.682664 0.635582 0.024554 0.041005
4 0.697917 0.563492 0.023810 0.039683
4 0.778646 0.486111 0.024554 0.035714
3 0.833333 0.440476 0.025298 0.047619
7 0.743676 0.161376 0.014137 0.031746
9 0.530506 0.978175 0.007440 0.022487
3 0.039062 0.218915 0.026042 0.038360
7 0.709821 0.683862 0.022321 0.039683
0 0.057292 0.644180 0.010417 0.015873