3 0.562237 0.782446 0.078256 0.145658
3 0.291754 0.278711 0.030987 0.055089
3 0.576943 0.665733 0.083508 0.100840
3 0.328256 0.123716 0.021008 0.032680
3 0.242647 0.735294 0.098739 0.101774
9 0.735557 0.633987 0.027836 0.059757
3 0.284139 0.101307 0.017857 0.027077
1 0.738708 0.631653 0.020483 0.058824
4 0.290966 0.086368 0.015756 0.030812
3 0.266807 0.030812 0.014706 0.022409
3 0.245273 0.070962 0.015756 0.024276
0 0.022584 0.872549 0.024160 0.068161
2 0.173582 0.887021 0.033088 0.070962
3 0.888655 0.192344 0.042017 0.035481
3 0.711660 0.070962 0.026261 0.024276
4 0.720326 0.109711 0.026786 0.027077
3 0.953519 0.246499 0.043592 0.037348
3 0.952206 0.218954 0.035714 0.030812
3 0.981092 0.180205 0.034664 0.039216
4 0.387342 0.161531 0.021534 0.039216
3 0.098739 0.654528 0.102941 0.084034
3 0.242910 0.594304 0.090861 0.079365
3 0.363971 0.501401 0.065126 0.070962
0 0.039128 0.868814 0.023634 0.075630
0 0.053834 0.847806 0.022584 0.078431
9 0.068277 0.798319 0.031513 0.054155
1 0.064601 0.779178 0.018908 0.056956
0 0.022847 0.846872 0.025735 0.067227
3 0.927521 0.240896 0.039916 0.033613
3 0.924895 0.213352 0.035714 0.032680
4 0.858981 0.198413 0.037290 0.032680
4 0.843750 0.190476 0.032038 0.035481
4 0.858718 0.173669 0.035714 0.033613
4 0.840861 0.165266 0.034664 0.031746
3 0.829832 0.187675 0.035714 0.028011
3 0.810399 0.175537 0.032563 0.029879
3 0.790966 0.171802 0.027311 0.026144
3 0.778361 0.162465 0.027311 0.024276
3 0.864496 0.133520 0.027311 0.024276
3 0.845063 0.129785 0.026261 0.028011
3 0.836134 0.117647 0.031513 0.029879
3 0.817227 0.113912 0.025210 0.026144
3 0.798319 0.101774 0.030462 0.031746
3 0.772059 0.093371 0.029412 0.026144
3 0.731618 0.076564 0.026261 0.028011