4 0.538340 0.272176 0.073529 0.053221
3 0.421744 0.373950 0.052521 0.088702
3 0.462710 0.334734 0.039916 0.066293
3 0.533351 0.248366 0.056197 0.037348
3 0.212973 0.591970 0.162290 0.110177
3 0.324055 0.097106 0.016807 0.026144
4 0.549632 0.233894 0.048845 0.045752
3 0.565914 0.222689 0.043592 0.032680
3 0.253151 0.445845 0.116597 0.077498
3 0.279937 0.391690 0.093487 0.060691
3 0.283876 0.358077 0.094013 0.055089
3 0.311712 0.337068 0.085609 0.057890
3 0.327731 0.319328 0.070378 0.044818
3 0.347952 0.296919 0.063550 0.054155
3 0.364758 0.286181 0.065651 0.055089
3 0.381040 0.264239 0.061450 0.054155
3 0.397059 0.258637 0.043067 0.033613
3 0.432511 0.234827 0.055147 0.038282
0 0.797006 0.316993 0.012080 0.055089
0 0.775735 0.460784 0.021008 0.077498
0 0.770746 0.488329 0.018382 0.076564
0 0.750788 0.465920 0.016282 0.076564
0 0.611082 0.700280 0.035189 0.102708
0 0.470588 0.709150 0.024160 0.105509
3 0.361082 0.076564 0.014181 0.020542
3 0.034139 0.302988 0.056723 0.066293
3 0.097426 0.255369 0.055147 0.066293
3 0.120273 0.183007 0.027311 0.044818
3 0.105567 0.200280 0.049370 0.047619
3 0.353204 0.080766 0.015231 0.021475
9 0.337185 0.099440 0.008403 0.027077
3 0.270483 0.153128 0.026261 0.033613
0 0.035977 0.483660 0.026786 0.082166
0 0.007353 0.491130 0.014706 0.089636
3 0.107405 0.683473 0.187500 0.197946
0 0.669905 0.224556 0.013130 0.040149
0 0.671481 0.291783 0.014181 0.045752
0 0.679359 0.213352 0.008929 0.036415
0 0.693277 0.224556 0.006303 0.036415
0 0.694065 0.222689 0.007878 0.042017
0 0.715336 0.223156 0.007353 0.041083
0 0.726891 0.225023 0.011555 0.039216
0 0.639706 0.230626 0.011555 0.033613
0 0.681985 0.225023 0.009979 0.033613
0 0.463235 0.297386 0.013655 0.043884
3 0.177784 0.196078 0.030987 0.039216
0 0.874475 0.375817 0.014706 0.045752
0 0.887342 0.378618 0.009979 0.055089
9 0.117122 0.232026 0.018908 0.053221
3 0.689863 0.893091 0.118172 0.200747
3 0.534401 0.881886 0.166492 0.228758
3 0.407300 0.826331 0.100315 0.220355
3 0.256040 0.849206 0.152836 0.245565
5 0.997637 0.642857 0.002626 0.144725
0 0.982668 0.658263 0.023109 0.093371
0 0.577731 0.842204 0.017857 0.087768
0 0.490284 0.842670 0.024685 0.116713
3 0.119748 0.805322 0.180672 0.243697
3 0.790441 0.663866 0.171218 0.123249
3 0.610557 0.616246 0.147584 0.110177
9 0.318540 0.599907 0.019433 0.079365
3 0.592174 0.553221 0.146534 0.090570
3 0.926996 0.498133 0.112395 0.081232
3 0.690651 0.500467 0.117647 0.095238
3 0.532826 0.520542 0.115021 0.101774
3 0.500788 0.479925 0.115021 0.080299
3 0.493172 0.436508 0.111345 0.077498
3 0.227679 0.193277 0.037290 0.044818
0 0.745798 0.431839 0.017857 0.071895
3 0.633403 0.469655 0.112395 0.098973
3 0.884979 0.444911 0.120798 0.077498
3 0.611082 0.434641 0.101366 0.064426
3 0.845851 0.416433 0.116071 0.069094
3 0.814076 0.384687 0.082983 0.057890
3 0.795431 0.364613 0.083508 0.053221
3 0.586660 0.395425 0.090336 0.071895
3 0.555147 0.353408 0.086134 0.055089
3 0.570641 0.370215 0.079307 0.047619
3 0.548582 0.319795 0.071954 0.053221
3 0.534926 0.296452 0.068803 0.040149