3 0.142069 0.265640 0.062500 0.064426
3 0.428571 0.519608 0.051471 0.133520
3 0.528361 0.050420 0.018908 0.035481
3 0.454569 0.347806 0.035189 0.083100
3 0.365021 0.492530 0.058824 0.120448
4 0.042542 0.543884 0.085084 0.111111
0 0.051996 0.776377 0.019958 0.055089
0 0.160977 0.577031 0.015231 0.050420
0 0.116597 0.541083 0.026261 0.070028
1 0.287815 0.366947 0.013655 0.041083
1 0.717700 0.278245 0.014181 0.035481
9 0.717700 0.292717 0.028887 0.032680
0 0.878414 0.217554 0.014181 0.039216
9 0.984506 0.248833 0.012080 0.043884
3 0.404412 0.058824 0.032563 0.024276
3 0.408876 0.034547 0.029937 0.024276
3 0.405725 0.291783 0.035189 0.081232
9 0.370273 0.367880 0.011555 0.041083
1 0.369485 0.351074 0.012080 0.039216
9 0.374475 0.278711 0.011555 0.036415
1 0.374212 0.264706 0.008929 0.028945
3 0.122111 0.469188 0.097164 0.083100
3 0.128151 0.347806 0.071429 0.066293
3 0.110557 0.205882 0.040441 0.056956
3 0.132878 0.305789 0.084034 0.068161
3 0.285714 0.197479 0.059874 0.045752
3 0.468750 0.195612 0.028887 0.064426
3 0.360294 0.177871 0.060924 0.047619
3 0.437763 0.117180 0.025735 0.049486
3 0.389443 0.117180 0.037290 0.038282
3 0.817489 0.316993 0.075105 0.066293
5 0.933561 0.315593 0.089811 0.080299
4 0.876313 0.280579 0.063550 0.064426
9 0.703782 0.303455 0.022059 0.029879
1 0.706408 0.290850 0.014706 0.030812
3 0.632090 0.171335 0.059349 0.055089
3 0.618697 0.145191 0.053571 0.043884
3 0.474265 0.126050 0.026261 0.056022
3 0.599527 0.251634 0.070903 0.055089
3 0.528099 0.305322 0.032038 0.061625
3 0.518120 0.225957 0.026786 0.057890
7 0.455620 0.029879 0.014181 0.031746
9 0.572216 0.192344 0.009979 0.041083
1 0.571429 0.182540 0.010504 0.034547
9 0.443540 0.072829 0.012080 0.031746
9 0.415179 0.149393 0.011029 0.031746
9 0.330357 0.373016 0.017857 0.045752
1 0.330620 0.364613 0.015231 0.049486
9 0.184611 0.368347 0.036239 0.034547
1 0.181723 0.352941 0.014706 0.044818
9 0.300945 0.360411 0.029412 0.031746
1 0.297532 0.350607 0.016282 0.045752
9 0.290441 0.382353 0.030462 0.036415
3 0.053046 0.192810 0.031513 0.053221
3 0.027311 0.343137 0.054622 0.068161
3 0.443015 0.022876 0.016282 0.038282