9 0.204799 0.405093 0.021949 0.019180
1 0.206659 0.399471 0.007068 0.025132
0 0.260045 0.352183 0.009673 0.037698
9 0.558408 0.280423 0.011905 0.027778
9 0.316034 0.590608 0.018973 0.025132
9 0.489769 0.346230 0.010789 0.019180
1 0.489955 0.338294 0.006696 0.025794
0 0.057664 0.269511 0.007440 0.024471
1 0.311198 0.578373 0.010789 0.032407
9 0.550037 0.328042 0.015253 0.025132
6 0.584635 0.402778 0.027158 0.041005
6 0.564918 0.390542 0.025670 0.039021
0 0.562128 0.302910 0.011161 0.033069
9 0.522879 0.424272 0.015253 0.019180
9 0.515811 0.407077 0.014509 0.012566
1 0.516183 0.398479 0.007068 0.021825
3 0.923549 0.013889 0.011533 0.022487
0 0.599702 0.265873 0.005952 0.026455
0 0.912760 0.431217 0.010045 0.038360
9 0.384673 0.352183 0.019345 0.024471
9 0.055618 0.665675 0.037574 0.031085
9 0.053571 0.647817 0.034226 0.029762
9 0.053571 0.624669 0.037946 0.025794
9 0.682664 0.273810 0.013393 0.033069
6 0.668713 0.311839 0.021949 0.032407
0 0.271391 0.676257 0.017485 0.050926
9 0.513951 0.400794 0.013765 0.034392
9 0.691592 0.283069 0.010417 0.027778
9 0.713914 0.262235 0.013393 0.025794
6 0.743862 0.226521 0.018229 0.035053
0 0.763207 0.202050 0.009301 0.024471
0 0.233259 0.332341 0.008185 0.027116
0 0.227307 0.325066 0.026042 0.040344
0 0.537760 0.348545 0.007812 0.033069
4 0.795201 0.885582 0.097842 0.133598
3 0.663876 0.814815 0.083705 0.097884
3 0.572545 0.708664 0.073661 0.090608
3 0.518787 0.599868 0.065104 0.060847
3 0.322545 0.657407 0.049107 0.097884
3 0.056548 0.960648 0.061012 0.074735
0 0.094494 0.657738 0.012649 0.044312
0 0.101376 0.662698 0.013021 0.043651
0 0.099888 0.634590 0.013765 0.042989
0 0.664062 0.716270 0.013393 0.044974
0 0.773438 0.764550 0.012649 0.044974
0 0.786830 0.774140 0.013393 0.046958
0 0.879836 0.501653 0.010417 0.040344
0 0.873698 0.500992 0.012277 0.036376
0 0.216518 0.719246 0.012649 0.042989
0 0.213914 0.698413 0.013393 0.044974
0 0.235863 0.745370 0.014137 0.054233
0 0.234933 0.725198 0.013765 0.046958
4 0.631510 0.384259 0.048735 0.084656
3 0.666295 0.358796 0.031250 0.052249
3 0.691406 0.322421 0.033854 0.049603
3 0.720982 0.289683 0.029762 0.043651
3 0.745536 0.265212 0.033482 0.042328
3 0.765067 0.238095 0.027902 0.037037
3 0.786644 0.212632 0.029390 0.041667
3 0.808966 0.182540 0.029390 0.039683
5 0.835193 0.146495 0.034970 0.060185
3 0.679874 0.383267 0.038318 0.057540
5 0.721726 0.343915 0.034226 0.052910
3 0.816406 0.141204 0.018973 0.031085
3 0.867746 0.121362 0.021949 0.025794
3 0.916853 0.069775 0.018973 0.023148
3 0.582775 0.323082 0.037574 0.040344
9 0.742746 0.291997 0.011533 0.028439
1 0.746466 0.284722 0.005580 0.023148
9 0.781808 0.270833 0.010045 0.023148
1 0.781436 0.266865 0.005580 0.017857
3 0.100818 0.313823 0.043155 0.045635
0 0.148438 0.333664 0.008929 0.032407
7 0.195499 0.357143 0.031622 0.043651
7 0.289062 0.389550 0.036458 0.048942
7 0.250558 0.554563 0.033110 0.078704
6 0.397135 0.597553 0.033110 0.052249
7 0.360305 0.600198 0.036830 0.058862
5 0.418713 0.576058 0.062872 0.066138
6 0.305618 0.445767 0.029390 0.051587
0 0.168713 0.546627 0.010789 0.039021
9 0.191220 0.644841 0.013393 0.044974
1 0.188616 0.625661 0.007440 0.033069
2 0.258557 0.639881 0.011161 0.037698
1 0.252604 0.624008 0.010417 0.033730
9 0.275298 0.647817 0.017857 0.037698
2 0.296131 0.693783 0.014881 0.038360
1 0.296875 0.688492 0.011161 0.038360
9 0.421689 0.761243 0.025670 0.044974
1 0.418527 0.752976 0.014881 0.052249
9 0.158668 0.918320 0.025670 0.050926
1 0.157180 0.904431 0.014509 0.045635
9 0.439360 0.503638 0.019345 0.040344
9 0.449591 0.535384 0.014509 0.032407
9 0.517113 0.550265 0.017113 0.044974
9 0.598028 0.602513 0.010789 0.033069
9 0.563988 0.551587 0.021577 0.033069
7 0.540179 0.437500 0.029018 0.065476
7 0.554874 0.446098 0.021205 0.053571
9 0.559152 0.469907 0.017857 0.029762
2 0.750186 0.536045 0.021949 0.025794
0 0.755766 0.522487 0.007068 0.038360
9 0.807478 0.461640 0.007068 0.038360
6 0.405134 0.945106 0.025298 0.044974
1 0.405692 0.931217 0.015253 0.044974
9 0.624442 0.833664 0.029390 0.039021
1 0.623512 0.828373 0.010417 0.045635
9 0.427269 0.984127 0.018229 0.030423
9 0.463356 0.978175 0.025670 0.038360
1 0.462426 0.973545 0.016369 0.035714
9 0.486421 0.976521 0.032366 0.041667
1 0.489583 0.972222 0.017857 0.043651
9 0.517671 0.940146 0.014509 0.057540
1 0.516369 0.939815 0.011161 0.051587
7 0.552269 0.947090 0.053199 0.101852
9 0.551897 0.891204 0.021205 0.042989
1 0.554501 0.872685 0.010789 0.039021
9 0.606585 0.861111 0.015997 0.054233
0 0.600818 0.842262 0.011905 0.048280
1 0.595424 0.916997 0.015253 0.040344
1 0.594494 0.878968 0.025298 0.059524
1 0.566220 0.503968 0.011161 0.031746
9 0.482143 0.495040 0.014881 0.025794
1 0.477493 0.482143 0.007812 0.026455
1 0.566592 0.548280 0.014137 0.038360
9 0.396205 0.461310 0.021577 0.032407
1 0.393043 0.457672 0.014509 0.031746
0 0.604911 0.447421 0.006696 0.033730
0 0.444754 0.435516 0.007812 0.040344
9 0.665737 0.440476 0.010789 0.031746
9 0.352121 0.540675 0.025670 0.025794
9 0.204427 0.652447 0.021949 0.039021
7 0.021949 0.758929 0.043899 0.083995
0 0.480097 0.359458 0.007068 0.033730
0 0.485305 0.360780 0.005580 0.027116
7 0.891555 0.083333 0.010789 0.019841
7 0.610305 0.297950 0.018973 0.039021
7 0.160714 0.495040 0.014881 0.032407
9 0.241257 0.700728 0.029390 0.039021
1 0.157924 0.488095 0.010789 0.026455
9 0.111049 0.483796 0.017485 0.025794
9 0.191778 0.551918 0.018229 0.032407
6 0.220424 0.496032 0.033110 0.039683
9 0.181734 0.450397 0.018229 0.025132
9 0.217820 0.457341 0.015253 0.025794
9 0.131882 0.421627 0.018229 0.025794
9 0.227493 0.365410 0.014509 0.035053
1 0.215960 0.452050 0.007812 0.032407