3 0.730305 0.882353 0.159139 0.168067
3 0.075630 0.411765 0.102941 0.095238
3 0.377626 0.305322 0.044118 0.076564
3 0.387080 0.240430 0.040966 0.070028
3 0.400473 0.206816 0.030987 0.060691
3 0.404674 0.170868 0.029937 0.050420
3 0.411239 0.142857 0.025210 0.044818
3 0.423057 0.105509 0.023634 0.044818
3 0.611345 0.370215 0.107143 0.098039
3 0.603729 0.315593 0.094013 0.084034
6 0.240021 0.408964 0.066176 0.061625
0 0.285452 0.467320 0.020483 0.075630
0 0.245536 0.471055 0.017332 0.077498
0 0.260504 0.471522 0.017857 0.072829
9 0.418855 0.532213 0.027836 0.063492
1 0.413340 0.507937 0.016807 0.067227
9 0.605305 0.803922 0.076155 0.082166
1 0.607143 0.787115 0.038866 0.097106
3 0.218225 0.345472 0.081408 0.078431
3 0.239758 0.316060 0.071954 0.060691
3 0.241859 0.282446 0.081408 0.055089
3 0.248162 0.262838 0.081408 0.043884
3 0.257878 0.251634 0.085084 0.049486
3 0.278624 0.211485 0.071954 0.060691
3 0.305410 0.196545 0.071954 0.066293
3 0.326418 0.171335 0.065651 0.043884
3 0.331145 0.148926 0.059349 0.043884
3 0.346113 0.108777 0.058824 0.038282
3 0.356880 0.091970 0.053046 0.038282
3 0.404412 0.050420 0.018908 0.039216
0 0.336922 0.260504 0.008929 0.042951
0 0.346376 0.259570 0.012080 0.044818
0 0.469275 0.224556 0.015231 0.043884
1 0.354779 0.236695 0.012080 0.032680
0 0.359506 0.197479 0.012080 0.032680
0 0.370011 0.193744 0.012080 0.032680
1 0.463498 0.119981 0.012080 0.032680
2 0.463498 0.129318 0.018382 0.032680
1 0.441439 0.173203 0.008929 0.027077
2 0.441439 0.187208 0.015231 0.021475
3 0.600053 0.214286 0.075105 0.060691
3 0.605305 0.199346 0.081408 0.060691
3 0.589548 0.189076 0.071954 0.066293
3 0.480305 0.049020 0.024685 0.038282