9 0.341518 0.476521 0.027530 0.040344
9 0.254836 0.552910 0.019345 0.048942
9 0.519159 0.370701 0.010045 0.045635
6 0.585379 0.304894 0.012277 0.029101
6 0.586682 0.401124 0.028274 0.045635
6 0.566592 0.387897 0.028274 0.049603
9 0.564546 0.377976 0.011533 0.029762
0 0.580543 0.275463 0.007812 0.029762
9 0.055618 0.665344 0.034598 0.034392
3 0.053571 0.647817 0.031250 0.036376
3 0.055432 0.626323 0.036458 0.034392
9 0.698661 0.257937 0.012649 0.026455
6 0.717076 0.266865 0.018973 0.029762
9 0.584635 0.364749 0.012277 0.028439
9 0.717448 0.246362 0.012277 0.020503
9 0.745350 0.231812 0.013021 0.027116
7 0.781436 0.184854 0.021205 0.036376
3 0.007999 0.958995 0.015997 0.079365
3 0.975074 0.054563 0.019345 0.032407
9 0.462426 0.564815 0.025298 0.038360
9 0.443638 0.496693 0.024182 0.043651
2 0.269903 0.683201 0.024926 0.048942
6 0.754092 0.918651 0.092262 0.103175
9 0.551711 0.838624 0.027530 0.050265
9 0.295015 0.727183 0.024554 0.056217
2 0.438616 0.958664 0.027530 0.061508
9 0.594308 0.467923 0.013765 0.037698
1 0.521577 0.542989 0.011905 0.048942
1 0.474144 0.505952 0.015253 0.044974
1 0.476749 0.330026 0.032366 0.039683
0 0.590588 0.299934 0.005580 0.027116
9 0.508185 0.364087 0.006696 0.037698
9 0.577195 0.472884 0.016741 0.042328
9 0.140439 0.499669 0.016741 0.036376
4 0.664621 0.787698 0.087426 0.116402
3 0.550595 0.737103 0.077381 0.091931
3 0.469494 0.626984 0.066220 0.075397
3 0.398810 0.561839 0.063244 0.064153
3 0.298363 0.598545 0.055060 0.092593
3 0.129092 0.825397 0.047619 0.095238
0 0.093936 0.653108 0.011533 0.045635
0 0.103981 0.662698 0.015253 0.044974
0 0.098028 0.601521 0.012277 0.040344
0 0.711682 0.754630 0.014881 0.052910
0 0.782924 0.737434 0.012277 0.038360
0 0.787760 0.757937 0.013765 0.050265
0 0.865513 0.539683 0.010789 0.044974
0 0.859189 0.535053 0.015253 0.047619
0 0.255208 0.765873 0.013393 0.048942
0 0.251488 0.746032 0.012649 0.055556
0 0.281622 0.672619 0.012649 0.039683
0 0.283110 0.655754 0.009673 0.041667
5 0.633743 0.385251 0.047991 0.083995
3 0.666109 0.355820 0.032366 0.054233
3 0.693266 0.320767 0.035342 0.050265
3 0.722284 0.289683 0.031622 0.044974
3 0.747582 0.266534 0.035342 0.043651
3 0.767857 0.236111 0.031250 0.038360
3 0.791481 0.209325 0.029390 0.042989
3 0.811570 0.179563 0.029390 0.041667
5 0.837426 0.145503 0.033482 0.059524
3 0.709635 0.353505 0.040551 0.060185
3 0.752418 0.306217 0.031622 0.050265
3 0.868676 0.107474 0.021577 0.029762
3 0.903274 0.090278 0.021577 0.027116
3 0.944568 0.043651 0.018601 0.023810
3 0.584077 0.321429 0.039435 0.043651
9 0.799293 0.240410 0.011533 0.029762
9 0.821615 0.219907 0.010789 0.028439
3 0.102307 0.312169 0.046131 0.043651
7 0.198289 0.355820 0.033482 0.043651
7 0.291295 0.387897 0.036458 0.052249
6 0.359003 0.590608 0.033482 0.048942
7 0.299665 0.520172 0.039062 0.057540
5 0.261161 0.474206 0.063988 0.066138
6 0.440476 0.518188 0.036458 0.058862
0 0.196429 0.582672 0.013393 0.048942
9 0.192894 0.617394 0.016741 0.041667
9 0.228981 0.580688 0.014509 0.048942
9 0.246466 0.604167 0.017485 0.045635
9 0.315848 0.742725 0.019345 0.054233
1 0.314360 0.735450 0.016369 0.044974
9 0.317150 0.677910 0.031622 0.048942
9 0.294457 0.726190 0.021949 0.048942
9 0.472284 0.515873 0.019717 0.044974
9 0.519159 0.547619 0.018229 0.044974
9 0.526786 0.495701 0.013393 0.045635
9 0.750186 0.701720 0.027158 0.044974
7 0.542039 0.438823 0.031250 0.068122
7 0.557478 0.444444 0.021205 0.050265
2 0.717076 0.506614 0.022693 0.033069
9 0.794085 0.552249 0.013765 0.044974
9 0.445499 0.763558 0.023438 0.037698
9 0.432664 0.842262 0.018601 0.064153
9 0.485491 0.976852 0.034226 0.043651
7 0.550781 0.950728 0.056176 0.097222
9 0.547433 0.898148 0.023438 0.059524
9 0.606399 0.871362 0.019345 0.057540
0 0.599330 0.848545 0.015625 0.050265
9 0.311756 0.440146 0.022321 0.031085
9 0.234747 0.413029 0.021577 0.036376
0 0.445499 0.433532 0.008557 0.035053
9 0.696243 0.391204 0.012277 0.036376
9 0.227307 0.444114 0.021577 0.031085
9 0.095238 0.758598 0.031994 0.051587
6 0.023251 0.756944 0.046503 0.089286
0 0.467262 0.371032 0.010417 0.039683
9 0.242374 0.694114 0.030134 0.050926
6 0.147693 0.458003 0.030506 0.042989
9 0.229353 0.366733 0.015253 0.033730