2 0.006565 0.338469 0.011029 0.049486
9 0.616859 0.166667 0.020483 0.019608
2 0.748687 0.280579 0.009979 0.027077
9 0.672006 0.248833 0.032038 0.038282
8 0.556197 0.379085 0.163866 0.126984
3 0.558036 0.818394 0.090861 0.180205
3 0.443015 0.510738 0.107668 0.078431
3 0.707195 0.527544 0.088761 0.078431
3 0.951681 0.546218 0.095588 0.087768
3 0.188288 0.408497 0.085609 0.070028
3 0.325630 0.368347 0.079832 0.066293
3 0.363445 0.429505 0.086134 0.063492
3 0.285714 0.495331 0.101891 0.083100
3 0.577206 0.091503 0.025210 0.046685
3 0.516807 0.031279 0.019958 0.034547
1 0.660452 0.780112 0.020483 0.055089
0 0.631040 0.724556 0.020483 0.057890
0 0.675158 0.735761 0.021534 0.067227
0 0.656250 0.708683 0.016282 0.063492
1 0.665441 0.626050 0.023109 0.055089
9 0.370536 0.654528 0.040441 0.046685
0 0.403887 0.554155 0.014706 0.058824
2 0.408351 0.554155 0.041492 0.040149
1 0.415704 0.547152 0.012080 0.050420
9 0.246586 0.306723 0.027836 0.034547
1 0.078782 0.371148 0.017857 0.055089
1 0.092962 0.358543 0.012605 0.050420
2 0.081145 0.381886 0.036239 0.041083
9 0.089548 0.369281 0.036239 0.036415
1 0.618172 0.352474 0.014706 0.040149
9 0.618435 0.366480 0.026786 0.036415
0 0.473477 0.233427 0.013130 0.044818
0 0.451943 0.055556 0.006828 0.034547
1 0.396796 0.330532 0.012080 0.044818
9 0.396534 0.345472 0.022059 0.035481
9 0.354254 0.189542 0.021534 0.029879
0 0.923057 0.273109 0.009979 0.034547
0 0.919905 0.265640 0.011029 0.038282
0 0.291754 0.218954 0.006828 0.042017
0 0.279674 0.206816 0.008929 0.038282
2 0.011817 0.339402 0.018382 0.043884
3 0.175420 0.845005 0.106092 0.194211
3 0.483981 0.206816 0.021534 0.058824
5 0.939076 0.819328 0.119748 0.170868
3 0.587447 0.201214 0.030987 0.055089
3 0.437500 0.063025 0.023109 0.040149
3 0.055935 0.510738 0.111870 0.097106
3 0.647847 0.145191 0.050945 0.045752
3 0.581670 0.017274 0.042542 0.028945
3 0.446691 0.021942 0.020483 0.036415
6 0.664653 0.804855 0.036239 0.106443
0 0.922269 0.673203 0.022059 0.069094
9 0.683561 0.290850 0.008929 0.036415
9 0.721113 0.303922 0.015756 0.042017
9 0.750263 0.302521 0.015231 0.031746
9 0.789653 0.293184 0.009979 0.041083
9 0.806197 0.290850 0.012605 0.036415
9 0.862395 0.306256 0.009454 0.035481
9 0.894695 0.281513 0.015231 0.036415
2 0.907038 0.309991 0.012605 0.035481
9 0.959296 0.312792 0.023634 0.050420
1 0.474790 0.063959 0.010504 0.023343
9 0.473739 0.073296 0.011555 0.025210
0 0.326681 0.766106 0.019958 0.071895
0 0.347952 0.764239 0.023634 0.070028
1 0.485032 0.265173 0.015231 0.031746
6 0.484244 0.277778 0.019958 0.040149
1 0.403624 0.300187 0.015231 0.045752
9 0.403887 0.308123 0.023109 0.041083
1 0.176208 0.644258 0.020483 0.056022
9 0.177521 0.658263 0.046218 0.046685
4 0.512342 0.585434 0.088761 0.095238
9 0.336397 0.252568 0.026786 0.034547
9 0.388655 0.186741 0.021008 0.026144
9 0.386817 0.165266 0.024685 0.028011
1 0.695641 0.961251 0.014181 0.045752
9 0.694065 0.975724 0.015231 0.046685
0 0.119485 0.332866 0.013130 0.045752
0 0.496061 0.129785 0.009979 0.041083
0 0.513655 0.256769 0.013655 0.046685
0 0.459296 0.071429 0.007878 0.038282
0 0.616859 0.188142 0.007878 0.028945
0 0.612920 0.181606 0.007353 0.028945
1 0.367910 0.640056 0.020483 0.055089
9 0.665704 0.639122 0.041492 0.045752
0 0.400998 0.265640 0.012080 0.049486
0 0.397321 0.284314 0.011029 0.045752
9 0.251313 0.316993 0.027836 0.030812
9 0.086922 0.343137 0.017332 0.042017
6 0.663340 0.200280 0.036765 0.049486
1 0.085872 0.357610 0.015231 0.044818
1 0.486082 0.276844 0.015231 0.027077
9 0.974265 0.626050 0.040966 0.040149
1 0.978729 0.608310 0.020483 0.055089
0 0.684086 0.736228 0.017332 0.055089
1 0.625000 0.350140 0.010504 0.039216