3 0.510242 0.040616 0.045693 0.079365
3 0.563550 0.590103 0.141807 0.224090
6 0.932248 0.915033 0.106092 0.166200
0 0.899160 0.924837 0.049370 0.131653
0 0.902048 0.707750 0.035189 0.117647
6 0.183824 0.671335 0.163866 0.209150
5 0.943277 0.607376 0.111345 0.226891
5 0.804622 0.248366 0.182773 0.140056
6 0.108718 0.614379 0.156513 0.186741
4 0.222164 0.416900 0.137605 0.180205
0 0.367384 0.243697 0.020483 0.089636
0 0.342174 0.242764 0.024685 0.085901
0 0.392595 0.229225 0.017332 0.075630
0 0.384979 0.209150 0.024160 0.076564
3 0.298319 0.190943 0.119748 0.099907
0 0.368697 0.207750 0.025210 0.090570
0 0.428309 0.169468 0.023634 0.084967
0 0.424370 0.152194 0.021008 0.087768
5 0.773897 0.137255 0.146534 0.110177
5 0.939338 0.142390 0.119223 0.129785
0 0.045168 0.218954 0.030462 0.090570