3 0.513393 0.812831 0.020833 0.033069
3 0.292039 0.858466 0.026042 0.044974
3 0.427827 0.658730 0.010417 0.021164
3 0.387649 0.748016 0.014881 0.027778
3 0.367932 0.745370 0.017113 0.025132
3 0.473214 0.714947 0.011905 0.025132
3 0.555804 0.803571 0.016369 0.030423
3 0.549107 0.775132 0.016369 0.026455
3 0.536830 0.749339 0.015625 0.022487
3 0.526414 0.728836 0.014137 0.023810
3 0.511905 0.697751 0.013393 0.017196
3 0.526786 0.687831 0.013393 0.021164
8 0.445685 0.621032 0.011905 0.030423
6 0.388393 0.837963 0.010417 0.025132
1 0.387649 0.830688 0.005952 0.018519
5 0.687500 0.880291 0.029762 0.062169
0 0.508929 0.644180 0.005952 0.018519
3 0.494048 0.884921 0.019345 0.042328
3 0.500000 0.679233 0.011905 0.019841
3 0.492188 0.728836 0.014137 0.023810
3 0.495536 0.701720 0.011905 0.019841
3 0.476190 0.650794 0.008929 0.015873
3 0.488095 0.664683 0.013393 0.025132
3 0.490699 0.646164 0.009673 0.017196