1 0.413235 0.291503 0.007353 0.023529
5 0.972794 0.852288 0.051471 0.083660
9 0.538971 0.234641 0.007353 0.022222
0 0.923897 0.583660 0.008088 0.024837
3 0.518382 0.097386 0.010294 0.016993
3 0.537868 0.099346 0.008088 0.018301
0 0.360662 0.303922 0.009559 0.032680
0 0.239706 0.251634 0.010294 0.032680
2 0.636029 0.371895 0.007353 0.016993
4 0.528309 0.106536 0.011029 0.022222
1 0.595588 0.350327 0.010294 0.018301
3 0.607353 0.162745 0.027941 0.024837
3 0.594485 0.137908 0.028676 0.024837
1 0.539706 0.236601 0.010294 0.023529
7 0.287132 0.301961 0.031618 0.031373
3 0.642279 0.814379 0.059559 0.120261
6 0.308088 0.278431 0.047059 0.033987
6 0.404044 0.235948 0.019853 0.027451
0 0.494853 0.289542 0.008824 0.027451
3 0.344853 0.311765 0.027941 0.037908
3 0.693382 0.330065 0.044118 0.032680
3 0.681985 0.304575 0.040441 0.031373
7 0.376838 0.306536 0.018382 0.035294
5 0.670221 0.282353 0.040441 0.028758
0 0.707721 0.494118 0.009559 0.041830
3 0.601471 0.230065 0.016176 0.026144
3 0.643015 0.247712 0.025735 0.024837
4 0.375000 0.244444 0.029412 0.033987
3 0.420221 0.212418 0.021324 0.027451
7 0.400368 0.265359 0.021324 0.036601
0 0.321691 0.382353 0.009559 0.037908
3 0.362132 0.222222 0.034559 0.028758
0 0.614338 0.242484 0.008088 0.024837
3 0.374265 0.196078 0.027941 0.020915
7 0.320588 0.270588 0.022059 0.044444
7 0.334559 0.270588 0.038235 0.041830
7 0.335662 0.319608 0.031618 0.037908
3 0.612868 0.214379 0.034559 0.033987
7 0.302574 0.271895 0.019853 0.041830
6 0.396324 0.248366 0.020588 0.028758
0 0.370956 0.305229 0.011029 0.032680
1 0.596691 0.340523 0.009559 0.024837
1 0.637868 0.362092 0.009559 0.026144
0 0.620588 0.272549 0.007353 0.030065
0 0.514338 0.343791 0.008088 0.031373
4 0.400000 0.738562 0.042647 0.130719
3 0.369485 0.601307 0.040441 0.083660
3 0.079044 0.756209 0.062500 0.108497
3 0.133456 0.486275 0.046324 0.065359
3 0.155515 0.520261 0.036029 0.054902
3 0.911029 0.635294 0.095588 0.078431
3 0.938971 0.605229 0.079412 0.057516
3 0.786765 0.571242 0.047059 0.062745
1 0.525368 0.576471 0.015441 0.033987
0 0.124632 0.950327 0.018382 0.065359
6 0.145956 0.924837 0.027206 0.077124
0 0.220956 0.346405 0.011029 0.033987
0 0.229779 0.348366 0.008088 0.032680
0 0.682721 0.438562 0.008088 0.030065
6 0.245221 0.273203 0.036029 0.036601
6 0.258088 0.305229 0.029412 0.030065