3 0.801525 0.688492 0.043527 0.029101
0 0.558036 0.839947 0.008929 0.044974
3 0.516369 0.849868 0.031250 0.059524
3 0.527158 0.966270 0.040179 0.062169
0 0.037574 0.944114 0.013393 0.052249
1 0.126488 0.855489 0.011905 0.044312
2 0.127418 0.867725 0.012277 0.031746
1 0.147693 0.953042 0.012649 0.035714
9 0.146019 0.968254 0.016741 0.034392
0 0.155134 0.950066 0.008929 0.048280
3 0.795573 0.671296 0.049479 0.038360
3 0.101562 0.697421 0.054315 0.033730
3 0.094122 0.682540 0.050595 0.027778
0 0.224702 0.783399 0.008185 0.033730
1 0.648624 0.741733 0.008557 0.032407
2 0.648438 0.755622 0.020089 0.019180
1 0.208705 0.793651 0.009673 0.031746
2 0.211310 0.811177 0.018601 0.023148
1 0.166295 0.775132 0.008185 0.026455
2 0.167783 0.789352 0.022321 0.019180
1 0.649368 0.735780 0.008557 0.024471
9 0.650112 0.750992 0.020461 0.017857
0 0.584263 0.831019 0.008557 0.039021
3 0.171689 0.692460 0.049479 0.031746
3 0.170573 0.676918 0.048735 0.024471
3 0.766927 0.659722 0.046503 0.032407
3 0.854725 0.648810 0.044271 0.033069
3 0.933594 0.628307 0.039807 0.034392
3 0.029018 0.599537 0.022321 0.028439
1 0.641927 0.918651 0.007812 0.038360
3 0.644531 0.940146 0.015253 0.033730
3 0.607515 0.567791 0.031994 0.019180
0 0.351749 0.574405 0.004092 0.021825
1 0.291109 0.651786 0.007068 0.028439
2 0.291481 0.659722 0.010045 0.012566
0 0.578125 0.896825 0.008929 0.048942
0 0.569196 0.862103 0.007440 0.041667
0 0.783296 0.913690 0.009301 0.050926
0 0.604539 0.845569 0.006696 0.040344
0 0.593936 0.836640 0.006324 0.042328
0 0.607515 0.820106 0.007440 0.035714
0 0.770833 0.624669 0.005952 0.024471
1 0.798363 0.699405 0.007440 0.019180
9 0.798177 0.711971 0.010789 0.019180
0 0.615327 0.839616 0.012649 0.041667
0 0.664062 0.829696 0.008185 0.041667
0 0.634115 0.864749 0.009301 0.042989
1 0.228237 0.814153 0.009301 0.041005
2 0.227493 0.825066 0.018973 0.021825
0 0.705915 0.843585 0.009301 0.046958
1 0.817150 0.718915 0.007068 0.026455
3 0.772507 0.642526 0.042039 0.029762
8 0.509301 0.680886 0.126488 0.082672
1 0.612537 0.730489 0.008557 0.031085
2 0.614397 0.739087 0.018973 0.020503
3 0.030320 0.668981 0.047247 0.028439
3 0.157552 0.629299 0.038318 0.028439
3 0.237165 0.624339 0.039062 0.027778
3 0.308966 0.628307 0.032366 0.023810
3 0.775112 0.588955 0.028646 0.017857
3 0.332031 0.633598 0.036830 0.023810
3 0.221540 0.649471 0.042039 0.027778
3 0.425409 0.623016 0.041295 0.025132
3 0.657552 0.666336 0.042783 0.031085
3 0.634673 0.649802 0.040179 0.028439
3 0.438802 0.687500 0.049479 0.035053
3 0.329613 0.728505 0.058036 0.039021
3 0.290179 0.710317 0.059524 0.041005
3 0.229725 0.701389 0.050967 0.035053
3 0.172805 0.749669 0.062872 0.049603
1 0.086310 0.780093 0.011905 0.036376
2 0.088728 0.788690 0.027158 0.028439
1 0.211496 0.796958 0.011533 0.038360
2 0.213914 0.805556 0.027530 0.031746
3 0.455171 0.629960 0.040551 0.027116
3 0.530506 0.616402 0.036458 0.019841
3 0.820871 0.589616 0.029390 0.020503
3 0.571987 0.605159 0.035342 0.019841
3 0.596726 0.619378 0.040923 0.023148
3 0.643415 0.607474 0.038318 0.021825
8 0.452939 0.595899 0.071057 0.046296
3 0.684710 0.602183 0.034598 0.021825
4 0.698661 0.613095 0.037202 0.029101
3 0.805804 0.611111 0.036458 0.021164
4 0.041109 0.734127 0.081473 0.060847
3 0.848586 0.591270 0.033482 0.025132
0 0.958147 0.889220 0.010045 0.044312
0 0.966704 0.887235 0.010045 0.052249
1 0.838542 0.718254 0.006696 0.031746
2 0.839100 0.722884 0.018229 0.018519
1 0.577753 0.955026 0.011161 0.044974
2 0.577009 0.959987 0.007440 0.057540
2 0.689918 0.745701 0.021205 0.023148
1 0.689918 0.737103 0.010789 0.032407
0 0.585193 0.834987 0.010417 0.040344
0 0.726004 0.912368 0.010045 0.041667
0 0.793713 0.909061 0.011533 0.054894
0 0.674293 0.848214 0.013021 0.040344
2 0.145275 0.799272 0.022693 0.023148
0 0.144159 0.785384 0.011533 0.033730
3 0.531994 0.776124 0.037946 0.049603
4 0.720610 0.700397 0.040179 0.050265
0 0.662946 0.911376 0.011905 0.054233
3 0.724144 0.972222 0.080729 0.050265
3 0.709077 0.938823 0.079613 0.049603
3 0.947917 0.971892 0.098214 0.052249
3 0.922433 0.939484 0.088170 0.054894
0 0.785714 0.857804 0.006696 0.054233
0 0.942708 0.885913 0.006696 0.045635
0 0.924665 0.887897 0.008557 0.041667
0 0.922991 0.881944 0.007440 0.046958
4 0.662760 0.808532 0.060640 0.056217
3 0.715588 0.783730 0.047247 0.048942
3 0.742560 0.777778 0.050595 0.054233
3 0.778274 0.765542 0.045387 0.052249
3 0.806176 0.762566 0.041667 0.058201
3 0.832031 0.756944 0.044271 0.053571
3 0.863281 0.755622 0.052455 0.057540
4 0.886719 0.751984 0.050967 0.062169
0 0.891927 0.805556 0.008557 0.039683
0 0.900112 0.802579 0.008557 0.041667
0 0.930432 0.809854 0.009673 0.045635
3 0.866815 0.689484 0.032738 0.040344
3 0.753348 0.735780 0.051339 0.036376
3 0.688616 0.586310 0.029762 0.020503
3 0.735677 0.589616 0.031622 0.021825
3 0.840588 0.620701 0.028646 0.017857
0 0.921503 0.764220 0.006696 0.033730
0 0.929501 0.763889 0.007812 0.035714
0 0.904762 0.724868 0.008185 0.030423
0 0.917225 0.727513 0.007812 0.042328
0 0.896577 0.705688 0.005952 0.025132