5 0.610819 0.528478 0.017857 0.039216
3 0.553834 0.624650 0.047794 0.106443
3 0.769170 0.477124 0.047794 0.042951
3 0.435137 0.694211 0.017332 0.043884
3 0.917542 0.516807 0.024160 0.028945
3 0.850840 0.449113 0.029412 0.024276
3 0.615546 0.278245 0.013655 0.024276
4 0.546218 0.369748 0.010504 0.016807
3 0.453256 0.351541 0.009454 0.019608
3 0.464548 0.304388 0.009979 0.016807
5 0.439076 0.216620 0.013655 0.028011
3 0.476628 0.302521 0.009979 0.014939
3 0.446954 0.289916 0.009454 0.019608
3 0.496324 0.201214 0.009454 0.014006
3 0.451943 0.264239 0.009979 0.016807
5 0.507616 0.375817 0.011029 0.027077
3 0.459821 0.247899 0.008929 0.015873
3 0.466387 0.283847 0.009454 0.016807
4 0.480830 0.204949 0.008929 0.017740
5 0.544905 0.247899 0.013130 0.030812