3 0.674816 0.515359 0.087132 0.071242
3 0.532904 0.814052 0.072426 0.174510
3 0.869301 0.490523 0.101103 0.086928
9 0.533272 0.300980 0.011397 0.026797
1 0.532537 0.284314 0.009926 0.035294
4 0.362684 0.617320 0.096691 0.086928
3 0.528125 0.606863 0.095221 0.079085
3 0.035110 0.644118 0.070221 0.088235
0 0.278860 0.465033 0.020221 0.049020
1 0.434007 0.412418 0.012132 0.049673
2 0.434191 0.425817 0.010294 0.037255
0 0.443934 0.404902 0.010662 0.051634
0 0.456985 0.401634 0.010294 0.046405
6 0.372794 0.411111 0.050735 0.052288
1 0.376471 0.388562 0.009559 0.033333
1 0.259926 0.226471 0.012500 0.029412
0 0.570588 0.338562 0.012500 0.049673
0 0.278309 0.169608 0.010294 0.039869
0 0.288051 0.167647 0.008456 0.047712
3 0.030331 0.383007 0.047426 0.101961
5 0.143015 0.394771 0.066912 0.128105
3 0.231618 0.353922 0.041912 0.084314
3 0.307353 0.047386 0.042647 0.039869
3 0.471324 0.053595 0.027941 0.043137
1 0.935662 0.291830 0.013235 0.032026
0 0.741176 0.445425 0.012500 0.045098
1 0.651471 0.118301 0.012500 0.022222
1 0.468934 0.075490 0.008456 0.035948
0 0.527390 0.243791 0.008456 0.043137
0 0.533640 0.241830 0.007721 0.039216
0 0.536397 0.222222 0.009559 0.043137
9 0.134743 0.957843 0.026838 0.084314