2 0.086922 0.281046 0.011029 0.033613
2 0.098477 0.288049 0.011029 0.038282
2 0.112658 0.283380 0.012080 0.038282
3 0.141282 0.268441 0.043067 0.073763
3 0.190389 0.225490 0.046744 0.062558
0 0.217700 0.438375 0.012080 0.047619
3 0.676996 0.314192 0.067227 0.060691
0 0.582195 0.125584 0.006828 0.032680
0 0.588235 0.125584 0.007353 0.032680
3 0.044905 0.353408 0.079307 0.056956
0 0.501576 0.176471 0.008403 0.041083
0 0.614496 0.186741 0.014706 0.033613
6 0.449842 0.092437 0.020483 0.061625
0 0.676471 0.789916 0.014706 0.046685
0 0.669118 0.771242 0.015756 0.042951
0 0.663078 0.575163 0.011029 0.041083
0 0.679884 0.579832 0.011029 0.044818
0 0.653624 0.567694 0.011029 0.039216
6 0.558036 0.833333 0.021534 0.084967
0 0.492384 0.180205 0.008929 0.037348
0 0.664653 0.801120 0.014181 0.054155
3 0.572742 0.289916 0.064601 0.060691
0 0.842174 0.455182 0.014181 0.040149
2 0.603466 0.347339 0.022059 0.033613
3 0.089286 0.437442 0.090336 0.077498
3 0.254202 0.551354 0.076681 0.099907
3 0.384454 0.873483 0.055672 0.139122
3 0.415966 0.248833 0.034664 0.092437
2 0.712973 0.981326 0.036239 0.026144
2 0.693803 0.894024 0.031513 0.040149
2 0.306460 0.793184 0.018382 0.051354
6 0.213235 0.944444 0.037815 0.094304
3 0.341649 0.444444 0.037290 0.110177
3 0.353204 0.316060 0.033088 0.090570
3 0.621586 0.391690 0.075105 0.058824
2 0.474527 0.035014 0.009979 0.040149
3 0.383929 0.057890 0.028361 0.078431
0 0.818540 0.452381 0.012080 0.043884
0 0.242122 0.121849 0.009454 0.042017
2 0.489233 0.048086 0.007878 0.038282
2 0.480305 0.156396 0.011029 0.043884
2 0.538340 0.359477 0.014706 0.044818
0 0.608718 0.435107 0.010504 0.044818
0 0.556985 0.368814 0.008929 0.041083
0 0.597952 0.681606 0.011029 0.044818
2 0.483718 0.076564 0.011555 0.037348
0 0.691439 0.702148 0.011029 0.041083
2 0.480305 0.207283 0.015231 0.041083
2 0.676996 0.493464 0.026261 0.045752
2 0.501838 0.407096 0.019433 0.041083
2 0.493172 0.370682 0.017857 0.044818
2 0.561712 0.324930 0.023634 0.033613
0 0.346901 0.225957 0.008929 0.044818
0 0.769695 0.971055 0.009979 0.042951
0 0.745273 0.978525 0.015756 0.041083
0 0.754202 0.965453 0.010504 0.052288
2 0.880777 0.968721 0.032563 0.028945
2 0.889968 0.966853 0.024685 0.028945
2 0.897847 0.948179 0.039391 0.043884
0 0.878151 0.862278 0.024160 0.043884
2 0.858193 0.906162 0.016807 0.075630
0 0.815389 0.845938 0.016282 0.046685
0 0.807773 0.833800 0.015756 0.044818
2 0.907038 0.732026 0.024160 0.057890
2 0.929359 0.732026 0.024685 0.057890
2 0.945378 0.731559 0.024160 0.045752
0 0.592174 0.120915 0.012080 0.038282
0 0.597689 0.108777 0.008403 0.027077
0 0.591387 0.094304 0.006303 0.026144
0 0.624737 0.151261 0.012080 0.037348
0 0.240809 0.041550 0.017332 0.049486