3 0.300945 0.961251 0.155462 0.066293
3 0.186187 0.641457 0.104517 0.102708
3 0.071954 0.630252 0.099790 0.089636
3 0.492647 0.540616 0.039916 0.087768
3 0.496586 0.478992 0.040441 0.076564
3 0.510242 0.437908 0.032038 0.056022
3 0.514968 0.401961 0.026786 0.047619
3 0.521534 0.370682 0.027311 0.046685
3 0.737132 0.628852 0.108718 0.088702
3 0.730830 0.563025 0.097164 0.084034
6 0.344800 0.646125 0.075105 0.065359
3 0.324317 0.572362 0.079307 0.085901
3 0.348214 0.541550 0.080882 0.067227
3 0.348739 0.516807 0.091387 0.060691
3 0.342962 0.488329 0.065126 0.042951
3 0.364758 0.473856 0.081408 0.055089
5 0.382353 0.440710 0.074580 0.052288
3 0.417542 0.433707 0.061975 0.043884
3 0.434874 0.401494 0.061975 0.031746
3 0.455095 0.338936 0.051996 0.028011
3 0.461397 0.324463 0.049895 0.032680
0 0.500000 0.332866 0.007353 0.027077
0 0.503939 0.344071 0.008929 0.027077
0 0.504989 0.312325 0.008929 0.025210
0 0.512868 0.314659 0.008929 0.031746
3 0.725840 0.456116 0.061975 0.066293
3 0.719800 0.439776 0.059349 0.059757
3 0.716649 0.414566 0.049895 0.048553
3 0.122899 0.879552 0.156513 0.121382
3 0.646796 0.975257 0.145483 0.042017
3 0.442752 0.574230 0.046218 0.087768
3 0.589023 0.380019 0.023634 0.046685
1 0.698792 0.517740 0.011029 0.047619
0 0.673582 0.554622 0.014181 0.065359
0 0.675158 0.514472 0.015231 0.052288
3 0.445641 0.374883 0.049895 0.032680
1 0.325893 0.659664 0.014181 0.066293
0 0.625000 0.681139 0.014706 0.049486
0 0.641282 0.676471 0.014706 0.066293
0 0.636817 0.655929 0.012080 0.045752
0 0.575105 0.378618 0.007353 0.045752
6 0.614758 0.644258 0.025735 0.070962