3 0.537500 0.430093 0.023958 0.021296
0 0.523698 0.492593 0.005729 0.024074
3 0.699219 0.987963 0.051562 0.020370
3 0.449740 0.415278 0.011979 0.023148
0 0.365104 0.522222 0.007292 0.024074
0 0.371875 0.523148 0.007292 0.027778
3 0.546875 0.837963 0.028125 0.072222
8 0.502083 0.473611 0.020833 0.050926
3 0.257292 0.872685 0.045833 0.100926
6 0.285417 0.821296 0.037500 0.040741
3 0.307031 0.778241 0.035937 0.063889
3 0.325260 0.717130 0.045312 0.052778
3 0.336719 0.666667 0.033854 0.051852
3 0.361979 0.614352 0.021875 0.039815
6 0.361458 0.584722 0.011458 0.021296
3 0.379427 0.572222 0.017188 0.033333
3 0.346094 0.931019 0.032813 0.078704
9 0.292969 0.931019 0.019271 0.047222
0 0.298958 0.918519 0.011458 0.044444
3 0.358333 0.739815 0.030208 0.061111
9 0.567448 0.971759 0.011979 0.045370
3 0.543229 0.762500 0.026042 0.056481
3 0.505208 0.743056 0.023958 0.056481
4 0.536198 0.693981 0.024479 0.054630
3 0.505469 0.671296 0.021354 0.040741
3 0.461198 0.611574 0.018229 0.034259
0 0.529167 0.664352 0.005208 0.025000
1 0.400521 0.618519 0.006250 0.029630
2 0.400521 0.625926 0.006250 0.020370
3 0.630990 0.725000 0.047396 0.050000
3 0.635156 0.680093 0.029687 0.050926
3 0.042708 0.972222 0.060417 0.050000
3 0.081250 0.973611 0.048958 0.047222
3 0.127604 0.973148 0.047917 0.048148
0 0.025781 0.931481 0.013021 0.042593
0 0.014583 0.937963 0.010417 0.038889
2 0.752344 0.866667 0.014063 0.035185
2 0.737240 0.840741 0.020313 0.029630
3 0.432292 0.942130 0.034375 0.091667
3 0.648698 0.613426 0.042188 0.037963
1 0.426563 0.585185 0.005208 0.018519
1 0.431771 0.584722 0.006250 0.017593
6 0.429427 0.589352 0.009896 0.028704
3 0.394010 0.500463 0.015104 0.030556
7 0.422396 0.505556 0.010417 0.022222
3 0.446354 0.517593 0.014583 0.029630
3 0.639583 0.575000 0.032292 0.035185
2 0.651563 0.587500 0.006250 0.019444
3 0.431510 0.471296 0.016146 0.027778
3 0.127083 0.612963 0.038542 0.038889
3 0.144271 0.593056 0.036458 0.034259
6 0.183073 0.593056 0.029687 0.036111
3 0.223438 0.556481 0.038542 0.037037
3 0.274219 0.456481 0.029687 0.020370
3 0.255469 0.471296 0.029687 0.016667
3 0.250781 0.481481 0.031771 0.024074
3 0.267708 0.491204 0.033333 0.026852
4 0.260677 0.501389 0.027604 0.025000
6 0.260677 0.511111 0.020313 0.018519
1 0.255729 0.510648 0.006250 0.017593
6 0.239583 0.522222 0.022917 0.022222
3 0.567187 0.596759 0.036458 0.034259
3 0.559635 0.559722 0.033854 0.030556
4 0.551042 0.535648 0.034375 0.028704
3 0.558073 0.508796 0.028646 0.025000
3 0.554948 0.493519 0.025521 0.020370
4 0.554167 0.478241 0.023958 0.021296
5 0.618490 0.491667 0.020313 0.040741
5 0.542188 0.475000 0.028125 0.022222
5 0.540365 0.463426 0.026562 0.019444
3 0.592448 0.450463 0.013021 0.025000
3 0.543229 0.454630 0.016667 0.014815
5 0.540104 0.444444 0.029167 0.020370
5 0.550000 0.437037 0.030208 0.022222
3 0.458333 0.451389 0.010417 0.021296
3 0.551302 0.523611 0.028646 0.017593
3 0.515885 0.457407 0.011979 0.022222
4 0.291146 0.437963 0.021875 0.025926
3 0.320573 0.449537 0.013021 0.019444
0 0.546094 0.605556 0.005729 0.020370
0 0.248177 0.585648 0.006771 0.028704
0 0.505990 0.535185 0.006771 0.025926
0 0.581510 0.511111 0.005729 0.022222
5 0.357031 0.442130 0.032813 0.034259
8 0.375260 0.458796 0.022396 0.060185
3 0.498698 0.400000 0.011979 0.018519
3 0.476302 0.480093 0.014063 0.028704
3 0.467708 0.364352 0.010417 0.017593