0 0.085938 0.487434 0.034970 0.120370
0 0.053943 0.560185 0.037946 0.120370
0 0.009301 0.550265 0.018601 0.140212
0 0.015997 0.487434 0.031994 0.170635
0 0.732515 0.192460 0.018601 0.078042
0 0.667411 0.192460 0.016369 0.064815
0 0.893601 0.247354 0.025298 0.084656
0 0.984375 0.244709 0.019345 0.089947
0 0.305804 0.130952 0.016369 0.055556
0 0.285714 0.119709 0.013393 0.051587
0 0.293899 0.154762 0.011905 0.034392
0 0.086682 0.085979 0.011161 0.047619
0 0.159226 0.095899 0.016369 0.048942
0 0.213914 0.074735 0.015625 0.043651
0 0.973214 0.293651 0.032738 0.124339
0 0.840774 0.222884 0.023810 0.064815
1 0.542783 0.016534 0.014137 0.033069
2 0.542039 0.027116 0.027530 0.025132
0 0.532738 0.338624 0.022321 0.126984
0 0.822917 0.230820 0.020833 0.048942
0 0.625372 0.160053 0.017113 0.066138
0 0.551339 0.422619 0.028274 0.157407
0 0.458705 0.389550 0.026042 0.123016
0 0.406994 0.354497 0.029762 0.126984
0 0.263765 0.408730 0.030506 0.142857
0 0.368304 0.365741 0.025298 0.128307
0 0.456101 0.332011 0.022321 0.121693
0 0.438616 0.309524 0.029018 0.108466
0 0.464658 0.468254 0.033482 0.156085
0 0.427083 0.339947 0.029762 0.126984
0 0.242560 0.303571 0.023810 0.115079
0 0.450149 0.252646 0.019345 0.103175
0 0.498512 0.261905 0.014881 0.100529
0 0.521949 0.185847 0.020089 0.080688
0 0.931548 0.220899 0.028274 0.092593
0 0.478795 0.246032 0.020089 0.103175
1 0.738467 0.232143 0.023065 0.078042
0 0.754092 0.229497 0.020089 0.070106
0 0.287946 0.156746 0.011905 0.030423
1 0.858259 0.678571 0.057292 0.208995
1 0.518229 0.292989 0.023065 0.067460
0 0.504464 0.265212 0.022321 0.083333
0 0.461682 0.142857 0.012649 0.066138
0 0.176711 0.287037 0.014137 0.055556
1 0.105655 0.289683 0.034226 0.050265
2 0.421131 0.300265 0.034226 0.066138
0 0.581845 0.122354 0.016369 0.072751
1 0.131324 0.115079 0.011161 0.026455
0 0.162946 0.132937 0.016369 0.043651
0 0.384301 0.106481 0.014137 0.051587
0 0.357887 0.087302 0.010417 0.050265
1 0.107887 0.111772 0.013393 0.030423
1 0.092634 0.115741 0.015625 0.030423
0 0.205729 0.122354 0.012649 0.043651
0 0.623512 0.208995 0.014881 0.087302
0 0.921875 0.294312 0.032738 0.130952
0 0.890253 0.330026 0.043899 0.130952
0 0.787202 0.193122 0.022321 0.068783
0 0.550967 0.090608 0.014137 0.038360
0 0.518973 0.074735 0.011161 0.033069
0 0.912946 0.242725 0.029762 0.112434
1 0.873884 0.165344 0.012649 0.031746
1 0.860119 0.168651 0.017857 0.033069