3 0.808561 0.435107 0.051996 0.037348
3 0.583508 0.421102 0.050420 0.041083
3 0.419643 0.406162 0.044118 0.041083
3 0.532300 0.401961 0.023634 0.042017
5 0.654937 0.523810 0.034664 0.070962
5 0.537027 0.279645 0.013130 0.021475
5 0.600578 0.285247 0.016282 0.040149
3 0.483981 0.307656 0.011029 0.021475
5 0.597952 0.265640 0.028887 0.038282
3 0.457721 0.266573 0.012080 0.014006
3 0.452994 0.259570 0.011029 0.014939
3 0.397321 0.276844 0.018382 0.023343
3 0.364233 0.276844 0.021534 0.023343
5 0.474527 0.240430 0.017332 0.027077
5 0.536502 0.338469 0.009979 0.021475
8 0.502101 0.416433 0.031513 0.067227
3 0.797006 0.308123 0.021534 0.028011
3 0.751838 0.306256 0.021534 0.024276
3 0.600053 0.254435 0.015231 0.032680
1 0.534664 0.342670 0.011555 0.016807
3 0.520483 0.258637 0.009454 0.016807
3 0.211397 0.274977 0.018382 0.021475
3 0.292805 0.276844 0.024685 0.027077