3 0.499628 0.509921 0.033482 0.062169
3 0.502232 0.236111 0.031250 0.027778
3 0.521205 0.406085 0.023065 0.044974
3 0.548363 0.492063 0.025298 0.052910
3 0.206101 0.813492 0.069940 0.140212
3 0.287574 0.623677 0.048363 0.099206
3 0.752232 0.621032 0.044643 0.091270
3 0.320685 0.539021 0.040179 0.072751
3 0.399926 0.538360 0.037946 0.076720
3 0.433408 0.386243 0.024554 0.050265
3 0.353795 0.467593 0.036458 0.062169
3 0.679315 0.457011 0.059524 0.043651
3 0.697545 0.411376 0.048363 0.042328
3 0.265253 0.475529 0.055804 0.054233
3 0.466890 0.329365 0.021577 0.042328
3 0.425223 0.292328 0.023065 0.037037
3 0.590774 0.275794 0.016369 0.030423
5 0.471354 0.210979 0.020089 0.048942
3 0.578497 0.259921 0.026042 0.030423
0 0.081845 0.840608 0.017857 0.064815
0 0.067708 0.816799 0.014881 0.059524
0 0.114955 0.796296 0.018601 0.052910
3 0.122396 0.654101 0.051339 0.070106
0 0.307292 0.507937 0.014881 0.042328
3 0.540551 0.250661 0.014137 0.030423
3 0.530878 0.647487 0.033482 0.099206
3 0.247024 0.711640 0.061012 0.111111