3 0.754464 0.410831 0.026786 0.033613
3 0.682511 0.563492 0.045693 0.053221
5 0.787815 0.454715 0.048319 0.102708
3 0.733456 0.479458 0.033088 0.042017
3 0.759716 0.454248 0.024685 0.038282
4 0.787815 0.425770 0.024160 0.037348
3 0.791229 0.406629 0.021534 0.027077
3 0.816439 0.393557 0.021534 0.027077
5 0.820641 0.377684 0.024685 0.038282
3 0.834034 0.362745 0.014706 0.025210
3 0.845326 0.352474 0.015231 0.021475
3 0.789916 0.380019 0.021008 0.028011
5 0.467174 0.529412 0.077206 0.108310
5 0.668067 0.629785 0.084034 0.127918
3 0.583246 0.517740 0.045693 0.055089
6 0.747899 0.398693 0.011555 0.022409
3 0.641019 0.534547 0.045693 0.053221
4 0.211134 0.894958 0.130252 0.157796
3 0.578256 0.476190 0.037815 0.048553
3 0.694065 0.401961 0.026786 0.032680
3 0.735557 0.374416 0.020483 0.026144
3 0.767332 0.367414 0.019958 0.021475
0 0.163340 0.628852 0.022059 0.066293