3 0.499212 0.533147 0.042542 0.100840
3 0.580882 0.555556 0.048319 0.108310
3 0.059349 0.728758 0.118697 0.101774
4 0.072479 0.619048 0.106092 0.128852
3 0.337447 0.359010 0.046744 0.079365
3 0.424107 0.378151 0.034139 0.080299
3 0.415704 0.246965 0.028887 0.060691
3 0.735819 0.232026 0.061975 0.053221
3 0.489496 0.335201 0.035714 0.069094
3 0.487658 0.197012 0.025735 0.048553
7 0.456933 0.155462 0.018908 0.045752
3 0.492122 0.043884 0.017857 0.035481
3 0.427784 0.145658 0.025735 0.044818
3 0.437763 0.112045 0.019433 0.041083
3 0.444328 0.073296 0.017857 0.036415
3 0.968750 0.180672 0.060399 0.051354
3 0.586134 0.188609 0.054622 0.041083
3 0.217174 0.200280 0.057248 0.049486
3 0.449580 0.055556 0.016807 0.028945
3 0.445641 0.041083 0.016282 0.031746
1 0.245273 0.807656 0.021008 0.065359
9 0.246061 0.845938 0.024685 0.080299
9 0.377101 0.299720 0.010504 0.031746
9 0.373424 0.494398 0.015756 0.056956
1 0.375000 0.282446 0.007353 0.027077
1 0.372899 0.471522 0.012605 0.039216
1 0.372374 0.311858 0.009454 0.029879
9 0.373687 0.324930 0.009979 0.031746
1 0.381040 0.351541 0.012080 0.030812
6 0.383929 0.366013 0.021008 0.056022
1 0.528887 0.126050 0.008403 0.028011
9 0.529149 0.134454 0.007878 0.026144
1 0.524422 0.167600 0.007878 0.030812
9 0.524685 0.173669 0.010504 0.031746
9 0.359506 0.283847 0.009979 0.028011
1 0.358718 0.263305 0.009454 0.024276
1 0.586922 0.376751 0.011029 0.042017
9 0.586922 0.392624 0.013130 0.036415
0 0.319065 0.331933 0.014181 0.049486
1 0.215074 0.254435 0.009979 0.028945
6 0.411765 0.126517 0.015756 0.027077
1 0.410189 0.117647 0.008403 0.024276
0 0.455095 0.117647 0.011029 0.039216
9 0.870798 0.171335 0.008403 0.027077
9 0.845851 0.162465 0.012080 0.029879
0 0.813025 0.141923 0.010504 0.029879
0 0.805672 0.153128 0.010504 0.029879
0 0.797006 0.147059 0.008929 0.032680
0 0.749212 0.164799 0.008929 0.032680
3 0.388655 0.051354 0.030462 0.029879
3 0.387342 0.034547 0.030987 0.031746
3 0.443803 0.025677 0.016807 0.027077
3 0.211397 0.310458 0.069853 0.062558
3 0.185137 0.251167 0.062500 0.048553
3 0.186450 0.221289 0.075630 0.056022
3 0.357668 0.133987 0.049370 0.036415
3 0.374737 0.095238 0.038340 0.035481
3 0.711397 0.203548 0.055147 0.041083
5 0.796218 0.200280 0.064076 0.055089
9 0.914391 0.198413 0.021008 0.023343
1 0.916492 0.190943 0.012605 0.030812
3 0.576418 0.120448 0.048845 0.042951
3 0.565651 0.109711 0.046218 0.036415
3 0.519958 0.810924 0.060924 0.170868
9 0.657826 0.782446 0.027836 0.078431
1 0.658351 0.763772 0.025735 0.080299
9 0.319590 0.472923 0.020483 0.045752
1 0.318803 0.456583 0.017857 0.048553
9 0.276786 0.260037 0.022059 0.023343
1 0.272584 0.247432 0.011555 0.031746
9 0.218750 0.264239 0.024685 0.024276
9 0.060662 0.564426 0.036239 0.049486
3 0.420431 0.021008 0.014181 0.034547
3 0.485557 0.100373 0.019433 0.040149