3 0.472978 0.236275 0.008456 0.009804
4 0.241544 0.961111 0.077941 0.076471
3 0.154779 0.965686 0.088971 0.067320
3 0.070037 0.963072 0.082721 0.071242
3 0.054779 0.886601 0.065441 0.128758
1 0.866728 0.866340 0.016544 0.049020
0 0.971875 0.769608 0.012132 0.059477
0 0.964890 0.664379 0.015809 0.055556
3 0.218566 0.813725 0.062132 0.108497
3 0.317096 0.731373 0.053309 0.105882
3 0.141912 0.716993 0.063971 0.091503
3 0.265074 0.700000 0.052941 0.098039
3 0.226838 0.667647 0.051471 0.075163
3 0.294485 0.622549 0.044853 0.067320
3 0.364154 0.555556 0.028309 0.056209
3 0.300184 0.515033 0.031985 0.048366
3 0.403676 0.384641 0.016176 0.035948
3 0.297610 0.453595 0.022426 0.041830
3 0.342096 0.428105 0.020956 0.037908
3 0.355147 0.393791 0.019853 0.029412
3 0.315074 0.420261 0.023529 0.036601
3 0.368566 0.365359 0.015809 0.023529
3 0.373897 0.350654 0.013235 0.022876
3 0.381434 0.337582 0.010662 0.020261
3 0.390809 0.319935 0.010294 0.018954
3 0.396324 0.298039 0.011765 0.016993
3 0.378493 0.492810 0.028309 0.050980
3 0.422794 0.299346 0.013971 0.019608
3 0.436029 0.275163 0.011765 0.020915
3 0.441360 0.246405 0.007721 0.011765
3 0.181985 0.562092 0.037500 0.049673
3 0.227390 0.572222 0.033456 0.051634
3 0.244118 0.475490 0.031618 0.049020
3 0.394669 0.274837 0.009191 0.012418
3 0.401287 0.261111 0.009191 0.016340
3 0.402022 0.252614 0.009926 0.011111
3 0.425184 0.246078 0.007721 0.012418
3 0.419853 0.226144 0.008088 0.015686
3 0.428125 0.237582 0.007721 0.012418
8 0.053125 0.759150 0.106250 0.254248
3 0.420404 0.755556 0.043750 0.084967
3 0.519485 0.794444 0.041912 0.092157
3 0.606434 0.901634 0.061397 0.118301
3 0.685846 0.927451 0.062868 0.092810
3 0.657353 0.817320 0.047794 0.093464
3 0.467463 0.588562 0.029779 0.059477
3 0.531066 0.555882 0.027574 0.049020
3 0.478676 0.494771 0.021324 0.037908
3 0.502757 0.421242 0.018750 0.035948
3 0.452390 0.348039 0.014338 0.026797
3 0.469118 0.324837 0.013235 0.024837
3 0.488051 0.306209 0.009926 0.018954
3 0.585294 0.554248 0.026471 0.047059
3 0.570588 0.495752 0.022059 0.038562
3 0.563419 0.459150 0.020221 0.032026
3 0.534007 0.354902 0.015809 0.030065
1 0.551654 0.503595 0.004779 0.020261
2 0.550551 0.515359 0.009191 0.034641
3 0.480882 0.255882 0.011029 0.013725
1 0.002206 0.643791 0.004412 0.044444
0 0.048162 0.595752 0.009559 0.050327
0 0.068015 0.593464 0.007353 0.040523
0 0.086581 0.478431 0.009191 0.040523
1 0.179596 0.446078 0.004044 0.033333
1 0.201471 0.440196 0.008088 0.029412
0 0.234007 0.412092 0.004779 0.028105
0 0.247059 0.378758 0.005147 0.026797
0 0.767096 0.946078 0.018750 0.084314
0 0.802390 0.888562 0.017279 0.072549
0 0.988971 0.904575 0.012500 0.073203
0 0.777206 0.657843 0.011029 0.055556
0 0.786397 0.652288 0.011765 0.052288
0 0.841728 0.699020 0.012868 0.050327
0 0.865625 0.719608 0.012868 0.058824
0 0.950184 0.724837 0.011397 0.048366
0 0.863051 0.557190 0.008456 0.045098
0 0.895404 0.562092 0.008456 0.045752
0 0.906618 0.566993 0.008088 0.051634
0 0.946691 0.495752 0.004412 0.029412
0 0.860478 0.476797 0.009191 0.028105
0 0.838235 0.451307 0.005882 0.034641
0 0.882721 0.466993 0.008088 0.035948
0 0.909559 0.465033 0.004412 0.033333
0 0.940625 0.761111 0.015809 0.056863
0 0.897059 0.686928 0.010294 0.043137
0 0.913971 0.693137 0.006618 0.042484
0 0.855331 0.522876 0.004779 0.030065
0 0.872426 0.525163 0.005147 0.032026
0 0.880515 0.522222 0.010294 0.028758
0 0.845588 0.517320 0.004412 0.046405
0 0.766360 0.403922 0.007721 0.030065
0 0.774632 0.396078 0.009559 0.015686
0 0.794669 0.367974 0.004779 0.022222
0 0.802941 0.370261 0.006618 0.021569
0 0.853676 0.393137 0.004412 0.028105
1 0.769118 0.858170 0.011029 0.050980
1 0.859191 0.836601 0.011029 0.061438
1 0.878860 0.846078 0.015809 0.056863
0 0.938235 0.496732 0.007353 0.030065
0 0.925368 0.496078 0.007353 0.030065
0 0.933640 0.484314 0.004779 0.032680
0 0.928676 0.482026 0.005882 0.039869
3 0.921324 0.921569 0.121324 0.094118
9 0.767831 0.871569 0.018015 0.056863
1 0.805147 0.763725 0.011765 0.050327
9 0.803493 0.782353 0.031250 0.043137
0 0.976471 0.775817 0.016176 0.064052
0 0.970772 0.766993 0.015809 0.058170
0 0.926654 0.762418 0.014338 0.058170
0 0.923713 0.750000 0.014338 0.054248
0 0.913419 0.745425 0.015809 0.055556
0 0.922978 0.689869 0.011397 0.056863
0 0.895772 0.748039 0.012868 0.058170
0 0.904596 0.742810 0.011397 0.055556
1 0.859926 0.895752 0.018382 0.062092
0 0.841544 0.647059 0.013971 0.041830
9 0.845588 0.660458 0.029412 0.041176
0 0.834926 0.514052 0.008824 0.037255
0 0.813603 0.490196 0.011765 0.039216
1 0.768382 0.528431 0.013235 0.035948