5 0.056197 0.888889 0.112395 0.220355
5 0.263655 0.671802 0.058824 0.081232
3 0.726628 0.670868 0.032038 0.036415
5 0.740546 0.620448 0.074580 0.058824
3 0.395746 0.723623 0.024685 0.048553
3 0.400473 0.703548 0.027836 0.043884
5 0.340599 0.652194 0.051996 0.111111
5 0.372111 0.616713 0.041492 0.071895
3 0.472164 0.719421 0.025210 0.049486
5 0.410452 0.640056 0.021534 0.049486
3 0.469013 0.699813 0.022059 0.040149
3 0.675945 0.716620 0.035714 0.049486
3 0.641019 0.647059 0.023634 0.028011
3 0.743960 0.724090 0.047794 0.043884
3 0.932248 0.869748 0.084034 0.071895
3 0.799370 0.661998 0.028361 0.026144
3 0.816176 0.846405 0.074580 0.081232
3 0.599002 0.628385 0.027836 0.029879