1 0.003939 0.433707 0.007878 0.047619
2 0.010242 0.438375 0.011029 0.049486
0 0.104254 0.419701 0.011029 0.045752
0 0.387868 0.097572 0.006828 0.025210
3 0.468750 0.011671 0.014181 0.012138
3 0.467174 0.026144 0.015231 0.022409
3 0.464548 0.042484 0.014181 0.027077
3 0.462447 0.056489 0.016282 0.028945
3 0.459296 0.077965 0.016282 0.045752
3 0.468225 0.106909 0.019433 0.036415
3 0.547794 0.041550 0.019958 0.043884
3 0.562237 0.078898 0.033088 0.023343
3 0.577468 0.132120 0.034139 0.025210
0 0.602679 0.097572 0.007878 0.036415
9 0.619485 0.286181 0.017332 0.019608
9 0.726366 0.416900 0.009454 0.036415
2 0.754727 0.382353 0.010504 0.028945
0 0.931197 0.365079 0.012605 0.050420
9 0.675683 0.363679 0.032038 0.038282
1 0.702994 0.388889 0.009979 0.025210
3 0.033613 0.609244 0.067227 0.092437
3 0.458246 0.300187 0.033088 0.058824
3 0.462447 0.236695 0.023634 0.045752
1 0.689076 0.967787 0.028361 0.045752
9 0.253414 0.413165 0.027836 0.034547
1 0.851891 0.616713 0.017857 0.055089
1 0.423845 0.343604 0.010504 0.035481
2 0.849527 0.629785 0.046744 0.043884
9 0.423845 0.360411 0.012605 0.031746
0 0.548057 0.129318 0.006828 0.036415
9 0.364758 0.310458 0.022584 0.030812
0 0.538603 0.281513 0.009979 0.036415
2 0.021271 0.436508 0.018382 0.038282
3 0.174370 0.918768 0.111345 0.158730
3 0.497111 0.182540 0.019433 0.043884
3 0.946691 0.907563 0.104517 0.156863
3 0.590861 0.313259 0.028361 0.045752
3 0.445903 0.188609 0.023109 0.041083
3 0.028887 0.536415 0.057773 0.068161
3 0.652311 0.265640 0.050420 0.043884
3 0.584821 0.141457 0.040441 0.027077
4 0.454832 0.150794 0.021008 0.036415
6 0.691176 0.968721 0.033613 0.053221
9 0.688813 0.399627 0.008929 0.037348
2 0.761817 0.404762 0.015231 0.036415
9 0.792279 0.401494 0.008929 0.041083
9 0.813288 0.404295 0.012080 0.037348
9 0.867384 0.418301 0.008929 0.035481
9 0.902574 0.392624 0.015231 0.036415
2 0.914391 0.419234 0.011555 0.037348
9 0.964023 0.418768 0.023634 0.049486
1 0.489496 0.344071 0.012605 0.030812
6 0.488971 0.359944 0.017857 0.036415
1 0.418592 0.407563 0.012605 0.047619
9 0.418067 0.418768 0.023109 0.042017
1 0.152311 0.726424 0.021008 0.067227
9 0.156513 0.747432 0.039916 0.055089
9 0.345326 0.367414 0.026786 0.028945
9 0.395746 0.304855 0.023634 0.034547
9 0.400473 0.283380 0.024685 0.028945
0 0.129989 0.436508 0.013130 0.045752
0 0.545431 0.130252 0.006828 0.038282
0 0.045431 0.415033 0.011029 0.049486
0 0.021008 0.419701 0.009454 0.043884
9 0.263393 0.430906 0.027836 0.030812
9 0.096376 0.452381 0.013130 0.045752
3 0.544905 0.616713 0.097164 0.081232
3 0.640756 0.706816 0.095588 0.080299
9 0.185399 0.721289 0.048319 0.056956
1 0.181460 0.708683 0.023634 0.063492
3 0.460084 0.122316 0.018908 0.029879
1 0.424107 0.343137 0.012080 0.038282
1 0.489758 0.357143 0.012080 0.027077
3 0.450630 0.379085 0.033613 0.069094
2 0.521271 0.483193 0.033088 0.032680
1 0.524685 0.461251 0.017857 0.041083
2 0.517595 0.452381 0.027836 0.030812
1 0.518382 0.436041 0.017857 0.035481
2 0.523109 0.470121 0.027311 0.030812
1 0.525998 0.450514 0.017332 0.036415
3 0.684874 0.437442 0.080882 0.073763
3 0.702994 0.565826 0.101366 0.072829
3 0.601366 0.508403 0.082983 0.068161
0 0.575630 0.332400 0.012605 0.046685
4 0.435399 0.690009 0.098739 0.097106
3 0.351103 0.551821 0.096113 0.085901
3 0.893382 0.572829 0.101891 0.073763
3 0.878151 0.509337 0.086134 0.068161
3 0.913866 0.472923 0.072479 0.055089
0 0.563025 0.276377 0.008403 0.031746