5 0.617122 0.545752 0.016807 0.038282
3 0.536239 0.476657 0.027311 0.081232
3 0.331933 0.431373 0.026261 0.024276
3 0.619223 0.925303 0.031513 0.067227
3 0.942752 0.465453 0.027311 0.025210
9 0.553834 0.641923 0.011029 0.038282
1 0.552784 0.641457 0.007878 0.028011
3 0.515494 0.240430 0.014181 0.019608
3 0.921744 0.346872 0.018908 0.025210
4 0.543592 0.365546 0.009454 0.021475
3 0.421744 0.511671 0.013655 0.028011
3 0.447216 0.399160 0.013130 0.023343
5 0.431460 0.211485 0.014181 0.028945
3 0.493697 0.324463 0.016807 0.017740
3 0.418067 0.417367 0.011555 0.029879
3 0.424107 0.367880 0.013130 0.024276
5 0.494485 0.298786 0.012080 0.026144
3 0.431460 0.333333 0.012080 0.020542
3 0.451155 0.348739 0.011555 0.021475
4 0.470588 0.265640 0.012605 0.030812
5 0.543067 0.232960 0.013655 0.030812