5 0.690389 0.624183 0.065651 0.071895
3 0.588235 0.675070 0.023109 0.035481
3 0.663603 0.654062 0.030987 0.036415
3 0.474265 0.747899 0.031513 0.056022
5 0.235032 0.685341 0.092962 0.149393
5 0.315651 0.631653 0.050420 0.071895
3 0.847952 0.734827 0.056197 0.054155
3 0.786239 0.794585 0.063025 0.059757
3 0.652311 0.757236 0.043067 0.056022
3 0.399685 0.714286 0.025210 0.044818
3 0.405200 0.697012 0.027836 0.043884
5 0.334296 0.668067 0.059349 0.120448
5 0.378939 0.610177 0.043592 0.070028
3 0.476628 0.700747 0.024685 0.049486
5 0.415966 0.637255 0.022059 0.049486
3 0.472689 0.681139 0.022059 0.043884
3 0.781513 0.729692 0.048319 0.055089
3 0.845851 0.777778 0.062500 0.054155
3 0.718750 0.693744 0.040441 0.054155