9 0.483456 0.809524 0.023634 0.074697
9 0.306985 0.741830 0.029937 0.070028
3 0.832983 0.780112 0.088235 0.116713
3 0.911502 0.751167 0.090861 0.111111
1 0.972952 0.977591 0.035189 0.039216
3 0.775210 0.611578 0.078782 0.085901
4 0.642595 0.457516 0.063550 0.070962
3 0.739758 0.446312 0.071954 0.059757
3 0.651523 0.432773 0.068803 0.058824
3 0.731618 0.409897 0.066176 0.050420
3 0.816176 0.420168 0.068277 0.056022
3 0.894170 0.409430 0.069853 0.055089
4 0.961397 0.392157 0.071954 0.061625
3 0.796744 0.394024 0.052521 0.048553
3 0.796218 0.351541 0.061975 0.043884
3 0.686975 0.324930 0.040966 0.050420
3 0.734244 0.329599 0.053571 0.044818
4 0.813025 0.309991 0.053571 0.048553
4 0.930410 0.295518 0.049895 0.049486
3 0.242647 0.247432 0.026261 0.042951
9 0.160714 0.656863 0.022059 0.060691
6 0.221639 0.535481 0.027311 0.064426
9 0.216649 0.665266 0.018382 0.060691
3 0.235294 0.449113 0.035714 0.070962
3 0.175683 0.399160 0.034139 0.071895
4 0.089023 0.348273 0.042542 0.070962
4 0.120798 0.309991 0.030462 0.063492
3 0.163866 0.332400 0.027311 0.054155
3 0.165704 0.285714 0.027836 0.050420
4 0.087710 0.301120 0.031513 0.064426
3 0.092962 0.245098 0.027311 0.042017
3 0.121586 0.218487 0.021534 0.037348
3 0.097952 0.217087 0.024685 0.038282
4 0.386817 0.314192 0.053046 0.055089
3 0.357668 0.299720 0.037815 0.042951
4 0.339023 0.282446 0.036239 0.045752
3 0.222952 0.155462 0.021534 0.032680
3 0.333246 0.211485 0.043592 0.032680
4 0.336134 0.195145 0.036765 0.033613
3 0.272847 0.173203 0.030987 0.032680
8 0.303309 0.158263 0.041492 0.077498
4 0.186712 0.063025 0.012080 0.027077
5 0.276261 0.098506 0.066176 0.060691
3 0.106880 0.170401 0.021534 0.038282
4 0.130777 0.161998 0.017857 0.040149
4 0.139968 0.137722 0.018382 0.032680
4 0.136029 0.110644 0.018908 0.036415
3 0.202994 0.265640 0.027836 0.049486
9 0.446166 0.675537 0.026786 0.062558
3 0.162290 0.227358 0.024160 0.043884
5 0.108456 0.109711 0.030987 0.070028
3 0.174107 0.021008 0.012080 0.017740
3 0.184611 0.133987 0.019433 0.038282
4 0.962185 0.543884 0.067227 0.099907
4 0.119223 0.095705 0.024160 0.030812
3 0.176471 0.097572 0.014706 0.027077
3 0.192227 0.024743 0.021008 0.021475
6 0.606880 0.390756 0.030987 0.047619
6 0.659139 0.379085 0.033613 0.039216
6 0.691439 0.370215 0.037290 0.049486
6 0.716124 0.362278 0.030987 0.042951
0 0.270221 0.243697 0.011029 0.037348
0 0.330357 0.323063 0.009454 0.037348
0 0.339548 0.316993 0.009979 0.038282
0 0.180410 0.711485 0.017332 0.067227
0 0.170431 0.712418 0.015231 0.070962
0 0.105567 0.296919 0.011555 0.042951
9 0.690389 0.397759 0.027836 0.031746
3 0.864233 0.382820 0.058298 0.044818
9 0.244485 0.179739 0.011029 0.027077
0 0.143382 0.283847 0.009454 0.033613
0 0.156250 0.117647 0.008929 0.028011
0 0.064601 0.639589 0.017857 0.067227
0 0.128151 0.388422 0.012605 0.044818
9 0.253676 0.203081 0.009454 0.032680
9 0.368172 0.882820 0.028361 0.070028
1 0.368435 0.880486 0.021534 0.067227
9 0.232931 0.134454 0.008929 0.028011
0 0.163078 0.119514 0.008929 0.028011
0 0.419380 0.404295 0.009979 0.042951
0 0.422006 0.406162 0.009979 0.039216
1 0.482931 0.796919 0.023634 0.058824
9 0.393120 0.794118 0.038340 0.077498
1 0.388393 0.787582 0.025735 0.064426