9 0.555804 0.546958 0.019345 0.054233
3 0.479911 0.356481 0.028274 0.067460
3 0.464658 0.244048 0.029018 0.064815
3 0.463170 0.688492 0.040923 0.133598
3 0.498512 0.486111 0.035714 0.091270
3 0.437500 0.398148 0.034226 0.084656
3 0.306176 0.242725 0.034970 0.062169
3 0.478795 0.914683 0.051339 0.157407
3 0.560640 0.928571 0.057292 0.134921
3 0.521949 0.659392 0.046875 0.130952
3 0.441592 0.525794 0.037946 0.104497
3 0.426711 0.320767 0.026042 0.062169
3 0.417783 0.218915 0.027530 0.051587
3 0.485863 0.136905 0.026786 0.051587
3 0.304688 0.365741 0.031994 0.078042
0 0.239583 0.517857 0.019345 0.046296
0 0.683036 0.921296 0.011905 0.043651
0 0.657366 0.826720 0.017113 0.039683
3 0.018601 0.068783 0.037202 0.026455
1 0.031994 0.457011 0.017857 0.033069
1 0.023810 0.474206 0.019345 0.025132
1 0.664062 0.859788 0.011161 0.026455
1 0.506696 0.107804 0.007440 0.022487
9 0.507068 0.112434 0.008185 0.031746
3 0.206473 0.034392 0.043899 0.031746