3 0.503720 0.476190 0.031250 0.079365
3 0.486235 0.714286 0.049851 0.124339
3 0.565476 0.414021 0.029762 0.066138
3 0.800967 0.320767 0.055804 0.043651
3 0.878348 0.327381 0.054315 0.038360
3 0.508929 0.091270 0.014881 0.029101
3 0.526414 0.100529 0.015625 0.031746
3 0.545387 0.040344 0.011905 0.019841
0 0.718750 0.326058 0.010417 0.035714
0 0.768601 0.327381 0.010417 0.033069
3 0.613839 0.068783 0.014881 0.031746
9 0.473586 0.114418 0.009673 0.022487
3 0.695312 0.070767 0.014137 0.027778
3 0.600074 0.132275 0.015625 0.031746
3 0.583333 0.077381 0.014881 0.030423
3 0.554315 0.103175 0.016369 0.029101
3 0.767485 0.288360 0.058780 0.037037
3 0.668899 0.492725 0.055060 0.064815
3 0.392485 0.716931 0.072173 0.092593
3 0.220610 0.882275 0.070685 0.137566
3 0.268601 0.623677 0.058036 0.107143
0 0.732143 0.209656 0.008929 0.027778
0 0.716146 0.207672 0.009673 0.029101
0 0.385417 0.828704 0.010417 0.038360
5 0.149926 0.439815 0.087054 0.070106
3 0.665923 0.037037 0.025298 0.018519
3 0.649926 0.027778 0.027530 0.015873
0 0.640997 0.117725 0.009673 0.026455
1 0.473214 0.103175 0.008929 0.026455
1 0.605655 0.240079 0.005952 0.017196
9 0.604539 0.251323 0.006696 0.021164
9 0.489955 0.046296 0.008185 0.018519
0 0.438988 0.085979 0.005952 0.026455
9 0.157366 0.266534 0.024554 0.027778