0 0.958705 0.232143 0.018601 0.078042
0 0.866071 0.224206 0.019345 0.070106
0 0.947173 0.314153 0.031250 0.101852
0 0.363467 0.155423 0.015625 0.062169
0 0.329241 0.159392 0.012649 0.054233
0 0.396577 0.171296 0.014881 0.051587
0 0.186756 0.099868 0.016369 0.048942
0 0.917411 0.273148 0.023810 0.064815
1 0.567336 0.022487 0.014137 0.026455
2 0.569568 0.035053 0.027530 0.025132
1 0.591146 0.036376 0.011161 0.025132
9 0.590402 0.047619 0.024554 0.021164
0 0.573289 0.512566 0.039435 0.146825
0 0.835193 0.283730 0.021577 0.104497
0 0.677455 0.191799 0.017113 0.068783
0 0.722842 0.682540 0.049851 0.219577
0 0.357887 0.552910 0.044643 0.161376
0 0.585938 0.423280 0.030506 0.145503
0 0.171503 0.457011 0.023065 0.157407
0 0.333333 0.478836 0.031250 0.140212
0 0.457589 0.492063 0.043155 0.161376
0 0.316592 0.581349 0.036458 0.173280
0 0.566592 0.710979 0.066220 0.212963
0 0.445312 0.431217 0.036458 0.148148
0 0.219122 0.358466 0.024554 0.129630
0 0.301339 0.329365 0.025298 0.111111
0 0.412574 0.312169 0.017113 0.100529
0 0.560268 0.214947 0.019345 0.083333
0 0.902158 0.318783 0.030506 0.113757
0 0.420015 0.300926 0.021577 0.115079
1 0.798363 0.285053 0.020833 0.085979
0 0.818452 0.279101 0.022321 0.082011
0 0.477307 0.195106 0.017113 0.043651
1 0.983631 0.963624 0.031250 0.070106
1 0.546503 0.338624 0.023065 0.063492
0 0.529018 0.304894 0.020833 0.080688
0 0.598958 0.185185 0.017857 0.058201
1 0.127232 0.345899 0.020833 0.041005
1 0.095982 0.327381 0.032738 0.056878
2 0.436384 0.356481 0.037946 0.070106
1 0.144345 0.149471 0.010417 0.029101
0 0.189732 0.138228 0.016369 0.046296
0 0.792039 0.190476 0.018601 0.052910
0 0.449033 0.118386 0.014137 0.051587
0 0.397693 0.097222 0.009673 0.046296
1 0.139137 0.115741 0.016369 0.030423
1 0.117932 0.123016 0.015625 0.029101
0 0.246280 0.131614 0.011905 0.041005
0 0.812500 0.229497 0.019345 0.083333
0 0.973214 0.235450 0.023810 0.066138
0 0.606399 0.105159 0.011905 0.041005
0 0.600818 0.086640 0.011161 0.033069
1 0.911830 0.195106 0.020089 0.038360
1 0.952753 0.200397 0.020089 0.033069
1 0.940104 0.198413 0.018601 0.034392