9 0.532366 0.407407 0.012649 0.047619
3 0.481027 0.371032 0.029018 0.070106
3 0.465030 0.255952 0.028274 0.059524
3 0.466146 0.720238 0.040923 0.133598
3 0.497396 0.485450 0.034970 0.089947
3 0.439732 0.425926 0.034226 0.084656
3 0.319196 0.341270 0.029762 0.068783
3 0.480655 0.927910 0.050595 0.138889
3 0.563244 0.945767 0.052083 0.100529
3 0.520089 0.652116 0.046131 0.121693
3 0.444940 0.556217 0.037202 0.104497
3 0.426711 0.319444 0.026042 0.062169
3 0.404762 0.212302 0.032738 0.046296
3 0.479167 0.121693 0.020833 0.039683
3 0.314732 0.525132 0.035714 0.100529
0 0.241071 0.519180 0.019345 0.046296
0 0.678943 0.904762 0.015625 0.042328
1 0.036458 0.487434 0.017857 0.033069
1 0.030506 0.504630 0.019345 0.025132
1 0.684152 0.937169 0.011161 0.027778
1 0.508929 0.140873 0.007440 0.022487
9 0.510417 0.144180 0.008929 0.034392
3 0.149182 0.079365 0.043899 0.031746
1 0.291667 0.060185 0.005952 0.017196
9 0.291667 0.063492 0.005952 0.023810