0 0.767332 0.722222 0.021008 0.071895
0 0.791492 0.699813 0.018908 0.058824
1 0.785977 0.649393 0.025735 0.055089
1 0.775473 0.632120 0.021534 0.052288
1 0.771534 0.614846 0.025210 0.049486
9 0.308036 0.561625 0.015231 0.053221
0 0.284139 0.742764 0.018908 0.088702
0 0.487658 0.581699 0.015231 0.069094
0 0.510242 0.574230 0.015231 0.067227
1 0.531250 0.568627 0.016282 0.067227
0 0.557773 0.581699 0.015756 0.067227
0 0.519170 0.810458 0.025735 0.098973
0 0.537290 0.718954 0.023109 0.078431
0 0.493172 0.735294 0.021008 0.071895
0 0.575368 0.705415 0.016282 0.083100
0 0.584034 0.719888 0.023109 0.084034
0 0.507878 0.653128 0.017857 0.066293
0 0.494748 0.651261 0.017857 0.071895
0 0.033351 0.946312 0.025735 0.092437
0 0.012080 0.662932 0.024160 0.089636
9 0.857931 0.762838 0.041492 0.050420
2 0.913866 0.790850 0.051471 0.059757
9 0.970063 0.873016 0.037815 0.093371
1 0.921744 0.860878 0.034664 0.070962
0 0.946954 0.890289 0.050420 0.058824
0 0.233456 0.867414 0.027836 0.085901
0 0.566964 0.922502 0.029937 0.085901
0 0.482931 0.796919 0.020483 0.094304