0 0.556985 0.277778 0.007878 0.042017
2 0.862920 0.267040 0.012605 0.041083
1 0.864496 0.262838 0.010504 0.038282
2 0.873687 0.381419 0.029937 0.036415
3 0.205620 0.311858 0.080357 0.061625
0 0.638393 0.347339 0.014181 0.052288
6 0.268120 0.278711 0.033088 0.049486
9 0.367647 0.310924 0.015756 0.039216
9 0.377101 0.314659 0.015756 0.044818
9 0.391807 0.316527 0.013655 0.044818
3 0.425420 0.313259 0.037815 0.064426
3 0.483456 0.299720 0.045693 0.067227
4 0.740809 0.235761 0.033088 0.070028
9 0.692489 0.165733 0.020483 0.021475
3 0.502363 0.485061 0.102416 0.088702
4 0.881565 0.719888 0.146534 0.171802
9 0.879727 0.376751 0.012605 0.053221
3 0.295956 0.505135 0.097164 0.093371
3 0.966124 0.510738 0.065651 0.095238
0 0.577731 0.288049 0.009454 0.045752
6 0.083508 0.308123 0.044118 0.044818
1 0.075893 0.299253 0.014181 0.047619
2 0.014181 0.279645 0.022059 0.032680
1 0.015231 0.272642 0.012605 0.046685
2 0.889968 0.402894 0.029937 0.036415
1 0.896271 0.389356 0.014181 0.052288
0 0.907563 0.359477 0.012605 0.050420
2 0.984506 0.447712 0.029937 0.042017
3 0.069065 0.271709 0.070903 0.056022
2 0.175158 0.556956 0.026786 0.070028
1 0.174370 0.550420 0.016807 0.056956
1 0.179622 0.563959 0.015756 0.046685
2 0.845063 0.406162 0.015756 0.052288
1 0.847426 0.402894 0.016282 0.051354
2 0.839023 0.255369 0.011029 0.042017
1 0.838498 0.252568 0.007878 0.042017
1 0.791754 0.112512 0.009979 0.036415
3 0.815914 0.040616 0.018382 0.036415
9 0.023109 0.775444 0.046218 0.045752
9 0.015231 0.893091 0.030462 0.034547
3 0.880515 0.059290 0.019433 0.032680
3 0.860557 0.019141 0.018382 0.030812
9 0.705620 0.150794 0.017332 0.021475
3 0.813288 0.204949 0.028887 0.058824
9 0.790179 0.124650 0.011029 0.036415
4 0.882616 0.237162 0.029937 0.061625