9 0.852865 0.723214 0.022693 0.073413
6 0.544643 0.335648 0.012649 0.029762
6 0.654762 0.341270 0.023065 0.038360
6 0.712798 0.265212 0.025298 0.039683
9 0.798177 0.192130 0.011533 0.029762
0 0.523065 0.323743 0.007440 0.029762
9 0.074591 0.648479 0.034598 0.035053
3 0.069940 0.628638 0.031250 0.036376
3 0.072917 0.611111 0.036458 0.034392
9 0.786272 0.191468 0.012277 0.027116
3 0.107329 0.958003 0.116443 0.083995
3 0.486235 0.725860 0.081101 0.074735
3 0.489769 0.645833 0.071801 0.076058
3 0.612537 0.745040 0.093378 0.077381
3 0.607515 0.569114 0.065476 0.058862
6 0.447545 0.667328 0.037202 0.050265
2 0.763207 0.971230 0.044271 0.052249
9 0.593192 0.964286 0.019717 0.064815
9 0.827753 0.423611 0.015625 0.042989
9 0.822173 0.371693 0.015625 0.034392
9 0.848214 0.310185 0.015625 0.034392
2 0.782180 0.425926 0.020461 0.042328
9 0.438244 0.493386 0.022321 0.038360
9 0.376488 0.457341 0.021577 0.040344
9 0.335007 0.426257 0.020461 0.037698
9 0.565104 0.488095 0.025298 0.038360
9 0.712984 0.645833 0.014509 0.042989
0 0.927455 0.480159 0.012649 0.044974
9 0.795201 0.558862 0.019717 0.044974
9 0.442336 0.637897 0.027530 0.037698
9 0.203683 0.378307 0.020461 0.026455
9 0.499814 0.455688 0.021949 0.041005
2 0.279948 0.679563 0.027158 0.048280
9 0.371466 0.647487 0.020461 0.034392
9 0.740141 0.802579 0.042783 0.048280
9 0.798921 0.848876 0.035342 0.045635
9 0.800967 0.636905 0.013393 0.047619
9 0.532180 0.406415 0.025670 0.031085
2 0.448847 0.952050 0.026414 0.061508
9 0.782738 0.210317 0.011161 0.031746
0 0.589100 0.850529 0.015253 0.056878
1 0.437686 0.491071 0.008557 0.046958
1 0.541295 0.521164 0.011905 0.048942
1 0.341518 0.429894 0.014137 0.044974
1 0.508929 0.487434 0.016369 0.044974
1 0.476749 0.330026 0.032366 0.039683
0 0.525298 0.359127 0.006696 0.027778
9 0.543527 0.361772 0.015625 0.038360
0 0.594866 0.278108 0.007440 0.035053
9 0.607329 0.362765 0.013021 0.037698
9 0.369978 0.636905 0.012277 0.039683
2 0.142671 0.335648 0.018229 0.027116
9 0.171317 0.345569 0.018973 0.029762
9 0.186942 0.366402 0.023438 0.030423
6 0.221726 0.370040 0.023810 0.032407
0 0.177641 0.516204 0.011533 0.040344
2 0.095052 0.889881 0.034598 0.050926
9 0.207031 0.624008 0.026414 0.036376
9 0.202753 0.535714 0.016369 0.046296
4 0.371466 0.556878 0.063616 0.087302
3 0.303385 0.520172 0.056176 0.065476
3 0.169829 0.412698 0.050967 0.055556
3 0.120164 0.377315 0.051339 0.056217
3 0.217262 0.456019 0.055060 0.068122
3 0.175223 0.730820 0.043155 0.085979
0 0.130580 0.743386 0.015625 0.048942
0 0.849888 0.623677 0.012277 0.038360
0 0.832775 0.629960 0.014509 0.042989
0 0.861049 0.760582 0.015253 0.050265
0 0.852307 0.750661 0.019345 0.054233
0 0.259487 0.917989 0.017485 0.055556
0 0.271391 0.909722 0.016741 0.056217
0 0.397507 0.529762 0.012277 0.039683
0 0.386533 0.527447 0.009673 0.041667
5 0.649554 0.382606 0.048363 0.083995
3 0.683408 0.352844 0.033482 0.053571
3 0.711496 0.317791 0.035342 0.050926
3 0.740885 0.286045 0.031622 0.045635
3 0.765811 0.260582 0.035342 0.043651
3 0.789435 0.228505 0.031250 0.037698
3 0.811942 0.205357 0.029390 0.042989
3 0.830915 0.176257 0.029390 0.041667
5 0.901972 0.094907 0.030878 0.052249
3 0.931362 0.093254 0.021205 0.034392
3 0.939732 0.069444 0.017857 0.027778
3 0.602121 0.316138 0.039062 0.048942
3 0.121280 0.298280 0.046131 0.046296
7 0.213356 0.344907 0.033854 0.044312
7 0.307292 0.375331 0.036458 0.052249
6 0.263951 0.522156 0.028646 0.056217
0 0.373326 0.725860 0.015253 0.048280
9 0.533854 0.443452 0.015625 0.040344
9 0.504836 0.491071 0.019345 0.045635
9 0.539621 0.535053 0.018229 0.044974
7 0.587054 0.403108 0.029018 0.062831
7 0.572545 0.439815 0.021577 0.050265
2 0.700521 0.404431 0.016369 0.027116
9 0.499256 0.972553 0.034226 0.052249
9 0.548177 0.937169 0.023438 0.058201
0 0.504278 0.385251 0.007068 0.031085
6 0.031994 0.744378 0.063244 0.089286
0 0.398065 0.395503 0.010417 0.039683
9 0.259115 0.682870 0.034598 0.052249
9 0.245722 0.356812 0.015253 0.033730