3 0.006565 0.252568 0.013130 0.066293
4 0.371849 0.928105 0.030462 0.076564
3 0.721901 0.091503 0.030987 0.061625
2 0.085872 0.134921 0.014181 0.017740
0 0.526523 0.311391 0.012080 0.021475
0 0.545956 0.905229 0.012080 0.025210
0 0.279149 0.683940 0.007878 0.014006
3 0.460872 0.759570 0.021534 0.064426
3 0.491859 0.900093 0.036239 0.067227
3 0.598214 0.446779 0.024160 0.066293
3 0.507878 0.491597 0.030462 0.071895
3 0.547006 0.438375 0.027836 0.058824
3 0.579044 0.283847 0.032038 0.065359
3 0.301208 0.588702 0.046744 0.051354
3 0.318540 0.549953 0.037290 0.046685
3 0.328256 0.511204 0.038866 0.043884
3 0.242122 0.559290 0.038866 0.046685
3 0.272847 0.521942 0.037290 0.041083
3 0.275210 0.473389 0.044118 0.048553
3 0.197742 0.521942 0.037290 0.039216
4 0.216387 0.489729 0.040966 0.045752
3 0.227679 0.445845 0.034139 0.038282
3 0.146271 0.498133 0.043592 0.047619
3 0.165441 0.457983 0.044118 0.047619
3 0.184349 0.423903 0.037815 0.044818
3 0.730830 0.676471 0.041492 0.045752
3 0.731092 0.629318 0.038866 0.046685
3 0.735294 0.577965 0.035714 0.039216
3 0.756828 0.549486 0.039916 0.043884
3 0.767595 0.701681 0.034139 0.036415
3 0.786765 0.663866 0.039916 0.046685
3 0.790179 0.614379 0.041492 0.046685
3 0.819590 0.580299 0.044643 0.049486
3 0.808298 0.725023 0.038866 0.043884
3 0.846376 0.645658 0.040441 0.043884
3 0.856618 0.754902 0.042017 0.049486
3 0.899422 0.673203 0.042542 0.048553
3 0.904149 0.779645 0.044643 0.054155
3 0.953519 0.808123 0.042542 0.047619
3 0.692489 0.830065 0.040441 0.048553
5 0.575630 0.592904 0.044118 0.112045
3 0.451681 0.618114 0.024160 0.067227
5 0.422269 0.455182 0.038866 0.062558
3 0.329569 0.357143 0.037290 0.043884
3 0.131828 0.394491 0.039916 0.043884
3 0.116334 0.430906 0.041492 0.045752
3 0.089023 0.469188 0.041492 0.049486
3 0.079569 0.366480 0.040441 0.038282
3 0.044905 0.437908 0.041492 0.050420
3 0.035977 0.240896 0.040441 0.039216
3 0.094800 0.268441 0.046744 0.051354
4 0.030200 0.272642 0.040441 0.048553
3 0.521796 0.537815 0.030987 0.069094
3 0.643645 0.134454 0.032038 0.067227
3 0.650473 0.192810 0.027836 0.060691
3 0.681985 0.121382 0.027836 0.061625
5 0.664128 0.302054 0.056197 0.122316
0 0.547006 0.258170 0.012080 0.021475
9 0.568540 0.220822 0.009979 0.025210
4 0.989233 0.834734 0.018382 0.048553
3 0.013130 0.390756 0.024160 0.066293