3 0.689601 0.465453 0.037815 0.043884
3 0.477153 0.797852 0.095063 0.111111
5 0.688288 0.587768 0.100315 0.172736
3 0.639968 0.556956 0.041492 0.055089
3 0.691176 0.527544 0.037815 0.054155
4 0.742122 0.477124 0.032563 0.052288
3 0.751838 0.448646 0.027836 0.036415
3 0.779412 0.427638 0.025210 0.033613
5 0.789391 0.405229 0.025210 0.037348
3 0.808298 0.389823 0.019958 0.027077
3 0.826943 0.373016 0.018382 0.027077
3 0.777574 0.387955 0.020483 0.027077
3 0.744748 0.416900 0.026261 0.034547
3 0.452731 0.616713 0.068277 0.077498
3 0.351891 0.617647 0.066176 0.079365
5 0.677784 0.398693 0.035189 0.063492
3 0.721376 0.402428 0.026786 0.031746
6 0.768908 0.380019 0.011555 0.022409
3 0.721639 0.382353 0.021008 0.030812
3 0.761555 0.356676 0.017857 0.026144
0 0.081145 0.675070 0.025735 0.074697