0 0.097098 0.835317 0.023065 0.054233
3 0.178943 0.781085 0.060268 0.152116
0 0.431920 0.891534 0.018601 0.042328
3 0.475446 0.107804 0.019345 0.033069
3 0.322917 0.566138 0.041667 0.116402
3 0.347842 0.304233 0.029018 0.063492
3 0.352679 0.198413 0.025298 0.058201
3 0.612351 0.535714 0.044643 0.095238
5 0.732143 0.759259 0.050595 0.052910
5 0.737723 0.796296 0.055804 0.058201
5 0.757440 0.839286 0.069940 0.070106
6 0.723214 0.724868 0.035714 0.039683
3 0.082217 0.206349 0.058780 0.039683
9 0.476190 0.153439 0.007440 0.023810
2 0.507068 0.195767 0.006696 0.023810
3 0.533854 0.917328 0.052827 0.157407
3 0.500744 0.548942 0.037202 0.092593
3 0.477307 0.370370 0.033482 0.071429
3 0.431176 0.210317 0.036458 0.044974
3 0.358631 0.072751 0.019345 0.037037
3 0.293155 0.228836 0.032738 0.060847
8 0.563244 0.324074 0.071429 0.214286
3 0.141369 0.192460 0.050595 0.033069
4 0.507812 0.261243 0.023065 0.056878
3 0.392113 0.170635 0.037202 0.044974
0 0.159226 0.280423 0.014881 0.031746
0 0.156994 0.269180 0.010417 0.027778
3 0.467634 0.232804 0.021577 0.047619
4 0.141741 0.122354 0.023065 0.041005
0 0.111979 0.195106 0.009673 0.033069
2 0.297619 0.193783 0.016369 0.051587
6 0.475446 0.048280 0.013393 0.033069
1 0.297991 0.174603 0.017113 0.037037
1 0.507068 0.185185 0.008185 0.023810
1 0.475074 0.145503 0.008185 0.023810
0 0.193080 0.185185 0.011161 0.029101
0 0.266369 0.095238 0.010417 0.029101