9 0.963170 0.843254 0.066220 0.170635
1 0.966518 0.806217 0.059524 0.157407
1 0.958333 0.791667 0.035714 0.130952
0 0.377232 0.743386 0.037202 0.166667
0 0.433408 0.689153 0.060268 0.164021
0 0.523065 0.905423 0.058036 0.149471
0 0.062500 0.832672 0.056548 0.149471
0 0.201637 0.593915 0.019345 0.082011
0 0.204985 0.554894 0.031994 0.112434
1 0.396205 0.351190 0.027530 0.046296
0 0.579613 0.497354 0.031250 0.132275
0 0.293899 0.380952 0.022321 0.076720
0 0.295759 0.391534 0.017113 0.060847
0 0.315104 0.373016 0.018601 0.058201
0 0.305432 0.354497 0.017113 0.079365
9 0.564360 0.285714 0.015625 0.055556
1 0.563244 0.263889 0.017857 0.051587
0 0.530134 0.337302 0.018601 0.082011
6 0.516369 0.353175 0.035714 0.087302
0 0.391369 0.341931 0.014881 0.051587
9 0.527158 0.219577 0.014137 0.047619
9 0.528646 0.146164 0.012649 0.027778
9 0.529390 0.164021 0.009673 0.039683
7 0.665551 0.243386 0.031994 0.074074
0 0.540923 0.306878 0.020833 0.082011
9 0.488095 0.632937 0.089286 0.104497
1 0.527158 0.208333 0.012649 0.041005