3 0.330357 0.738095 0.063988 0.149471
3 0.294457 0.394180 0.044271 0.044974
1 0.241629 0.323082 0.010789 0.028439
9 0.241629 0.331019 0.018229 0.016534
9 0.027716 0.249008 0.013021 0.020503
3 0.050037 0.274140 0.030134 0.035053
2 0.380766 0.309854 0.009301 0.025794
3 0.156436 0.311508 0.036086 0.039683
3 0.718564 0.558532 0.079241 0.066799
9 0.312314 0.347553 0.016741 0.024471
1 0.313058 0.340278 0.010045 0.027116
1 0.318638 0.342593 0.009301 0.023810
3 0.287760 0.358135 0.050223 0.044312
3 0.956845 0.653108 0.085565 0.082672
3 0.419085 0.402447 0.055432 0.039021
5 0.546689 0.435847 0.078497 0.070106
3 0.658296 0.456680 0.052455 0.046958
1 0.830171 0.510913 0.016741 0.048280
3 0.491629 0.271495 0.021205 0.031085
9 0.753162 0.488757 0.030878 0.031746
1 0.758371 0.479167 0.013021 0.041667
3 0.439360 0.176918 0.015625 0.020503
8 0.925223 0.566799 0.148065 0.145503
3 0.171689 0.356812 0.036830 0.041667
3 0.194382 0.300595 0.031622 0.032407
2 0.375930 0.325066 0.008557 0.025794
2 0.384115 0.321098 0.009301 0.032407
3 0.476935 0.945767 0.069940 0.105820
3 0.489025 0.799934 0.052455 0.135582
1 0.768229 0.969246 0.020089 0.049603
0 0.754278 0.950728 0.023438 0.077381
2 0.762463 0.960317 0.022693 0.075397
8 0.614211 0.855489 0.103423 0.286376
5 0.426153 0.297288 0.023438 0.042989
3 0.454427 0.300595 0.021205 0.033730
3 0.429129 0.275463 0.017485 0.027116
3 0.461496 0.288690 0.015253 0.028439
8 0.423177 0.250661 0.026414 0.072751
3 0.449219 0.269511 0.015997 0.029762
6 0.472842 0.180225 0.012649 0.020503
2 0.826451 0.523479 0.029390 0.035053
3 0.452939 0.254960 0.018229 0.027116
3 0.444382 0.245701 0.017485 0.025794
3 0.441034 0.236442 0.013021 0.027116
3 0.409040 0.215939 0.014509 0.027116
4 0.401228 0.190807 0.013765 0.020503
4 0.393973 0.174934 0.012649 0.016534
5 0.433966 0.202712 0.018229 0.031085
3 0.424293 0.197090 0.013021 0.022487
5 0.312314 0.205026 0.027902 0.042328