2 0.429874 0.288360 0.008557 0.029101
3 0.082775 0.225860 0.030878 0.039021
5 0.140625 0.252315 0.043155 0.048280
3 0.515253 0.173942 0.017857 0.026455
1 0.638765 0.321098 0.014137 0.028439
3 0.485305 0.144511 0.015253 0.025794
9 0.318638 0.306878 0.030878 0.025132
1 0.319010 0.298280 0.013021 0.034392
3 0.395275 0.099537 0.012277 0.020503
8 0.264509 0.292659 0.073661 0.068122
3 0.445126 0.645833 0.065104 0.097222
3 0.254650 0.271495 0.027158 0.032407
2 0.424293 0.297288 0.008557 0.025794
2 0.433594 0.291997 0.009301 0.028439
3 0.520461 0.926918 0.071429 0.143519
4 0.536272 0.768188 0.052455 0.135582
1 0.808594 0.949074 0.021205 0.046296
0 0.798177 0.930225 0.023438 0.077381
2 0.807850 0.943452 0.022693 0.078704
8 0.653460 0.806548 0.084449 0.357804
5 0.477493 0.271825 0.023438 0.042328
3 0.503534 0.277447 0.021205 0.033730
3 0.479725 0.250992 0.017485 0.029762
3 0.512277 0.261905 0.016369 0.029101
8 0.474144 0.218915 0.026414 0.068783
3 0.500186 0.245701 0.016741 0.029762
4 0.934710 0.551257 0.081473 0.082672
6 0.581287 0.214286 0.012277 0.025132
2 0.640439 0.329696 0.015997 0.028439
3 0.503906 0.231812 0.018229 0.028439
3 0.495350 0.217923 0.016741 0.025794
3 0.492188 0.206680 0.012649 0.027116
3 0.462798 0.187169 0.014137 0.025132
4 0.457961 0.170966 0.012649 0.019180
4 0.455357 0.161706 0.012649 0.019180
5 0.486049 0.179894 0.018229 0.029101
3 0.474330 0.173942 0.012649 0.022487
5 0.364397 0.174603 0.027158 0.042328