4 0.403099 0.845472 0.050945 0.105509
8 0.646534 0.682540 0.054622 0.089636
5 0.863971 0.696545 0.120798 0.119514
3 0.588761 0.621382 0.017857 0.027077
3 0.793855 0.723156 0.048845 0.045752
3 0.519695 0.718487 0.026786 0.043884
5 0.307511 0.674603 0.075105 0.129785
5 0.361082 0.636788 0.058298 0.076564
5 0.616597 0.575163 0.060924 0.061625
3 0.455357 0.674136 0.017857 0.031746
3 0.522321 0.634921 0.015231 0.026144
3 0.507353 0.663399 0.017857 0.032680
3 0.794118 0.935574 0.081933 0.123249
3 0.510242 0.639122 0.015231 0.027077
5 0.459821 0.617647 0.037290 0.068161
3 0.443015 0.715219 0.024685 0.046685
3 0.452731 0.693277 0.021008 0.032680
5 0.375788 0.682540 0.058298 0.117647
5 0.420693 0.621849 0.040966 0.072829
3 0.514968 0.696078 0.021534 0.038282
5 0.457983 0.618114 0.034664 0.078431
3 0.508403 0.678805 0.021008 0.033613
3 0.888393 0.782913 0.065651 0.056956
3 0.964286 0.839402 0.068277 0.061625
3 0.834559 0.747899 0.052521 0.048553
3 0.600053 0.635387 0.015231 0.021475