3 0.606027 0.908069 0.040923 0.096561
3 0.398438 0.933201 0.033482 0.099206
1 0.490699 0.389550 0.009673 0.017196
1 0.489955 0.437169 0.008185 0.022487
0 0.568452 0.723545 0.007440 0.031746
3 0.489211 0.876984 0.030506 0.084656
3 0.533110 0.848545 0.036458 0.085979
3 0.557292 0.730820 0.022321 0.059524
3 0.525298 0.734788 0.026786 0.062169
3 0.453869 0.722884 0.022321 0.054233
3 0.535714 0.548280 0.019345 0.027778
3 0.393601 0.549603 0.019345 0.035714
9 0.344122 0.664021 0.012649 0.034392
3 0.287202 0.562831 0.022321 0.041005
3 0.322173 0.503307 0.037202 0.025132
3 0.483631 0.591931 0.022321 0.038360
3 0.486607 0.539021 0.017857 0.035714
3 0.458705 0.512566 0.014137 0.027778
4 0.409970 0.421958 0.011905 0.026455
3 0.470610 0.435185 0.017113 0.031746
3 0.395833 0.398148 0.010417 0.021164
3 0.471726 0.401455 0.011905 0.019841
3 0.453497 0.374339 0.014137 0.021164
0 0.094122 0.886905 0.017113 0.030423
3 0.355655 0.345238 0.025298 0.018519
1 0.439360 0.509921 0.009673 0.022487
1 0.586682 0.748016 0.009673 0.025132