9 0.905506 0.689815 0.074405 0.157407
0 0.549479 0.767857 0.051339 0.255291
0 0.618304 0.723545 0.043155 0.216931
1 0.695685 0.753968 0.026786 0.116402
1 0.673363 0.727513 0.037202 0.153439
0 0.688616 0.682540 0.046875 0.182540
1 0.911458 0.648148 0.059524 0.142857
1 0.899926 0.640212 0.034970 0.119048
0 0.947917 0.565476 0.032738 0.162698
0 0.915923 0.558201 0.043155 0.171958
1 0.483631 0.473545 0.031250 0.095238
9 0.498140 0.442460 0.031994 0.067460
0 0.623140 0.349206 0.023065 0.119048
0 0.431920 0.345238 0.023065 0.076720
1 0.411086 0.310185 0.017113 0.046296
0 0.498140 0.296958 0.014137 0.085979
0 0.518601 0.282407 0.014881 0.091270
0 0.550967 0.287698 0.017113 0.085979
0 0.541667 0.294974 0.013393 0.055556