5 0.241544 0.531373 0.037500 0.064052
6 0.248162 0.730719 0.033088 0.062745
3 0.522059 0.426797 0.019118 0.032680
3 0.977206 0.969281 0.041176 0.056209
3 0.954779 0.900654 0.087500 0.083660
3 0.726103 0.693464 0.047794 0.069281
3 0.867279 0.806536 0.087500 0.073203
3 0.316176 0.778431 0.042647 0.092810
4 0.129412 0.822222 0.088235 0.096732
3 0.305515 0.639216 0.056618 0.070588
7 0.166176 0.956863 0.069118 0.081046
3 0.156250 0.675163 0.083088 0.056209
7 0.181250 0.867320 0.063971 0.116340
1 0.100368 0.967974 0.025735 0.045752
6 0.106618 0.976471 0.069118 0.041830
3 0.225000 0.573856 0.057353 0.047059
3 0.166912 0.645752 0.076471 0.054902
3 0.305515 0.598693 0.030147 0.052288
3 0.732353 0.625490 0.060294 0.053595
3 0.302941 0.482353 0.050000 0.039216
4 0.487500 0.413072 0.017647 0.039216
6 0.220221 0.788235 0.038971 0.075817
3 0.293382 0.441176 0.041176 0.030065
3 0.293750 0.409150 0.033088 0.028758
3 0.309559 0.463399 0.035294 0.027451
4 0.396324 0.401307 0.020588 0.033987
4 0.403676 0.383007 0.016176 0.028758
6 0.239338 0.881046 0.027206 0.065359
5 0.615809 0.416340 0.021324 0.045752
3 0.723897 0.500000 0.047794 0.040523
3 0.800368 0.630065 0.058088 0.052288
3 0.745588 0.555556 0.057353 0.044444
3 0.693015 0.467320 0.043382 0.032680
9 0.811397 0.696732 0.015441 0.041830
1 0.299265 0.854902 0.016176 0.047059
1 0.359559 0.541176 0.007353 0.023529
3 0.683456 0.457516 0.046324 0.039216
3 0.677574 0.446405 0.043382 0.040523
6 0.683824 0.505882 0.030882 0.036601
6 0.252941 0.469281 0.035294 0.033987
3 0.598529 0.371895 0.025000 0.030065
3 0.628676 0.377778 0.033824 0.026144
5 0.648897 0.407843 0.040441 0.039216
3 0.419118 0.356863 0.014706 0.023529
1 0.413603 0.405882 0.008088 0.019608
1 0.388971 0.484967 0.008824 0.023529
9 0.859191 0.711765 0.030147 0.037908
0 0.318750 0.441830 0.008088 0.026144
0 0.327941 0.445098 0.008824 0.030065
0 0.335662 0.443137 0.008088 0.023529
9 0.445221 0.364706 0.006618 0.018301
3 0.604044 0.350980 0.031618 0.030065