3 0.500372 0.488095 0.034970 0.084656
3 0.550595 0.322090 0.031250 0.056878
3 0.542783 0.124339 0.020089 0.023810
3 0.171875 0.834656 0.087798 0.171958
3 0.158110 0.731481 0.078125 0.126984
3 0.865699 0.891534 0.100446 0.166667
3 0.305060 0.491402 0.047619 0.096561
3 0.333705 0.412698 0.046875 0.074074
3 0.386533 0.329365 0.036458 0.055556
3 0.384301 0.285053 0.031994 0.054233
3 0.645461 0.476852 0.036458 0.075397
3 0.661458 0.400794 0.065476 0.060847
3 0.487351 0.111111 0.016369 0.031746
3 0.450149 0.422619 0.032738 0.078042
3 0.618304 0.332011 0.023810 0.050265
3 0.660714 0.352513 0.032738 0.056878
3 0.849702 0.544312 0.055060 0.088624
3 0.813616 0.468254 0.064732 0.079365
0 0.822173 0.599206 0.017857 0.052910
0 0.924107 0.832672 0.020833 0.054233
0 0.944940 0.837302 0.020833 0.063492
3 0.570685 0.130291 0.016369 0.035714
3 0.547619 0.448413 0.034226 0.076720
3 0.563616 0.202381 0.023065 0.039683