3 0.044905 0.175537 0.084559 0.063492
2 0.205095 0.137255 0.013130 0.033613
2 0.217174 0.148926 0.011029 0.042017
2 0.231355 0.138655 0.012080 0.040149
3 0.262342 0.135854 0.038340 0.077498
3 0.315914 0.096639 0.047794 0.088702
3 0.542805 0.809991 0.053046 0.198880
0 0.215074 0.807190 0.017332 0.051354
3 0.859506 0.339402 0.085609 0.084967
0 0.796218 0.364146 0.015756 0.044818
0 0.807773 0.362745 0.015756 0.043884
3 0.149422 0.204015 0.079307 0.064426
2 0.627889 0.250233 0.013130 0.048553
0 0.660189 0.127451 0.008403 0.045752
0 0.800683 0.190943 0.015231 0.043884
0 0.107931 0.148459 0.011029 0.048553
0 0.808036 0.176004 0.015231 0.042017
0 0.874737 0.190009 0.016282 0.047619
2 0.401523 0.949113 0.044643 0.058824
0 0.784664 0.957516 0.015756 0.040149
0 0.792542 0.928571 0.017857 0.042017
0 0.819065 0.894024 0.018382 0.042017
0 0.839286 0.874416 0.021008 0.043884
0 0.812500 0.870215 0.015756 0.042951
6 0.427258 0.325397 0.038340 0.053221
2 0.328782 0.210551 0.027311 0.032680
1 0.329307 0.193744 0.008403 0.028945
0 0.648897 0.132586 0.011029 0.041083
0 0.772059 0.946312 0.015756 0.043884
3 0.733456 0.273109 0.076155 0.086835
0 0.225053 0.700747 0.020483 0.049486
2 0.259191 0.486928 0.026786 0.040149
9 0.130777 0.433240 0.049370 0.044818
2 0.694065 0.290383 0.025735 0.041083
0 0.778361 0.065359 0.015756 0.042951
3 0.388918 0.649393 0.073004 0.191410
3 0.571166 0.188609 0.033088 0.104575
3 0.066964 0.264706 0.082458 0.073763
2 0.672532 0.125117 0.013130 0.044818
0 0.760504 0.153595 0.018908 0.043884
0 0.099002 0.132586 0.013130 0.044818
0 0.817752 0.073296 0.010504 0.045752
0 0.758141 0.100840 0.014181 0.041083
9 0.012868 0.775444 0.025735 0.040149
9 0.012080 0.840803 0.024160 0.038282
9 0.022584 0.887488 0.045168 0.047619
3 0.043592 0.353408 0.087185 0.079365