4 0.539128 0.275444 0.074055 0.054155
3 0.418592 0.383754 0.054622 0.091503
3 0.462710 0.339402 0.039916 0.068161
3 0.533876 0.250233 0.056197 0.037348
3 0.203519 0.610644 0.166492 0.113912
3 0.332983 0.091503 0.015756 0.026144
4 0.550683 0.234827 0.048845 0.045752
3 0.566439 0.223623 0.043592 0.032680
3 0.246849 0.456116 0.118697 0.079365
3 0.273109 0.395425 0.099790 0.064426
3 0.279149 0.365546 0.097164 0.055089
3 0.309874 0.340803 0.086134 0.059757
3 0.325105 0.323996 0.070378 0.046685
3 0.345851 0.298786 0.064601 0.054155
3 0.361082 0.290850 0.065651 0.055089
3 0.377889 0.268441 0.062500 0.055089
3 0.396008 0.260504 0.043067 0.035481
3 0.431723 0.236228 0.055672 0.039216
0 0.801208 0.321662 0.012080 0.055089
0 0.779674 0.459851 0.021534 0.077498
0 0.781775 0.492063 0.018382 0.076564
0 0.756303 0.466853 0.016807 0.076564
0 0.581408 0.725490 0.034664 0.108310
0 0.472164 0.771242 0.026261 0.112045
3 0.363708 0.072829 0.014181 0.020542
3 0.028099 0.308590 0.050945 0.070028
3 0.091387 0.257236 0.057773 0.066293
3 0.115546 0.183473 0.027311 0.043884
3 0.108981 0.204015 0.051996 0.049486
3 0.356355 0.077031 0.015231 0.021475
9 0.341387 0.094771 0.008403 0.027077
3 0.280725 0.142857 0.024685 0.031746
0 0.008666 0.500467 0.007878 0.082166
3 0.096901 0.708217 0.188550 0.211951
0 0.668330 0.226424 0.013130 0.040149
0 0.675158 0.301120 0.014181 0.045752
0 0.676208 0.213352 0.008929 0.036415
0 0.690651 0.227824 0.006303 0.035481
0 0.691439 0.224556 0.007878 0.042017
0 0.712185 0.228758 0.007353 0.041083
0 0.723739 0.228758 0.011555 0.039216
0 0.640756 0.234360 0.011555 0.033613
0 0.680935 0.228758 0.009979 0.033613
0 0.470588 0.297386 0.013655 0.043884
3 0.165179 0.205415 0.039391 0.056022
0 0.887342 0.381419 0.015231 0.045752
0 0.901523 0.390756 0.009979 0.055089
9 0.106880 0.235761 0.020483 0.053221
3 0.699842 0.909430 0.119223 0.173669
3 0.538603 0.897759 0.169643 0.197012
3 0.405725 0.854809 0.103466 0.206349
3 0.245273 0.872549 0.160714 0.223156
0 0.576155 0.877218 0.018908 0.081232
0 0.490809 0.878151 0.024685 0.116713
3 0.107143 0.834734 0.184874 0.255836
3 0.802258 0.680205 0.176996 0.126050
3 0.614758 0.632586 0.151786 0.114846
9 0.314076 0.616713 0.019958 0.081232
3 0.596376 0.570028 0.150735 0.094304
3 0.936187 0.506536 0.111870 0.083100
3 0.698529 0.515406 0.120798 0.098973
3 0.534401 0.532213 0.117122 0.104575
3 0.501313 0.489729 0.118172 0.084967
3 0.493172 0.445378 0.113445 0.080299
3 0.239496 0.177404 0.033613 0.041083
0 0.749475 0.432773 0.017857 0.071895
3 0.637080 0.479458 0.115546 0.103641
3 0.894958 0.457049 0.122899 0.079365
3 0.613708 0.442110 0.103466 0.066293
3 0.854517 0.426704 0.118697 0.072829
3 0.818015 0.390756 0.083508 0.058824
3 0.800158 0.371615 0.083508 0.054155
3 0.588761 0.401961 0.092437 0.073763
3 0.555672 0.359477 0.087185 0.054155
3 0.573004 0.375817 0.080882 0.047619
3 0.549370 0.324463 0.073529 0.056956
3 0.534926 0.300187 0.068803 0.040149