3 0.783456 0.747059 0.053676 0.087582
3 0.869118 0.645098 0.080882 0.058824
3 0.957353 0.715033 0.082353 0.073203
7 0.240074 0.745752 0.046324 0.090196
5 0.847794 0.596732 0.063235 0.066667
1 0.726103 0.677124 0.012500 0.047059
0 0.876471 0.879739 0.017647 0.073203
0 0.854779 0.888889 0.021324 0.067974
0 0.814706 0.466013 0.007353 0.016993
3 0.390809 0.935294 0.047794 0.126797
3 0.501471 0.127451 0.010294 0.016993
3 0.521691 0.120261 0.008088 0.018301
2 0.619853 0.384967 0.008824 0.022222
4 0.510662 0.149673 0.011029 0.022222
1 0.623529 0.478431 0.013235 0.023529
3 0.585294 0.166667 0.027941 0.024837
3 0.575368 0.141830 0.028676 0.024837
1 0.502941 0.248366 0.010294 0.023529
0 0.333456 0.613725 0.012500 0.048366
3 0.653309 0.293464 0.031618 0.022222
3 0.646324 0.277124 0.026471 0.020915
3 0.637132 0.258170 0.034559 0.024837
3 0.613235 0.234641 0.020588 0.024837
3 0.585294 0.204575 0.025000 0.019608
1 0.622794 0.465359 0.007353 0.026144
0 0.623529 0.377124 0.008824 0.027451
3 0.853309 0.933987 0.080147 0.129412
0 0.481618 0.290196 0.007353 0.036601
3 0.447426 0.393464 0.019853 0.060131
3 0.451103 0.277124 0.013971 0.031373
3 0.200735 0.553595 0.048529 0.069281
3 0.206618 0.402614 0.032353 0.047059
3 0.231618 0.420261 0.025000 0.040523
3 0.805147 0.485621 0.069118 0.050980
3 0.829412 0.471242 0.057353 0.045752
3 0.718382 0.449673 0.033824 0.041830
0 0.513971 0.317647 0.010294 0.031373
3 0.079779 0.911765 0.119853 0.095425