4 0.441964 0.331933 0.062500 0.043884
3 0.364233 0.345005 0.037290 0.051354
3 0.415441 0.321662 0.028361 0.040149
3 0.444590 0.312325 0.049895 0.038282
3 0.140231 0.513072 0.113445 0.071895
3 0.048057 0.454248 0.096113 0.066293
4 0.460347 0.298319 0.043592 0.038282
3 0.476103 0.297386 0.043592 0.032680
3 0.172532 0.439309 0.098214 0.058824
3 0.189863 0.405696 0.084559 0.049486
3 0.207721 0.388889 0.081408 0.049486
3 0.227153 0.370215 0.068803 0.049486
3 0.254464 0.362745 0.053046 0.043884
3 0.268120 0.346405 0.049895 0.048553
3 0.285977 0.336601 0.045693 0.043884
3 0.289653 0.323996 0.049895 0.044818
3 0.305410 0.323063 0.044643 0.035481
3 0.347426 0.304855 0.051996 0.032680
0 0.750525 0.418768 0.012605 0.051354
0 0.263655 0.424370 0.014706 0.049486
3 0.118435 0.312792 0.041492 0.042951
3 0.074580 0.306256 0.044118 0.044818
3 0.190389 0.239496 0.026786 0.032680
3 0.074317 0.267040 0.025735 0.044818
3 0.077731 0.215686 0.018908 0.026144
3 0.046481 0.357610 0.057248 0.059757
0 0.196429 0.438375 0.017857 0.055089
0 0.144695 0.444444 0.017332 0.065359
0 0.631565 0.289916 0.009979 0.034547
0 0.569853 0.296452 0.008403 0.036415
0 0.575368 0.300654 0.009979 0.031746
9 0.114233 0.484594 0.043592 0.033613
1 0.116597 0.477591 0.023109 0.051354
0 0.310399 0.347806 0.010504 0.043884
3 0.300420 0.179739 0.010504 0.015873
3 0.626313 0.720355 0.094013 0.155929
3 0.716912 0.704482 0.121849 0.176471
3 0.524422 0.676471 0.081408 0.140990
3 0.422532 0.652194 0.075105 0.161531
3 0.324055 0.644725 0.087185 0.144725
0 0.376050 0.626517 0.021008 0.089636
3 0.253676 0.621382 0.081933 0.118581
3 0.149947 0.632120 0.116071 0.126984
9 0.915179 0.766106 0.066702 0.086835
9 0.923845 0.744631 0.056723 0.066293
9 0.932511 0.694211 0.040441 0.081232
9 0.943540 0.591970 0.045693 0.054155
4 0.871849 0.547619 0.080882 0.142857
6 0.792279 0.564426 0.076155 0.079365
5 0.741859 0.530812 0.100315 0.111111
0 0.679884 0.529412 0.015231 0.067227
0 0.412815 0.603641 0.015756 0.060691
0 0.374475 0.630252 0.018908 0.087768
0 0.293592 0.613445 0.017857 0.093371
0 0.309086 0.606443 0.017332 0.058824
3 0.547006 0.540616 0.112920 0.078431
3 0.424632 0.526144 0.109769 0.071895
9 0.213761 0.525210 0.017857 0.049486
3 0.420956 0.492530 0.110819 0.064426
3 0.684611 0.452381 0.083508 0.056956
3 0.508141 0.461718 0.089811 0.060691
3 0.384191 0.471055 0.091912 0.071895
3 0.365809 0.451447 0.090861 0.060691
3 0.360557 0.418768 0.090861 0.064426
3 0.258666 0.448646 0.076155 0.083100
0 0.492122 0.468254 0.016807 0.058824
3 0.473477 0.446312 0.080357 0.065359
3 0.665441 0.425770 0.092437 0.056022
3 0.473739 0.426704 0.078782 0.044818
3 0.645221 0.409430 0.084559 0.051354
3 0.628151 0.393091 0.065126 0.042951
3 0.618435 0.379552 0.064601 0.038282
3 0.459821 0.398226 0.075105 0.055089
3 0.441964 0.379085 0.068803 0.048553
3 0.441702 0.356209 0.061975 0.038282
3 0.436187 0.346405 0.059349 0.031746