4 0.447216 0.704015 0.032038 0.057890
8 0.609506 0.614846 0.030987 0.055089
5 0.920431 0.716620 0.155987 0.133520
3 0.784139 0.709150 0.048319 0.038282
3 0.522847 0.692344 0.023634 0.047619
5 0.328519 0.659197 0.074055 0.119514
5 0.377363 0.624183 0.050945 0.075630
4 0.521008 0.718021 0.030462 0.056022
5 0.681985 0.603641 0.042542 0.055089
3 0.465861 0.654528 0.015756 0.031746
5 0.664391 0.617180 0.024160 0.028011
3 0.531513 0.625584 0.015756 0.026144
3 0.519695 0.649393 0.015231 0.032680
3 0.698267 0.758170 0.043592 0.059757
3 0.637868 0.664799 0.024685 0.039216
3 0.523372 0.628852 0.015231 0.027077
5 0.478204 0.605509 0.037290 0.066293
3 0.455357 0.686275 0.024160 0.052288
3 0.464286 0.666200 0.015756 0.032680
5 0.389968 0.664799 0.049895 0.106443
5 0.432248 0.610177 0.039916 0.073763
3 0.524685 0.660131 0.021008 0.037348
5 0.478204 0.626517 0.034139 0.074697
3 0.523897 0.667134 0.021534 0.032680
3 0.892857 0.779178 0.059874 0.062558
3 0.824055 0.728758 0.050420 0.045752
3 0.592700 0.601307 0.015231 0.020542