0 0.599330 0.386905 0.048363 0.130952
0 0.665179 0.182540 0.017857 0.068783
0 0.643973 0.442460 0.033482 0.194444
0 0.581845 0.364418 0.037202 0.101852
0 0.389509 0.416667 0.027530 0.150794
0 0.485863 0.514550 0.035714 0.166667
0 0.357143 0.439153 0.026786 0.137566
0 0.441592 0.386243 0.027530 0.156085
0 0.639137 0.346561 0.034226 0.100529
0 0.385045 0.406085 0.037946 0.134921
0 0.333333 0.446429 0.037202 0.165344
0 0.134301 0.369709 0.037946 0.128307
0 0.239583 0.340608 0.022321 0.109788
0 0.549479 0.197751 0.021577 0.093915
0 0.936384 0.308862 0.039435 0.130952
0 0.225074 0.312169 0.024554 0.124339
1 0.790179 0.275794 0.025298 0.101852
0 0.808036 0.270503 0.023810 0.093915
0 0.600074 0.289021 0.012649 0.059524
0 0.847470 0.876984 0.059524 0.227513
1 0.538318 0.325397 0.026042 0.108466
0 0.520461 0.298280 0.026042 0.091270
0 0.502232 0.160053 0.017857 0.063492
0 0.095238 0.314153 0.017857 0.067460
1 0.095610 0.318122 0.031994 0.056878
2 0.430432 0.343254 0.040923 0.070106
0 0.652530 0.143519 0.013393 0.070106
1 0.177455 0.156746 0.017113 0.035714
0 0.191220 0.136905 0.017857 0.046296
0 0.803943 0.207011 0.017113 0.062169
0 0.446057 0.109127 0.015625 0.056878
0 0.397693 0.096561 0.012649 0.052910
1 0.137649 0.103175 0.013393 0.050265
0 0.805804 0.165344 0.014881 0.047619
1 0.117932 0.119709 0.015625 0.030423
1 0.231027 0.113757 0.012649 0.039683
0 0.711682 0.140873 0.012649 0.048942
0 0.418155 0.124339 0.014881 0.063492
0 0.597098 0.281085 0.014137 0.056878
0 0.587798 0.244048 0.019345 0.083333
0 0.957217 0.295635 0.026042 0.104497
0 0.982143 0.252646 0.026786 0.113757
0 0.182664 0.103836 0.014137 0.046296
0 0.561756 0.095899 0.011905 0.038360
0 0.539807 0.089947 0.008185 0.034392
0 0.508929 0.222884 0.017857 0.078042
0 0.733259 0.129630 0.017113 0.052910
0 0.990699 0.285053 0.017113 0.123016
1 0.955729 0.174603 0.020089 0.063492
1 0.904762 0.185185 0.020833 0.044974
1 0.940476 0.193783 0.017857 0.035714
1 0.925967 0.189815 0.018601 0.035714