0 0.738445 0.637722 0.014706 0.057890
0 0.764443 0.630719 0.015231 0.058824
9 0.329044 0.511671 0.015231 0.048553
0 0.308036 0.713819 0.019433 0.083100
0 0.491597 0.529879 0.012605 0.064426
0 0.512605 0.522876 0.013655 0.065359
1 0.533351 0.518674 0.015231 0.058824
0 0.565389 0.527077 0.016282 0.056956
0 0.548845 0.731559 0.023109 0.086835
0 0.556460 0.657330 0.020483 0.074697
0 0.496324 0.616713 0.012605 0.070028
0 0.548845 0.577498 0.017857 0.060691
0 0.565389 0.585901 0.014181 0.071895
0 0.513130 0.586368 0.016807 0.065359
0 0.503414 0.579365 0.014181 0.056956
0 0.103992 0.814659 0.024160 0.096172
0 0.105567 0.575630 0.024160 0.068161
0 0.044643 0.634454 0.028361 0.079365
9 0.911239 0.913165 0.043067 0.067227
9 0.825368 0.677404 0.040441 0.043884
2 0.872899 0.700280 0.046218 0.052288
9 0.922006 0.769374 0.029937 0.076564
1 0.878151 0.755369 0.027311 0.063492
0 0.897847 0.777778 0.040441 0.056022
0 0.271534 0.755369 0.027311 0.085901
0 0.504202 0.781513 0.025210 0.082166
0 0.488708 0.646592 0.015231 0.077498