3 0.154937 0.879085 0.110294 0.204482
3 0.483981 0.677871 0.049895 0.141923
5 0.927521 0.839402 0.141807 0.188609
3 0.545431 0.581699 0.047794 0.113912
3 0.772321 0.662932 0.102416 0.108310
3 0.813550 0.481326 0.093487 0.075630
3 0.852416 0.424837 0.088235 0.069094
3 0.906513 0.354342 0.080882 0.064426
3 0.569328 0.212418 0.030462 0.055089
3 0.463498 0.456583 0.042542 0.117647
3 0.095063 0.430906 0.096639 0.083100
3 0.809349 0.384687 0.084034 0.059757
3 0.420956 0.074230 0.022584 0.042017
3 0.037815 0.545285 0.075630 0.084034
3 0.561187 0.135854 0.030987 0.055089
3 0.630777 0.155462 0.057773 0.043884
3 0.563025 0.027544 0.046218 0.045752
3 0.429622 0.030345 0.023109 0.045752
0 0.736345 0.473389 0.017857 0.059757
6 0.600053 0.485061 0.022584 0.062558
0 0.735294 0.351074 0.012605 0.050420
0 0.649947 0.880019 0.020483 0.064426
0 0.657563 0.888889 0.019958 0.059757
0 0.652311 0.916433 0.023109 0.064426
1 0.529937 0.232026 0.010504 0.036415
9 0.529674 0.235761 0.012080 0.032680
2 0.665966 0.304855 0.010504 0.036415
9 0.701155 0.318394 0.012605 0.044818
9 0.733718 0.309991 0.015756 0.033613
9 0.771271 0.303455 0.012080 0.044818
9 0.789128 0.300187 0.014181 0.040149
9 0.844013 0.319795 0.016807 0.040149
9 0.877889 0.290850 0.018382 0.040149
2 0.889443 0.325397 0.014181 0.043884
9 0.936187 0.317927 0.022584 0.047619
1 0.852941 0.530812 0.017857 0.040149
9 0.852679 0.548553 0.033088 0.042017
0 0.300158 0.380019 0.015231 0.054155
0 0.310924 0.380486 0.015756 0.056956
1 0.476891 0.900093 0.025210 0.054155
6 0.478204 0.891690 0.040441 0.138189
1 0.378414 0.485061 0.017332 0.043884
9 0.378676 0.502801 0.017857 0.055089
0 0.310924 0.411765 0.019958 0.050420
9 0.316176 0.422969 0.023109 0.050420
0 0.340861 0.390756 0.012605 0.051354
0 0.346376 0.394024 0.015231 0.050420
1 0.873424 0.565359 0.025210 0.064426
9 0.868172 0.574697 0.033613 0.058824
9 0.689338 0.955182 0.022584 0.080299
1 0.689863 0.943978 0.020483 0.056022
9 0.317227 0.268441 0.026261 0.030812
9 0.370798 0.199813 0.022059 0.031746
9 0.369748 0.178338 0.023109 0.028011
1 0.517069 0.134921 0.012080 0.036415
9 0.516807 0.147526 0.011555 0.037348
0 0.245273 0.289916 0.014706 0.049486
0 0.310924 0.166200 0.012605 0.041083
0 0.325630 0.169001 0.012605 0.041083
1 0.138130 0.589169 0.023109 0.050420
9 0.141807 0.601307 0.046218 0.041083
1 0.515756 0.299253 0.011555 0.040149
9 0.516544 0.316060 0.016282 0.042017
1 0.500263 0.031279 0.009979 0.028945
9 0.501050 0.039683 0.012605 0.030812
1 0.315914 0.328198 0.015231 0.036415
9 0.317489 0.341737 0.019433 0.039216
0 0.644433 0.309057 0.010504 0.041083
0 0.633141 0.319328 0.012080 0.044818
0 0.086660 0.321662 0.014706 0.042017
0 0.053309 0.328665 0.015231 0.046685
0 0.243960 0.360878 0.017332 0.045752
0 0.252626 0.356676 0.016807 0.050420
0 0.269958 0.268908 0.012605 0.041083
0 0.269170 0.262372 0.013130 0.041083
0 0.337710 0.181606 0.009454 0.040149
0 0.322216 0.192344 0.013130 0.041083
0 0.662290 0.138189 0.011555 0.035481
0 0.686712 0.241830 0.009979 0.041083
0 0.923319 0.285247 0.014706 0.045752
0 0.894170 0.277311 0.014181 0.041083
9 0.234506 0.337068 0.024685 0.041083
9 0.066176 0.361811 0.017857 0.045752
1 0.547794 0.035948 0.009454 0.030812
9 0.547532 0.039216 0.015231 0.022409
0 0.962710 0.286648 0.016807 0.044818
6 0.644170 0.209617 0.038340 0.036415
6 0.964023 0.279178 0.015231 0.044818
0 0.635767 0.105976 0.009979 0.038282
9 0.599265 0.183007 0.021008 0.031746
0 0.413078 0.030812 0.009979 0.029879
0 0.447479 0.032213 0.009454 0.030812
9 0.466912 0.026611 0.008403 0.030812