5 0.868960 0.380952 0.022584 0.046685
3 0.825893 0.402428 0.018382 0.026144
6 0.569853 0.653595 0.022059 0.063492
3 0.789128 0.440710 0.026786 0.033613
3 0.791754 0.476657 0.033088 0.042017
3 0.679622 0.564893 0.042017 0.056022
3 0.134716 0.816993 0.113971 0.123249
5 0.490021 0.558357 0.074580 0.078431
3 0.579307 0.500000 0.040966 0.047619
3 0.662553 0.456583 0.033088 0.037348
5 0.677258 0.407563 0.036239 0.038282
3 0.743435 0.409430 0.026786 0.032680
3 0.438813 0.559757 0.064601 0.066293
3 0.589548 0.534080 0.047794 0.057890
3 0.784401 0.376284 0.022584 0.026144
0 0.386555 0.532680 0.015756 0.055089