3 0.833824 0.405229 0.042647 0.036601
3 0.741544 0.335294 0.031618 0.030065
3 0.930515 0.815033 0.109559 0.092810
0 0.564706 0.975163 0.013235 0.047059
3 0.595956 0.373856 0.024265 0.036601
3 0.652941 0.339869 0.041176 0.033987
3 0.691912 0.360131 0.041176 0.035294
7 0.310662 0.379085 0.021324 0.039216
0 0.719853 0.407190 0.008824 0.030065
5 0.644485 0.326144 0.037500 0.037908
0 0.744853 0.380392 0.010294 0.033987
0 0.856985 0.427451 0.009559 0.036601
0 0.868382 0.428758 0.007353 0.033987
0 0.648897 0.273203 0.008088 0.018301
0 0.719853 0.339216 0.007353 0.027451
3 0.406618 0.268627 0.014706 0.032680
3 0.393382 0.236601 0.014706 0.031373
3 0.422426 0.156863 0.009559 0.015686
3 0.401471 0.156209 0.008824 0.019608
3 0.445221 0.155556 0.012500 0.018301
3 0.449632 0.115686 0.009559 0.016993
3 0.469853 0.123529 0.010294 0.019608
2 0.285294 0.609150 0.010294 0.018301
1 0.286765 0.591503 0.007353 0.027451
2 0.607721 0.471895 0.006618 0.023529
4 0.513235 0.358824 0.020588 0.043137
3 0.505882 0.119608 0.027941 0.024837
3 0.492279 0.101961 0.021324 0.023529
3 0.470956 0.145752 0.013971 0.030065
9 0.144485 0.384967 0.022794 0.037908
3 0.553309 0.198693 0.025735 0.015686
3 0.547426 0.187582 0.021324 0.014379
3 0.543382 0.175817 0.025000 0.016993
3 0.527574 0.164706 0.021324 0.015686
3 0.505515 0.147712 0.021324 0.015686
0 0.607721 0.459477 0.008088 0.024837
3 0.744485 0.412418 0.049265 0.035294
3 0.750735 0.440523 0.054412 0.041830
3 0.765441 0.460784 0.060294 0.048366
3 0.842279 0.511111 0.062500 0.047059
3 0.750368 0.757516 0.056618 0.084967
3 0.619485 0.418301 0.028676 0.044444
3 0.873162 0.722876 0.087500 0.073203
3 0.850368 0.678431 0.080147 0.065359
3 0.403676 0.486275 0.027941 0.062745
3 0.876838 0.478431 0.049265 0.054902
3 0.503309 0.201961 0.013971 0.027451
3 0.855882 0.560784 0.069118 0.054902
8 0.062500 0.688889 0.095588 0.175163
0 0.138971 0.964052 0.013235 0.064052
0 0.122794 0.973203 0.014706 0.048366
3 0.032353 0.532026 0.064706 0.057516
0 0.909191 0.949673 0.018382 0.066667
4 0.488971 0.886275 0.054412 0.154248
3 0.329779 0.817647 0.043382 0.111111
3 0.401838 0.773856 0.038971 0.107190
3 0.335294 0.688889 0.036765 0.086275
3 0.401103 0.665359 0.031618 0.083660
3 0.466176 0.679085 0.033824 0.092810
4 0.457353 0.564052 0.027941 0.082353
3 0.455882 0.497386 0.025000 0.061438
3 0.409559 0.132680 0.007353 0.016993
3 0.266544 0.315686 0.031618 0.035294
3 0.246324 0.254902 0.017647 0.028758
3 0.264338 0.263399 0.016912 0.024837
3 0.633456 0.282353 0.041912 0.036601
3 0.652206 0.276471 0.032353 0.027451
3 0.814706 0.637908 0.076471 0.054902
3 0.583456 0.270588 0.021324 0.026144
0 0.159926 0.965359 0.016912 0.064052
3 0.249632 0.420261 0.050735 0.037908
0 0.922426 0.961438 0.022794 0.069281
4 0.760294 0.358824 0.032353 0.045752
4 0.794485 0.368627 0.024265 0.041830