3 0.412388 0.442460 0.033110 0.026455
3 0.538876 0.490741 0.037574 0.030423
0 0.581287 0.604497 0.010045 0.039683
3 0.036830 0.895172 0.073661 0.128968
0 0.072545 0.858466 0.013393 0.047619
0 0.046503 0.744048 0.012649 0.046296
0 0.049479 0.699074 0.009673 0.046296
2 0.021391 0.661706 0.013765 0.033730
1 0.149926 0.635913 0.010417 0.037698
2 0.149740 0.645503 0.007812 0.031746
1 0.201265 0.668981 0.011905 0.035053
9 0.199591 0.680225 0.012277 0.033730
0 0.224144 0.611442 0.005580 0.039021
1 0.276972 0.624008 0.008557 0.031085
2 0.276786 0.636905 0.011905 0.029101
1 0.235863 0.639220 0.008185 0.029762
9 0.236049 0.651455 0.012277 0.027778
3 0.181920 0.536706 0.057292 0.039021
3 0.144717 0.524802 0.050595 0.033730
3 0.199777 0.505291 0.043899 0.027778
3 0.121838 0.500331 0.047991 0.029762
3 0.110863 0.489418 0.043155 0.022487
0 0.256882 0.583333 0.007068 0.035714
1 0.212426 0.574735 0.008185 0.031746
2 0.214286 0.586640 0.021577 0.019841
1 0.224516 0.557209 0.009301 0.031085
2 0.227121 0.563161 0.017485 0.021825
1 0.149368 0.560516 0.010789 0.027116
2 0.151600 0.566468 0.020461 0.021825
1 0.266927 0.565476 0.007812 0.023810
9 0.269345 0.576058 0.020089 0.018519
0 0.379464 0.584325 0.008929 0.037698
3 0.181362 0.497685 0.046503 0.021825
3 0.176525 0.485119 0.045015 0.021825
3 0.016741 0.560847 0.033482 0.033069
3 0.024926 0.541336 0.048363 0.036376
3 0.088914 0.474868 0.051339 0.033069
3 0.034040 0.441138 0.033110 0.026455
0 0.023996 0.446429 0.010045 0.021164
1 0.352865 0.568122 0.007812 0.026455
3 0.355283 0.577712 0.017857 0.017857
3 0.379092 0.440476 0.035714 0.025132
8 0.380766 0.410714 0.091890 0.063492
3 0.483073 0.428241 0.036830 0.021825
3 0.510417 0.419643 0.027530 0.023148
3 0.488095 0.414352 0.027530 0.020503
3 0.597470 0.397817 0.031994 0.019180
0 0.312500 0.419974 0.004464 0.022487
1 0.284412 0.458003 0.007812 0.024471
2 0.283296 0.464286 0.015997 0.013228
0 0.534226 0.618386 0.007440 0.038360
0 0.523438 0.597222 0.007440 0.038360
0 0.540923 0.583995 0.005952 0.033069
0 0.554501 0.586310 0.006324 0.035053
0 0.545387 0.572421 0.006696 0.035053
0 0.557664 0.571098 0.007440 0.036376
0 0.702753 0.428241 0.005952 0.024471
1 0.714472 0.471230 0.007812 0.021825
9 0.714844 0.477183 0.014509 0.017857
0 0.411644 0.602844 0.007068 0.037698
0 0.422805 0.582341 0.007068 0.032407
0 0.426897 0.597884 0.010789 0.034392
1 0.428943 0.585317 0.006696 0.031746
2 0.428571 0.592923 0.020833 0.019180
0 0.453683 0.596230 0.007812 0.032407
1 0.424479 0.531746 0.007440 0.027778
3 0.521577 0.459987 0.034970 0.027116
8 0.454241 0.482143 0.095238 0.067460
1 0.507254 0.549272 0.005580 0.025794
2 0.509859 0.556548 0.014509 0.021825
1 0.458519 0.529762 0.007068 0.025132
2 0.460193 0.538690 0.018601 0.023148
1 0.438058 0.521164 0.005580 0.030423
2 0.439360 0.529431 0.018601 0.016534
1 0.501302 0.505622 0.007812 0.023148
2 0.503348 0.516204 0.015625 0.020503
1 0.517113 0.519841 0.007440 0.025132
2 0.517485 0.528439 0.014137 0.019841
1 0.571801 0.509921 0.006696 0.023810
9 0.571801 0.519511 0.017113 0.017857
1 0.475074 0.521495 0.006696 0.023148
9 0.477679 0.529431 0.017113 0.023148
2 0.328311 0.565146 0.022693 0.023148
1 0.328311 0.559854 0.011533 0.033730
0 0.596540 0.719907 0.013765 0.037698
3 0.455357 0.958995 0.047619 0.079365
3 0.385789 0.883598 0.043899 0.091270
3 0.449405 0.833995 0.037946 0.083333
3 0.500930 0.761243 0.034598 0.072751
3 0.447173 0.752315 0.031250 0.061508
3 0.396205 0.768519 0.031250 0.067460
3 0.449033 0.689815 0.027530 0.055556
4 0.491815 0.622354 0.029018 0.060847
3 0.399182 0.697751 0.030506 0.058201
3 0.784226 0.970569 0.095982 0.054894
3 0.949777 0.867725 0.092262 0.071429
0 0.964100 0.922950 0.016741 0.066799
0 0.981771 0.767196 0.014137 0.048942
3 0.898810 0.788029 0.084077 0.070767
3 0.725260 0.845569 0.084449 0.068122
3 0.690848 0.774471 0.086310 0.059524
0 0.642299 0.774471 0.012277 0.054233
3 0.678571 0.738757 0.075149 0.046296
3 0.660156 0.686177 0.067336 0.049603
3 0.643601 0.663690 0.061012 0.040344
3 0.632999 0.638889 0.058408 0.031746
0 0.801711 0.861442 0.014881 0.054894
9 0.808408 0.873677 0.020833 0.042328
3 0.810082 0.656746 0.073289 0.046296
3 0.793899 0.632937 0.065476 0.043651
0 0.869234 0.669312 0.008557 0.043651
0 0.876488 0.670304 0.007440 0.041667
0 0.856027 0.643519 0.009673 0.039683
0 0.848028 0.642196 0.008557 0.034392
0 0.704427 0.583333 0.007068 0.039683
0 0.814174 0.599537 0.007068 0.036376
0 0.800409 0.602513 0.008557 0.039683
0 0.805060 0.593585 0.005952 0.036376
0 0.582403 0.666336 0.006324 0.035053
4 0.601935 0.562169 0.051339 0.043651
3 0.646205 0.542989 0.040179 0.039683
3 0.670573 0.538360 0.036830 0.039683
3 0.698475 0.529101 0.035342 0.038360
3 0.720982 0.524802 0.033482 0.041667
3 0.742560 0.521495 0.034226 0.039021
3 0.768043 0.518519 0.039807 0.043651
4 0.788504 0.515542 0.036086 0.044312
0 0.784970 0.549603 0.007440 0.034392
0 0.792411 0.548611 0.005952 0.037698
0 0.807664 0.534061 0.006696 0.035053
3 0.312686 0.490410 0.045759 0.027116
3 0.355655 0.500000 0.044643 0.030423
3 0.764323 0.436508 0.031622 0.023810
3 0.796875 0.441799 0.022321 0.022487
3 0.760975 0.475529 0.033110 0.027778
3 0.677269 0.506944 0.038318 0.027116
3 0.635789 0.423611 0.034970 0.024471
3 0.656250 0.412368 0.031250 0.023148
3 0.616257 0.407738 0.032366 0.021825
3 0.651600 0.399802 0.025670 0.016534
3 0.733817 0.398148 0.029390 0.022487
3 0.740327 0.408399 0.031250 0.020503
3 0.764509 0.416997 0.029018 0.017857
0 0.813244 0.522817 0.006696 0.033730
0 0.821615 0.522817 0.008557 0.029762
0 0.830543 0.522487 0.008557 0.030423
0 0.837426 0.521164 0.005952 0.031746
0 0.817336 0.497024 0.005208 0.024471
3 0.621094 0.459325 0.039062 0.025794
8 0.635231 0.486111 0.083705 0.071429
3 0.584635 0.496032 0.033854 0.035714
3 0.325521 0.451389 0.037946 0.028439