3 0.480567 0.210551 0.014706 0.025210
2 0.680935 0.605509 0.015231 0.060691
1 0.682248 0.595705 0.014706 0.054155
9 0.645221 0.523343 0.012080 0.038282
1 0.645746 0.506536 0.012080 0.032680
1 0.615021 0.429972 0.009454 0.043884
4 0.862132 0.912232 0.102416 0.145658
4 0.783351 0.698880 0.042542 0.111111
3 0.731880 0.632586 0.058298 0.084967
9 0.576418 0.342670 0.008929 0.020542
3 0.115546 0.578431 0.069328 0.090570
3 0.568277 0.668534 0.053571 0.100840
3 0.547269 0.526611 0.040966 0.076564
4 0.690126 0.528478 0.042017 0.084034
3 0.514706 0.354342 0.027311 0.043884
3 0.126313 0.533613 0.094013 0.064426
3 0.176996 0.488796 0.050420 0.070028
3 0.663603 0.419234 0.066702 0.044818
6 0.469538 0.655462 0.030462 0.065359
3 0.509979 0.456116 0.032563 0.060691
1 0.465336 0.630719 0.019958 0.042017
9 0.115021 0.405229 0.023109 0.028011
7 0.195378 0.920635 0.086134 0.158730
0 0.682773 0.424837 0.012605 0.048553
1 0.791754 0.478058 0.015231 0.028011
1 0.799370 0.506536 0.016807 0.036415
0 0.721376 0.423903 0.013130 0.039216
3 0.203519 0.389356 0.060399 0.044818
3 0.381565 0.318394 0.023634 0.037348
3 0.401523 0.267040 0.018382 0.029879
3 0.297794 0.327731 0.028361 0.037348
6 0.252626 0.354809 0.034664 0.031746
3 0.516544 0.278245 0.018382 0.033613
3 0.625788 0.386088 0.032038 0.047619
3 0.610557 0.352941 0.024685 0.037348
3 0.607405 0.320728 0.030987 0.032680
3 0.575368 0.276844 0.018382 0.032680
3 0.423582 0.224556 0.021534 0.025210
3 0.456670 0.214753 0.014181 0.020542
3 0.513130 0.232026 0.015756 0.025210
3 0.168067 0.354809 0.044118 0.044818
3 0.431197 0.203548 0.012605 0.016807