3 0.512080 0.012605 0.017857 0.025210
3 0.429359 0.595238 0.049895 0.139122
3 0.273109 0.926237 0.085084 0.141923
4 0.023897 0.615780 0.047794 0.116713
0 0.127889 0.661064 0.015231 0.050420
0 0.127101 0.588235 0.026261 0.069094
1 0.272321 0.407096 0.014181 0.042951
1 0.711922 0.301120 0.014181 0.036415
9 0.711660 0.316060 0.029412 0.032680
3 0.399160 0.064426 0.032563 0.024276
3 0.402311 0.047619 0.029412 0.024276
3 0.379989 0.456116 0.043592 0.111111
9 0.331408 0.533147 0.015756 0.052288
1 0.331145 0.514006 0.015231 0.045752
9 0.336922 0.415966 0.015231 0.045752
1 0.335609 0.401027 0.013655 0.038282
3 0.091124 0.530812 0.108718 0.098039
3 0.096639 0.384687 0.075630 0.069094
3 0.082721 0.228291 0.041492 0.060691
3 0.101103 0.339869 0.088761 0.072829
3 0.269958 0.220822 0.059874 0.045752
3 0.455357 0.282913 0.034664 0.080299
3 0.347426 0.198413 0.064601 0.055089
3 0.423057 0.161064 0.026786 0.060691
3 0.381040 0.133053 0.037290 0.038282
3 0.828256 0.347806 0.079832 0.068161
5 0.947479 0.341737 0.100840 0.084034
4 0.779674 0.299720 0.068803 0.063492
9 0.705620 0.330532 0.023634 0.029879
1 0.708246 0.313259 0.014181 0.030812
3 0.628414 0.187675 0.060399 0.056022
3 0.618697 0.163399 0.054622 0.044818
3 0.464023 0.184874 0.029937 0.069094
3 0.565914 0.252101 0.047794 0.059757
3 0.511292 0.246032 0.028887 0.055089
3 0.511817 0.184407 0.024685 0.047619
3 0.475053 0.028478 0.018382 0.040149
7 0.437237 0.051354 0.022584 0.041083
9 0.558036 0.167600 0.009979 0.038282
1 0.558561 0.157330 0.009979 0.032680
9 0.420956 0.117180 0.012080 0.034547
9 0.460609 0.042017 0.009454 0.026144
9 0.453256 0.106909 0.007353 0.030812
9 0.395221 0.202148 0.015231 0.034547
9 0.319590 0.358077 0.017332 0.045752
1 0.320116 0.351541 0.015231 0.051354
9 0.211397 0.391690 0.036239 0.034547
1 0.211397 0.369281 0.015231 0.045752
9 0.283351 0.401494 0.030987 0.031746
1 0.278361 0.390289 0.016807 0.046685
9 0.276523 0.424837 0.032038 0.041083
3 0.021271 0.216153 0.035189 0.053221
3 0.433036 0.028478 0.016282 0.038282