4 0.503151 0.716620 0.031513 0.056956
8 0.652048 0.632120 0.032038 0.059757
5 0.946691 0.749767 0.104517 0.145658
3 0.869485 0.754435 0.047794 0.046685
3 0.570903 0.716620 0.024160 0.055089
5 0.378414 0.682540 0.074055 0.121382
5 0.425158 0.647059 0.050945 0.087768
4 0.570903 0.723156 0.030462 0.047619
5 0.781513 0.651727 0.067227 0.069094
3 0.513918 0.676937 0.016282 0.029879
5 0.783351 0.684407 0.033088 0.046685
3 0.585347 0.649860 0.015231 0.024276
3 0.570116 0.686275 0.016282 0.031746
3 0.688550 0.704015 0.022059 0.041083
3 0.664916 0.660131 0.024160 0.037348
3 0.566176 0.663399 0.015756 0.028945
3 0.571691 0.653595 0.014181 0.028011
3 0.545693 0.633520 0.016807 0.028945
5 0.523897 0.626517 0.034139 0.065359
3 0.503939 0.712418 0.024685 0.056022
3 0.512342 0.690476 0.016282 0.028945
5 0.438025 0.690943 0.050420 0.108310
5 0.477941 0.638189 0.039916 0.070028
3 0.570641 0.709617 0.021534 0.037348
5 0.525473 0.638189 0.033088 0.073763
3 0.571429 0.690009 0.023109 0.031746
3 0.916754 0.787115 0.054097 0.054155