3 0.363467 0.884259 0.058780 0.183862
0 0.256696 0.654762 0.017857 0.052910
3 0.498140 0.447090 0.030506 0.063492
0 0.396205 0.273148 0.011161 0.035714
0 0.011161 0.838624 0.020833 0.063492
3 0.300223 0.476190 0.045387 0.084656
3 0.365327 0.420635 0.035714 0.071429
3 0.441964 0.412037 0.037202 0.078042
3 0.325149 0.407407 0.041667 0.076720
3 0.539435 0.318122 0.023810 0.048942
3 0.320685 0.306217 0.049107 0.041005
3 0.379836 0.266534 0.029018 0.051587
3 0.389881 0.238757 0.025298 0.038360
3 0.241071 0.463624 0.068452 0.059524
3 0.295015 0.356481 0.060268 0.043651
3 0.255208 0.580026 0.058036 0.109788