2 0.430060 0.288690 0.008185 0.029762
3 0.042597 0.210648 0.029390 0.032407
3 0.096540 0.231812 0.030878 0.039021
5 0.165923 0.261574 0.044643 0.048280
3 0.522321 0.182209 0.017113 0.025794
1 0.641741 0.329034 0.015625 0.028439
3 0.490513 0.150463 0.015253 0.025794
9 0.345238 0.323082 0.030506 0.029762
1 0.345052 0.308532 0.013021 0.041667
3 0.402716 0.104167 0.012277 0.020503
8 0.298363 0.304233 0.078869 0.070106
3 0.489769 0.590278 0.065104 0.077381
3 0.254092 0.272156 0.029018 0.032407
2 0.425781 0.297288 0.008557 0.025794
2 0.433966 0.292659 0.009301 0.028439
3 0.519159 0.925926 0.068824 0.142857
3 0.535528 0.770172 0.052455 0.135582
1 0.811942 0.950066 0.021205 0.048280
0 0.798549 0.931548 0.023438 0.077381
2 0.810082 0.944775 0.022693 0.078704
8 0.656436 0.824405 0.085193 0.347222
5 0.476749 0.273148 0.023438 0.042328
3 0.504650 0.276786 0.021205 0.033730
3 0.478609 0.252976 0.017485 0.029762
3 0.512091 0.262897 0.015997 0.028439
8 0.473028 0.219577 0.026414 0.068783
3 0.500744 0.244378 0.016369 0.029762
4 0.957961 0.563161 0.083333 0.078704
6 0.576823 0.208995 0.012277 0.023810
2 0.643787 0.338955 0.015997 0.028439
3 0.505394 0.231812 0.018229 0.028439
3 0.496466 0.219907 0.016741 0.025794
3 0.492188 0.209325 0.012649 0.027116
3 0.462426 0.187169 0.014137 0.023810
4 0.458333 0.170966 0.013393 0.019180
4 0.455357 0.161706 0.012649 0.019180
5 0.485305 0.179894 0.018229 0.030423
3 0.474144 0.173280 0.013021 0.022487
5 0.364397 0.174603 0.027158 0.042328