0 0.983631 0.221561 0.017857 0.078042
0 0.899554 0.221561 0.017857 0.070106
0 0.950893 0.307540 0.029762 0.099206
0 0.382440 0.152116 0.013393 0.060847
0 0.336682 0.154762 0.014137 0.066138
0 0.406250 0.166005 0.017857 0.051587
0 0.186012 0.093254 0.016369 0.048942
0 0.907738 0.269180 0.023810 0.064815
1 0.565104 0.021164 0.014137 0.026455
2 0.568824 0.033730 0.027530 0.025132
1 0.616815 0.038360 0.011905 0.023810
9 0.616443 0.055556 0.024554 0.021164
0 0.549107 0.480159 0.032738 0.145503
0 0.797619 0.296958 0.022321 0.109788
0 0.673735 0.187831 0.017113 0.068783
0 0.672991 0.582672 0.048363 0.199735
0 0.372396 0.503968 0.033482 0.161376
0 0.565848 0.415344 0.031994 0.145503
0 0.188244 0.425926 0.028274 0.148148
0 0.329241 0.448413 0.031994 0.137566
0 0.474702 0.490741 0.040179 0.153439
0 0.376488 0.566799 0.037202 0.173280
0 0.503348 0.643519 0.043899 0.210317
0 0.522321 0.400794 0.028274 0.142857
0 0.220982 0.351852 0.025298 0.126984
0 0.253348 0.327381 0.031994 0.112434
0 0.409598 0.304894 0.020089 0.099206
0 0.557664 0.212302 0.018601 0.085979
0 0.915179 0.301587 0.031250 0.113757
0 0.422991 0.290344 0.023065 0.104497
1 0.793155 0.279101 0.020833 0.087302
0 0.813616 0.275794 0.024554 0.083333
0 0.507812 0.188492 0.017113 0.046296
1 0.967634 0.933201 0.061756 0.130952
1 0.542783 0.330688 0.023065 0.063492
0 0.526786 0.300926 0.020833 0.083333
0 0.568452 0.173942 0.017857 0.056878
1 0.127604 0.338624 0.023065 0.042328
1 0.098214 0.320106 0.031250 0.055556
2 0.434152 0.353175 0.036458 0.074074
1 0.145833 0.162698 0.010417 0.029101
0 0.192708 0.136905 0.016369 0.046296
0 0.786086 0.185185 0.018601 0.052910
0 0.468378 0.117063 0.014137 0.051587
0 0.411830 0.101190 0.011161 0.054233
1 0.140253 0.115079 0.015625 0.029101
1 0.117932 0.123016 0.015625 0.029101
0 0.306176 0.130952 0.014137 0.031746
0 0.838542 0.220238 0.019345 0.083333
0 0.967262 0.229497 0.023810 0.067460
0 0.596726 0.105159 0.011905 0.041005
0 0.594866 0.083995 0.011161 0.033069
1 0.906622 0.189815 0.020089 0.038360
1 0.946801 0.196429 0.020089 0.033069
1 0.933408 0.195767 0.018601 0.034392