5 0.141912 0.601307 0.047059 0.083660
6 0.137132 0.875163 0.046324 0.095425
3 0.462868 0.394118 0.018382 0.032680
3 0.706618 0.773856 0.061765 0.083660
3 0.887500 0.927451 0.097059 0.092810
3 0.215809 0.735294 0.068382 0.084967
3 0.038235 0.803268 0.076471 0.069281
3 0.118750 0.652288 0.069853 0.054902
3 0.045221 0.754902 0.090441 0.058824
3 0.216912 0.677778 0.038235 0.061438
3 0.712500 0.687582 0.069118 0.060131
3 0.217279 0.529412 0.055147 0.044444
4 0.418750 0.599346 0.027206 0.069281
3 0.407353 0.372549 0.014706 0.028758
3 0.433456 0.355556 0.013971 0.023529
6 0.100368 0.952288 0.049265 0.092810
3 0.209926 0.478431 0.044853 0.033987
3 0.211397 0.440523 0.034559 0.031373
3 0.230515 0.503922 0.034559 0.032680
4 0.326471 0.423529 0.023529 0.036601
4 0.335294 0.403268 0.017647 0.032680
5 0.567279 0.433987 0.022794 0.049673
3 0.690074 0.532026 0.052206 0.041830
3 0.785662 0.681046 0.080147 0.065359
3 0.718750 0.596078 0.063971 0.049673
3 0.653309 0.492157 0.049265 0.035294
9 0.807353 0.775163 0.017647 0.041830
1 0.273897 0.669935 0.009559 0.035294
3 0.636765 0.483007 0.047059 0.037908
3 0.633456 0.471242 0.044853 0.037908
3 0.706618 0.574510 0.052941 0.040523
6 0.645588 0.540523 0.035294 0.035294
6 0.162132 0.513725 0.038971 0.049673
3 0.544853 0.386928 0.026471 0.031373
3 0.573162 0.390196 0.036029 0.030065
5 0.597426 0.426144 0.044853 0.044444
3 0.352574 0.370588 0.016912 0.024837
3 0.358456 0.354248 0.018382 0.026144
1 0.336029 0.451634 0.007353 0.022222
1 0.300735 0.592810 0.010294 0.032680
9 0.865074 0.796078 0.034559 0.041830
0 0.227574 0.484967 0.008088 0.026144
0 0.238235 0.483007 0.008824 0.030065
0 0.245956 0.484314 0.008088 0.032680
9 0.368015 0.411111 0.008088 0.024837
3 0.567279 0.360131 0.031618 0.030065