4 0.503151 0.762372 0.031513 0.055089
3 0.893908 0.836601 0.056723 0.054155
3 0.568540 0.751167 0.023634 0.043884
5 0.373424 0.720355 0.068277 0.131653
5 0.426471 0.675537 0.066176 0.088702
4 0.568540 0.768908 0.027836 0.049486
5 0.906250 0.756303 0.110819 0.121382
3 0.496061 0.721289 0.017332 0.030812
4 0.726628 0.673203 0.017332 0.028011
3 0.568015 0.694211 0.021534 0.028945
5 0.836397 0.785247 0.045693 0.057890
5 0.627889 0.582166 0.017332 0.025210
3 0.663603 0.579832 0.007878 0.013072
3 0.586922 0.672736 0.016282 0.027077
3 0.673057 0.587302 0.008929 0.013072
3 0.652311 0.661998 0.021008 0.037348
3 0.503939 0.744631 0.024685 0.043884
3 0.510242 0.723623 0.016282 0.029879
5 0.435924 0.729225 0.050420 0.104575
5 0.474527 0.673203 0.040441 0.072829
3 0.565651 0.721289 0.022059 0.032680
5 0.522584 0.671802 0.033613 0.073763
3 0.564338 0.708683 0.016282 0.031746