5 0.544905 0.039216 0.044643 0.078431
3 0.436712 0.143791 0.044643 0.087768
3 0.603729 0.061158 0.038340 0.079365
3 0.447479 0.028945 0.039916 0.057890
3 0.596376 0.620915 0.078256 0.183007
3 0.259979 0.570962 0.128151 0.120448
0 0.762605 0.843604 0.027311 0.081232
6 0.206145 0.898226 0.121324 0.192344
5 0.867384 0.772176 0.201155 0.179272
5 0.691439 0.371615 0.157038 0.138189
6 0.137605 0.876284 0.120798 0.176471
0 0.320378 0.424837 0.018908 0.070962
0 0.274422 0.442577 0.023634 0.070962
0 0.327468 0.407096 0.016282 0.069094
0 0.317752 0.402428 0.024160 0.076564
3 0.257878 0.365546 0.108193 0.096172
0 0.288866 0.395892 0.025210 0.070962
0 0.265494 0.319328 0.023634 0.067227
0 0.368697 0.311858 0.015756 0.072829
5 0.680935 0.262372 0.146534 0.110177
5 0.819328 0.260504 0.126050 0.126984
0 0.892069 0.221289 0.022584 0.059757
1 0.836134 0.099907 0.027311 0.056022