3 0.141019 0.701681 0.027836 0.043884
3 0.147321 0.680205 0.027836 0.038282
5 0.076681 0.642390 0.053571 0.115780
5 0.111607 0.586835 0.046744 0.088702
1 0.143382 0.596172 0.006303 0.027077
5 0.165966 0.584967 0.046218 0.077498
3 0.226366 0.709617 0.027311 0.048553
5 0.161765 0.611111 0.028361 0.055089
3 0.225578 0.680205 0.024685 0.043884
3 0.223477 0.662465 0.024685 0.043884
3 0.220588 0.643324 0.021008 0.033613
3 0.193015 0.581232 0.015231 0.021475
3 0.219013 0.625117 0.018908 0.027077
5 0.341387 0.622316 0.043067 0.083100
3 0.402836 0.569561 0.014706 0.020542
3 0.663340 0.652194 0.037815 0.036415
3 0.792805 0.714286 0.058298 0.048553
3 0.920956 0.772176 0.074055 0.057890
3 0.462447 0.652661 0.043592 0.042951
3 0.501576 0.680205 0.040966 0.049486
4 0.533876 0.696078 0.040441 0.056956
5 0.616859 0.675537 0.141282 0.127918
3 0.764181 0.633520 0.034664 0.027077
4 0.906513 0.670868 0.053571 0.049486
5 0.965861 0.667134 0.066176 0.071895
3 0.948004 0.641457 0.037815 0.035481
3 0.956408 0.624183 0.030462 0.025210
5 0.951943 0.619514 0.027836 0.027077
5 0.921744 0.612512 0.040966 0.042951
3 0.860032 0.630719 0.034139 0.032680
1 0.557773 0.786181 0.012605 0.059757
0 0.598214 0.783847 0.015756 0.060691
0 0.553046 0.775444 0.012605 0.060691
0 0.603466 0.792250 0.012605 0.066293
0 0.620011 0.740896 0.012080 0.049486
0 0.593750 0.800654 0.017332 0.058824
5 0.873950 0.659197 0.053571 0.044818
3 0.629989 0.626517 0.030987 0.033613
5 0.021534 0.625584 0.043067 0.104575
5 0.074842 0.599907 0.068803 0.114846
3 0.339548 0.578431 0.018382 0.027077