2 0.078782 0.292717 0.013655 0.032680
2 0.087185 0.302988 0.014706 0.053221
2 0.100840 0.297386 0.015756 0.055089
3 0.131303 0.281046 0.047269 0.085901
3 0.184611 0.229225 0.051996 0.088702
0 0.200105 0.624183 0.012605 0.047619
3 0.703519 0.349673 0.077206 0.068161
0 0.615809 0.199813 0.008929 0.033613
0 0.623424 0.197479 0.009454 0.040149
3 0.034926 0.375350 0.068803 0.069094
0 0.520483 0.183007 0.008403 0.039216
0 0.642595 0.201214 0.015231 0.043884
0 0.704569 0.936975 0.015231 0.043884
0 0.695903 0.918301 0.015756 0.043884
0 0.701418 0.801120 0.011029 0.041083
0 0.716124 0.817460 0.009979 0.043884
0 0.686975 0.790850 0.014706 0.044818
6 0.514443 0.682073 0.036239 0.062558
0 0.511029 0.189542 0.009454 0.037348
0 0.689338 0.936975 0.016282 0.056956
3 0.595588 0.312325 0.069328 0.068161
2 0.605305 0.372082 0.021534 0.032680
3 0.245011 0.915033 0.087710 0.112045
3 0.470063 0.079832 0.052521 0.081232
3 0.332721 0.610644 0.046744 0.158730
3 0.347689 0.427171 0.042017 0.129785
3 0.513393 0.377218 0.068803 0.085901
3 0.367122 0.286181 0.040966 0.116713
3 0.321691 0.171335 0.041492 0.098039
0 0.952994 0.687675 0.024685 0.043884
2 0.295956 0.359477 0.013130 0.046685
2 0.533613 0.331466 0.014706 0.044818
0 0.638918 0.381419 0.011029 0.043884
0 0.556985 0.320261 0.008929 0.041083
0 0.585347 0.964052 0.013130 0.047619
2 0.791492 0.584034 0.031513 0.038282
2 0.898634 0.580299 0.031513 0.040149
2 0.493435 0.199813 0.016282 0.037348
0 0.213235 0.289449 0.013655 0.044818
2 0.561187 0.896359 0.020483 0.063492
0 0.886292 0.973856 0.016282 0.044818
2 0.959559 0.867414 0.024160 0.061625
2 0.982668 0.855275 0.025210 0.070962
0 0.564338 0.069561 0.012080 0.038282
0 0.575893 0.054155 0.008929 0.028011
0 0.580620 0.048086 0.008929 0.027077
0 0.747111 0.257236 0.012080 0.043884
0 0.599002 0.134454 0.008929 0.037348
0 0.191439 0.119981 0.022584 0.049486