3 0.014443 0.352007 0.028887 0.069094
3 0.031775 0.542951 0.063550 0.088702
3 0.224265 0.347339 0.077731 0.065359
3 0.327994 0.310924 0.070903 0.057890
4 0.363708 0.217087 0.056197 0.051354
3 0.391019 0.124650 0.039391 0.032680
4 0.397584 0.103175 0.034664 0.040149
3 0.935399 0.540149 0.103992 0.075630
7 0.916754 0.369748 0.054097 0.065359
0 0.923057 0.387955 0.016282 0.043884
7 0.790179 0.360878 0.056197 0.058824
4 0.524160 0.224090 0.024160 0.061625
9 0.731880 0.525210 0.026786 0.036415
1 0.736870 0.516340 0.017857 0.065359
3 0.665704 0.294585 0.064601 0.058824
3 0.650473 0.254435 0.058298 0.051354
3 0.547794 0.162932 0.034664 0.043884
3 0.518908 0.104108 0.022059 0.036415
3 0.550683 0.126517 0.022584 0.040149
3 0.461922 0.268441 0.028887 0.075630
3 0.475053 0.174136 0.022584 0.047619
7 0.430935 0.118114 0.020483 0.040149
9 0.553834 0.078431 0.007878 0.028011
9 0.178309 0.443978 0.033088 0.032680
0 0.182511 0.425303 0.016282 0.043884
9 0.386292 0.561625 0.012080 0.051354
9 0.340074 0.672269 0.017332 0.057890
9 0.350053 0.386088 0.022584 0.036415
1 0.344800 0.372082 0.014181 0.051354
9 0.382878 0.459384 0.029412 0.042951
0 0.377889 0.448646 0.016282 0.062558
9 0.244485 0.642390 0.035189 0.039216
1 0.238708 0.626050 0.019433 0.066293
9 0.245536 0.667134 0.044643 0.040149
9 0.378939 0.054622 0.018382 0.017740
3 0.415966 0.055556 0.037815 0.028945
9 0.760767 0.472923 0.041492 0.032680
1 0.764443 0.454248 0.022584 0.051354
1 0.340336 0.652194 0.015756 0.064426
3 0.635767 0.221755 0.049895 0.047619
9 0.773372 0.492063 0.039391 0.031746
1 0.773897 0.481326 0.014181 0.055089
1 0.242384 0.662465 0.014181 0.058824
4 0.448267 0.145658 0.022584 0.050420
1 0.387080 0.539683 0.015756 0.054155
3 0.436975 0.074230 0.017857 0.043884
9 0.811712 0.465453 0.037290 0.036415
1 0.814338 0.448179 0.024685 0.048553
2 0.716912 0.813259 0.030462 0.072829
1 0.716649 0.794118 0.022584 0.066293
3 0.486607 0.054155 0.018382 0.035481
3 0.490809 0.023810 0.016282 0.027077
1 0.799107 0.398226 0.020483 0.032680
9 0.447216 0.117647 0.008929 0.029879
4 0.435662 0.036881 0.020483 0.043884
0 0.362658 0.068627 0.009979 0.036415
9 0.454044 0.107376 0.008929 0.029879
9 0.468750 0.031279 0.009979 0.034547
3 0.455620 0.014006 0.016282 0.028011