3 0.132090 0.704482 0.027836 0.043884
3 0.138393 0.681139 0.027836 0.042017
5 0.075105 0.643324 0.053571 0.115780
5 0.111607 0.586835 0.046744 0.088702
1 0.142857 0.596172 0.006303 0.027077
5 0.160189 0.577965 0.046218 0.082166
5 0.145221 0.635854 0.036239 0.072829
3 0.220063 0.698880 0.030462 0.043884
3 0.218225 0.681139 0.024685 0.043884
3 0.213761 0.653595 0.021008 0.033613
3 0.180410 0.582166 0.015231 0.021475
3 0.214286 0.629785 0.018908 0.027077
3 0.392595 0.573296 0.015231 0.020542
3 0.925158 0.773576 0.078256 0.066293
3 0.347164 0.565359 0.021008 0.027077
3 0.471376 0.661531 0.040441 0.049486
4 0.501313 0.678338 0.040441 0.055089
5 0.602679 0.680205 0.141282 0.127918
3 0.755515 0.632586 0.034139 0.027077
4 0.902311 0.665266 0.053571 0.049486
5 0.963498 0.670401 0.070903 0.070962
3 0.948004 0.641457 0.037815 0.035481
3 0.956408 0.624183 0.030462 0.025210
5 0.943015 0.616713 0.027836 0.027077
5 0.913078 0.608777 0.040441 0.042951
3 0.850840 0.629785 0.035714 0.032680
0 0.413078 0.760971 0.014181 0.054155
0 0.460347 0.757236 0.014181 0.056022
0 0.414653 0.753035 0.012080 0.060691
0 0.466387 0.764239 0.014706 0.058824
0 0.499212 0.700280 0.012080 0.048553
0 0.436712 0.760504 0.015231 0.055089
5 0.865546 0.653128 0.053571 0.043884
3 0.442489 0.560691 0.021534 0.027077
5 0.020221 0.637722 0.040441 0.104575
5 0.073267 0.597106 0.068803 0.116713
3 0.329044 0.574697 0.018382 0.027077
4 0.549632 0.714753 0.059349 0.060691
4 0.615021 0.623249 0.033613 0.032680
3 0.211397 0.629785 0.018382 0.032680
3 0.213235 0.615313 0.018908 0.031746
3 0.772321 0.807656 0.067752 0.059757
4 0.797006 0.700747 0.054097 0.047619