0 0.106250 0.851634 0.018382 0.066667
5 0.259926 0.442484 0.024265 0.048366
9 0.390809 0.469935 0.011029 0.030065
9 0.365441 0.403268 0.008824 0.027451
9 0.397794 0.367974 0.011765 0.024837
9 0.368015 0.487582 0.011029 0.031373
6 0.026103 0.727451 0.052206 0.053595
0 0.148162 0.666013 0.016912 0.043137
6 0.285294 0.558170 0.020588 0.047059
3 0.495588 0.540523 0.026471 0.053595
3 0.072794 0.845752 0.066176 0.091503
3 0.911765 0.887582 0.105882 0.083660
3 0.860662 0.785621 0.091912 0.081046
7 0.155882 0.843137 0.060294 0.091503
5 0.800000 0.694771 0.092647 0.066667
3 0.792647 0.662092 0.066176 0.056209
3 0.777206 0.631373 0.072059 0.054902
3 0.629779 0.539216 0.030147 0.043137
3 0.838971 0.741830 0.075000 0.050980
3 0.717279 0.592157 0.053676 0.044444
3 0.352941 0.520261 0.025000 0.044444
4 0.212132 0.604575 0.053676 0.058824
3 0.321324 0.508497 0.041176 0.052288
7 0.252941 0.673856 0.045588 0.069281
0 0.104044 0.941830 0.019853 0.077124
3 0.212500 0.530065 0.058824 0.045752
1 0.175368 0.907843 0.019853 0.056209
2 0.179044 0.931373 0.027206 0.056209
7 0.252206 0.628105 0.038235 0.056209
0 0.696691 0.671242 0.013971 0.050980
1 0.087132 0.750980 0.013971 0.043137
9 0.090441 0.770588 0.041176 0.037908
1 0.210294 0.666667 0.017647 0.039216
6 0.213971 0.690850 0.044118 0.064052
3 0.251103 0.472549 0.046324 0.035294
7 0.073897 0.687582 0.050735 0.062745
7 0.091912 0.706536 0.077941 0.069281
3 0.215441 0.518954 0.060294 0.041830
7 0.134191 0.686928 0.033088 0.066667
3 0.315809 0.488235 0.025735 0.035294
7 0.028309 0.913072 0.056618 0.100654
3 0.637868 0.497386 0.043382 0.045752
3 0.304779 0.415686 0.043382 0.036601
7 0.037132 0.684967 0.049265 0.062745
3 0.511765 0.365359 0.017647 0.027451
6 0.268750 0.586275 0.025735 0.043137
3 0.291176 0.388235 0.033824 0.028758
3 0.286765 0.366013 0.029412 0.036601
3 0.306618 0.400000 0.033824 0.026144
4 0.379779 0.346405 0.015441 0.026144
1 0.052941 0.743137 0.017647 0.043137
9 0.060294 0.749020 0.032353 0.039216
0 0.116544 0.853595 0.016912 0.070588
6 0.317279 0.571895 0.021324 0.037908
3 0.645956 0.421569 0.041912 0.035294
3 0.686029 0.499346 0.050000 0.039216
3 0.655882 0.456863 0.044118 0.032680
3 0.622059 0.403922 0.038235 0.028758
9 0.691176 0.537908 0.010294 0.032680
1 0.368382 0.483660 0.008824 0.020915
1 0.391176 0.467320 0.007353 0.024837
0 0.129412 0.490850 0.011765 0.030065
1 0.365809 0.400654 0.006618 0.022222
3 0.624632 0.405882 0.036029 0.032680
3 0.616912 0.390850 0.044118 0.039216
6 0.612500 0.429412 0.025000 0.027451
6 0.258456 0.407190 0.027206 0.027451
3 0.548897 0.336601 0.021324 0.022222
3 0.575368 0.343791 0.031618 0.026144
5 0.586765 0.363399 0.036765 0.033987
1 0.396691 0.364052 0.006618 0.019608
0 0.315074 0.382353 0.006618 0.027451
0 0.320588 0.383660 0.008824 0.030065
0 0.325368 0.381046 0.009559 0.024837
1 0.557721 0.386928 0.008088 0.018301
0 0.811029 0.945752 0.017647 0.079739