3 0.325149 0.508598 0.038690 0.083333
3 0.498884 0.501323 0.031994 0.068783
3 0.557292 0.540344 0.029762 0.067460
6 0.039062 0.896825 0.051339 0.087302
3 0.589286 0.417989 0.025298 0.055556
3 0.614211 0.414683 0.024554 0.054233
4 0.689732 0.486111 0.062500 0.059524
3 0.574405 0.366402 0.034226 0.042328
3 0.417039 0.504630 0.039435 0.080688
3 0.482887 0.321429 0.020833 0.042328
3 0.441220 0.344577 0.025298 0.054233
3 0.514881 0.319444 0.023810 0.041005
7 0.629464 0.479497 0.037202 0.054233
3 0.543155 0.319444 0.019345 0.041005