5 0.013130 0.667134 0.026261 0.111111
3 0.394695 0.566293 0.019433 0.027077
3 0.134716 0.758637 0.043592 0.070028
3 0.164128 0.697479 0.027836 0.050420
5 0.099265 0.631653 0.050420 0.088702
5 0.134716 0.589636 0.044643 0.071895
3 0.249212 0.692344 0.025735 0.049486
5 0.179359 0.615780 0.021534 0.049486
3 0.243697 0.669001 0.027311 0.043884
3 0.384454 0.593838 0.021008 0.026144
3 0.410977 0.588235 0.018382 0.026144
3 0.472689 0.636321 0.045168 0.043884
3 0.577994 0.615313 0.025735 0.028011
3 0.537553 0.688609 0.043592 0.043884
3 0.610294 0.740896 0.055672 0.055089
4 0.682773 0.793184 0.067227 0.079365
5 0.724527 0.725490 0.179097 0.166200
3 0.815126 0.716620 0.053571 0.049486
3 0.752889 0.681139 0.039391 0.043884
3 0.784401 0.637722 0.043592 0.037348
4 0.929359 0.671335 0.062500 0.042951
3 0.882090 0.633053 0.037290 0.031746
0 0.844013 0.849673 0.018908 0.076564
0 0.842700 0.838002 0.016282 0.071895
0 0.863183 0.802054 0.018382 0.067227
0 0.862395 0.840336 0.017857 0.070962
3 0.663603 0.647059 0.037290 0.039216
3 0.425158 0.639122 0.040441 0.047619
3 0.358718 0.582633 0.026261 0.031746