5 0.544905 0.041083 0.044643 0.082166
3 0.436712 0.138189 0.044643 0.087768
3 0.605305 0.056489 0.038340 0.079365
3 0.448004 0.027544 0.039916 0.055089
3 0.609244 0.671335 0.079832 0.201681
3 0.297532 0.579365 0.128676 0.124183
0 0.763655 0.834267 0.027311 0.081232
6 0.206145 0.887488 0.121324 0.193277
5 0.869485 0.767507 0.201155 0.186741
5 0.693015 0.393091 0.157038 0.134454
6 0.140494 0.867414 0.121324 0.179272
0 0.322479 0.416900 0.018908 0.070028
0 0.278099 0.433240 0.023634 0.070962
0 0.333771 0.404295 0.017332 0.074697
0 0.324317 0.396825 0.023634 0.074697
3 0.261555 0.356209 0.108193 0.096172
0 0.291492 0.386555 0.025210 0.070962
0 0.280462 0.307190 0.024160 0.067227
0 0.369748 0.303455 0.015756 0.072829
5 0.681460 0.256769 0.146534 0.110177
5 0.818803 0.252101 0.126050 0.126984
0 0.893120 0.213819 0.022584 0.059757
1 0.835872 0.091503 0.026786 0.056022