3 0.479254 0.309524 0.024685 0.038282
6 0.015231 0.922035 0.028361 0.088702
2 0.707458 0.643791 0.014706 0.060691
1 0.706933 0.622316 0.015756 0.043884
9 0.645221 0.480392 0.012080 0.038282
1 0.645746 0.470121 0.012080 0.032680
1 0.626576 0.421569 0.009454 0.043884
6 0.935662 0.954248 0.090861 0.085901
3 0.859506 0.831933 0.102416 0.132586
3 0.791229 0.698880 0.071954 0.098039
3 0.747637 0.607843 0.069853 0.093371
9 0.771271 0.640056 0.039391 0.055089
9 0.824842 0.628385 0.039391 0.046685
3 0.592437 0.584034 0.046218 0.079365
4 0.715861 0.517740 0.047269 0.086835
4 0.671218 0.449113 0.037815 0.067227
4 0.657038 0.395425 0.028361 0.047619
3 0.634716 0.378618 0.025735 0.043884
3 0.118172 0.504202 0.081933 0.069094
9 0.514443 0.325397 0.008929 0.021475
3 0.209034 0.465920 0.044118 0.063492
3 0.286502 0.355275 0.034139 0.049486
3 0.543330 0.388422 0.030987 0.050420
3 0.534401 0.342204 0.024685 0.040149
4 0.619748 0.341270 0.025210 0.045752
3 0.530200 0.294585 0.019433 0.034547
3 0.285189 0.336601 0.052521 0.040149
3 0.306985 0.324930 0.024685 0.037348
3 0.614233 0.300654 0.045693 0.031746
6 0.566439 0.734360 0.030987 0.079365
1 0.564338 0.704949 0.020483 0.042951
9 0.387868 0.285247 0.015231 0.021475
9 0.417805 0.363679 0.013130 0.034547
7 0.436187 0.255369 0.014181 0.032680
3 0.416492 0.249300 0.017857 0.026144