3 0.859559 0.447712 0.045588 0.035294
3 0.759926 0.367974 0.034559 0.032680
3 0.968015 0.954248 0.061029 0.083660
3 0.604779 0.415686 0.024265 0.041830
3 0.662132 0.375817 0.043382 0.032680
3 0.706985 0.398039 0.041912 0.037908
7 0.296691 0.419608 0.021324 0.047059
0 0.724632 0.466667 0.009559 0.033987
5 0.653676 0.355556 0.038235 0.036601
9 0.077206 0.495425 0.030882 0.036601
0 0.785294 0.442484 0.010294 0.035294
0 0.886397 0.474510 0.009559 0.036601
0 0.898897 0.475163 0.008088 0.035294
0 0.901838 0.511111 0.009559 0.026144
0 0.651103 0.295425 0.008088 0.018301
0 0.763603 0.375817 0.008088 0.027451
3 0.400735 0.358824 0.017647 0.037908
3 0.369853 0.343791 0.017647 0.033987
3 0.422059 0.211765 0.011765 0.023529
3 0.399265 0.216993 0.013235 0.020915
3 0.440441 0.153595 0.010294 0.016993
3 0.443382 0.109804 0.008824 0.015686
3 0.462868 0.124837 0.008088 0.019608
2 0.215809 0.864052 0.012500 0.018301
1 0.215809 0.829412 0.009559 0.037908
2 0.580515 0.443791 0.006618 0.022222
4 0.486397 0.301307 0.018382 0.035294
3 0.512500 0.127451 0.027941 0.024837
3 0.493750 0.112418 0.021324 0.023529
0 0.348162 0.315686 0.008088 0.032680
3 0.457721 0.141830 0.013971 0.030065
9 0.118015 0.426144 0.027206 0.039216
3 0.554779 0.216993 0.025735 0.015686
3 0.550368 0.205882 0.021324 0.014379
3 0.544853 0.192810 0.025000 0.016993
3 0.526838 0.181699 0.021324 0.015686
3 0.506618 0.160131 0.020588 0.016993
0 0.581985 0.433333 0.008088 0.024837
3 0.763235 0.454902 0.054412 0.036601
3 0.771324 0.489542 0.058824 0.043137
3 0.787868 0.512418 0.063971 0.047059
3 0.873162 0.576471 0.066912 0.052288
3 0.788603 0.892810 0.069853 0.122876
3 0.629044 0.471895 0.028676 0.044444
3 0.929044 0.849673 0.102206 0.083660
3 0.896691 0.785621 0.090441 0.075817
3 0.391544 0.575817 0.030147 0.071895
3 0.908824 0.537255 0.057353 0.062745
3 0.494485 0.187582 0.013971 0.027451
3 0.895588 0.639869 0.072059 0.056209
8 0.026838 0.811111 0.053676 0.192157
3 0.302206 0.948366 0.048529 0.098039
3 0.383456 0.917647 0.047794 0.143791
3 0.311397 0.801961 0.041912 0.105882
3 0.386765 0.777124 0.035294 0.111111
3 0.481250 0.974510 0.049265 0.048366
4 0.465074 0.811111 0.041912 0.134641
3 0.456250 0.674510 0.034559 0.091503
3 0.405515 0.163399 0.009559 0.023529
3 0.253676 0.347712 0.032353 0.036601
3 0.233824 0.279739 0.017647 0.028758
3 0.252574 0.288235 0.016912 0.027451
3 0.641544 0.310458 0.044853 0.035294
3 0.661397 0.302614 0.034559 0.027451
3 0.855515 0.733333 0.084559 0.065359
3 0.588235 0.297386 0.022059 0.027451
3 0.730515 0.907190 0.075735 0.128105
3 0.229044 0.471895 0.053676 0.039216
4 0.780147 0.395425 0.036765 0.045752
4 0.815441 0.409150 0.023529 0.047059