3 0.762342 0.515406 0.032038 0.052288
3 0.750788 0.488796 0.026786 0.038282
0 0.814338 0.519141 0.006828 0.033613
0 0.799107 0.526611 0.008929 0.029879
3 0.634191 0.365079 0.018382 0.033613
3 0.445378 0.885154 0.058824 0.132586
3 0.456145 0.559757 0.053046 0.051354
3 0.443803 0.465920 0.029412 0.042951
3 0.479254 0.402428 0.021534 0.033613
3 0.502889 0.359010 0.015231 0.028945
3 0.508666 0.350140 0.014181 0.024276
3 0.516282 0.345005 0.012605 0.023343
3 0.134716 0.516340 0.050945 0.048553
3 0.574842 0.476190 0.026786 0.052288
3 0.548845 0.438842 0.018908 0.033613
3 0.558298 0.381886 0.013655 0.028011
3 0.572742 0.524743 0.026786 0.050420
3 0.580620 0.422969 0.016282 0.028011
3 0.583508 0.405696 0.015756 0.028945
3 0.534139 0.503735 0.026261 0.053221
3 0.541229 0.404295 0.018382 0.033613
9 0.637868 0.349206 0.013130 0.033613
9 0.648897 0.349206 0.011029 0.028011
1 0.636555 0.348273 0.008403 0.029879
1 0.647584 0.350140 0.010504 0.028011
0 0.797532 0.483660 0.011029 0.037348
0 0.807511 0.524276 0.006828 0.028945
0 0.561450 0.556489 0.008403 0.041083
0 0.562763 0.564893 0.008929 0.041083
3 0.741597 0.463119 0.024160 0.033613
1 0.603992 0.569094 0.011555 0.043884
2 0.600578 0.582166 0.021534 0.025210
9 0.518908 0.573763 0.023109 0.042017
1 0.519695 0.567227 0.011029 0.038282
0 0.939601 0.561158 0.007353 0.041083
0 0.821166 0.509804 0.011029 0.044818
0 0.946691 0.558357 0.008929 0.029879
9 0.756565 0.556022 0.013130 0.034547
1 0.758403 0.548553 0.012605 0.040149
3 0.533088 0.309057 0.013655 0.024276
3 0.576418 0.446779 0.020483 0.038282
3 0.585609 0.385621 0.013655 0.024276
3 0.518382 0.483660 0.021008 0.042951
0 0.849527 0.526611 0.008929 0.037348
0 0.563288 0.559757 0.008929 0.042017
0 0.646271 0.501401 0.008929 0.037348