4 0.500788 0.728291 0.033088 0.056022
8 0.644433 0.630252 0.027311 0.054155
5 0.944590 0.759104 0.107668 0.149393
3 0.873162 0.774043 0.049895 0.054155
3 0.569328 0.726424 0.024160 0.052288
5 0.376050 0.691877 0.073529 0.121382
5 0.424895 0.658263 0.059874 0.089636
4 0.568803 0.732960 0.028361 0.046685
5 0.789916 0.664332 0.075630 0.086835
3 0.511817 0.691410 0.016282 0.028945
5 0.797269 0.710084 0.043067 0.071895
3 0.584559 0.654528 0.015756 0.026144
3 0.564338 0.685341 0.016282 0.031746
3 0.680410 0.701681 0.017332 0.032680
3 0.663340 0.666667 0.017857 0.033613
3 0.564076 0.668534 0.015756 0.028011
3 0.570641 0.658263 0.014181 0.028011
3 0.544118 0.633987 0.016807 0.026144
5 0.519958 0.632120 0.031513 0.063492
3 0.502889 0.722222 0.024685 0.056956
3 0.511555 0.696545 0.015756 0.028011
5 0.436712 0.699813 0.049895 0.107376
5 0.476891 0.647993 0.038866 0.070962
3 0.569328 0.715686 0.021008 0.038282
5 0.522847 0.645658 0.033088 0.073763
3 0.569328 0.699346 0.023109 0.031746
3 0.923057 0.806723 0.058298 0.057890