5 0.597689 0.487395 0.017857 0.041083
3 0.595851 0.685341 0.074055 0.123249
3 0.278624 0.827264 0.034139 0.052288
3 0.616334 0.428571 0.047794 0.042951
5 0.076418 0.938375 0.152836 0.121382
3 0.432773 0.598039 0.015756 0.038282
3 0.740809 0.448179 0.023634 0.028011
3 0.727679 0.286181 0.014181 0.025210
4 0.541229 0.347806 0.009979 0.015873
3 0.455620 0.282913 0.008929 0.016807
3 0.465336 0.256303 0.007353 0.014006
5 0.439076 0.206349 0.013655 0.028011
3 0.474527 0.266573 0.008929 0.015873
3 0.456145 0.236228 0.008929 0.014939
3 0.494223 0.213352 0.009454 0.014006
3 0.461134 0.217554 0.009454 0.016807
3 0.486870 0.193744 0.007353 0.010271
5 0.509191 0.389356 0.014181 0.039216
3 0.467174 0.208683 0.008929 0.015873
3 0.467962 0.239963 0.009454 0.014939
5 0.544905 0.239029 0.013130 0.029879