0 0.528274 0.416667 0.029762 0.142857
0 0.664435 0.182540 0.016369 0.068783
0 0.537574 0.508598 0.042411 0.170635
0 0.634301 0.414021 0.030506 0.140212
0 0.371280 0.402116 0.031250 0.148148
0 0.485863 0.554233 0.040179 0.174603
0 0.429688 0.462963 0.029018 0.148148
0 0.486235 0.388889 0.026042 0.145503
0 0.691592 0.444444 0.036458 0.156085
0 0.581473 0.381614 0.030506 0.130952
0 0.402158 0.382937 0.027530 0.141534
0 0.133929 0.369709 0.038690 0.128307
0 0.155506 0.344577 0.026786 0.112434
0 0.550967 0.205026 0.021577 0.082011
0 0.953869 0.306878 0.035714 0.124339
0 0.138021 0.328042 0.026042 0.126984
1 0.790923 0.276455 0.026786 0.105820
0 0.808036 0.271164 0.023810 0.095238
0 0.658482 0.287698 0.016369 0.059524
0 0.848214 0.876984 0.061012 0.232804
1 0.538318 0.325397 0.026042 0.108466
0 0.520833 0.300926 0.026786 0.099206
0 0.484003 0.167989 0.017113 0.063492
0 0.094494 0.312831 0.017857 0.070106
1 0.096726 0.320767 0.031250 0.056878
2 0.430432 0.343254 0.040923 0.070106
0 0.627604 0.138228 0.017113 0.070106
1 0.163318 0.150132 0.017113 0.035714
0 0.195312 0.142196 0.017113 0.054233
0 0.785342 0.188492 0.017113 0.062169
0 0.463914 0.115741 0.012649 0.054233
0 0.401414 0.094577 0.012649 0.059524
0 0.148438 0.107143 0.012649 0.042328
0 0.831101 0.175265 0.014881 0.054233
1 0.118304 0.119048 0.016369 0.031746
0 0.242932 0.113757 0.014137 0.044974
0 0.702009 0.136905 0.012649 0.048942
0 0.370536 0.128307 0.014881 0.060847
0 0.613839 0.269180 0.014881 0.064815
0 0.647693 0.239418 0.020089 0.089947
0 0.925967 0.292328 0.027530 0.108466
0 0.957961 0.271825 0.026042 0.104497
0 0.181176 0.103836 0.014137 0.046296
0 0.544643 0.101190 0.008929 0.038360
0 0.518973 0.099868 0.008185 0.035714
0 0.559524 0.229497 0.017857 0.078042
0 0.738467 0.134921 0.017113 0.052910
0 0.973586 0.271164 0.021577 0.095238
1 0.955729 0.174603 0.020089 0.063492
1 0.904762 0.184524 0.020833 0.046296
1 0.940476 0.193783 0.017857 0.035714
1 0.925967 0.189815 0.018601 0.035714