3 0.430882 0.644771 0.027206 0.049020
8 0.409191 0.794771 0.069118 0.219608
3 0.424632 0.694771 0.031618 0.049673
3 0.395037 0.969608 0.048162 0.059477
3 0.470772 0.888562 0.042279 0.080392
3 0.511213 0.652614 0.028309 0.049020
3 0.520404 0.786601 0.036397 0.067320
3 0.527022 0.870261 0.038603 0.083007
3 0.534007 0.955556 0.050368 0.087582
3 0.563419 0.736275 0.036397 0.067320
3 0.590993 0.934641 0.045956 0.084967
3 0.594853 0.679412 0.030882 0.052941
8 0.626838 0.775817 0.077206 0.198693
3 0.649816 0.923529 0.050368 0.083660
3 0.780147 0.553595 0.048529 0.037908
3 0.715257 0.536275 0.048162 0.041176
3 0.649449 0.527124 0.045221 0.039869
3 0.644853 0.505556 0.042647 0.035948
3 0.590257 0.509804 0.038603 0.036601
3 0.542647 0.496405 0.041176 0.034641
8 0.545404 0.472222 0.092279 0.068627
3 0.466544 0.483660 0.044853 0.033987
3 0.439890 0.469608 0.034926 0.029412
3 0.407353 0.472876 0.036029 0.030719
3 0.370404 0.459150 0.035662 0.029412
0 0.242096 0.638235 0.010662 0.042484
0 0.261949 0.596405 0.011397 0.042484
3 0.317279 0.452614 0.036765 0.034641
5 0.749816 0.516340 0.057721 0.062745
3 0.569669 0.447386 0.023897 0.029412
3 0.502206 0.426471 0.019853 0.021569
0 0.020956 0.809150 0.015441 0.060131
3 0.014338 0.695752 0.028676 0.045098
3 0.024081 0.670588 0.048162 0.053595
3 0.031985 0.652941 0.062500 0.044444
3 0.055699 0.615359 0.060662 0.050327
3 0.093382 0.591176 0.058824 0.039869
4 0.135478 0.539216 0.055515 0.044444
3 0.141544 0.527778 0.055882 0.039869
3 0.158272 0.516993 0.047426 0.044444
3 0.216360 0.507516 0.029044 0.045098
3 0.080699 0.452614 0.032721 0.030719
3 0.060662 0.450980 0.030882 0.032680
3 0.040257 0.450000 0.034926 0.032026
3 0.139154 0.418627 0.032721 0.025490
3 0.191176 0.387255 0.028676 0.020261
3 0.125184 0.395752 0.026838 0.024183
8 0.088419 0.407843 0.076838 0.049673
8 0.068934 0.377778 0.059191 0.049673
3 0.049816 0.408170 0.026838 0.026797
3 0.173713 0.463399 0.040809 0.033987
3 0.381985 0.408170 0.014706 0.025490
3 0.484007 0.405556 0.016544 0.021569
3 0.473529 0.363399 0.010294 0.018301
3 0.511213 0.389542 0.015074 0.023529
3 0.363419 0.400980 0.013603 0.024183
3 0.343199 0.400980 0.013603 0.022876
3 0.386397 0.384641 0.013235 0.021569
4 0.347426 0.382353 0.013235 0.024837
3 0.366544 0.382026 0.013235 0.020261
3 0.424265 0.393464 0.013235 0.022222
3 0.404228 0.392484 0.012132 0.022876
0 0.529412 0.574837 0.011029 0.033333
0 0.563051 0.577778 0.009191 0.031373
0 0.569301 0.577124 0.011397 0.036601
0 0.597794 0.583007 0.011765 0.037908
0 0.612132 0.598039 0.010294 0.037908
9 0.522978 0.531699 0.017279 0.020261
1 0.523529 0.520261 0.009559 0.020915
9 0.581066 0.558824 0.012132 0.022222
1 0.581066 0.550980 0.009191 0.024837
9 0.608824 0.551634 0.018382 0.020915
1 0.606801 0.542810 0.007721 0.030719
0 0.988051 0.988889 0.014338 0.020915
0 0.975551 0.984641 0.017279 0.029412
0 0.934007 0.813399 0.015074 0.047712
0 0.874081 0.836928 0.015074 0.062092
0 0.886029 0.816993 0.012500 0.052288
0 0.880331 0.821242 0.013603 0.055556
0 0.854779 0.833987 0.015441 0.062745
0 0.945037 0.977451 0.015074 0.043791
0 0.842096 0.838235 0.014338 0.056863
0 0.910662 0.787908 0.011765 0.056863
0 0.894301 0.786601 0.013603 0.054248
1 0.862868 0.809477 0.013971 0.052941
9 0.801838 0.822876 0.028676 0.043137
0 0.873162 0.763399 0.011765 0.050980
0 0.848713 0.756536 0.012132 0.049020
0 0.854779 0.751307 0.008824 0.049020
1 0.900184 0.746732 0.018015 0.033333
1 0.940625 0.797059 0.013603 0.033333
1 0.925551 0.785294 0.016544 0.033333
0 0.931985 0.760131 0.013971 0.049673
0 0.877390 0.703268 0.013603 0.047059
0 0.849265 0.703922 0.010294 0.041830
0 0.852022 0.696405 0.009191 0.046405
0 0.873529 0.670261 0.008824 0.038562
0 0.879963 0.667647 0.012132 0.041176
3 0.461581 0.345752 0.012132 0.016993
0 0.724816 0.973529 0.015809 0.051634
2 0.736213 0.974183 0.035662 0.042484
9 0.737868 0.930719 0.020588 0.050980
1 0.737316 0.919608 0.018750 0.049673
9 0.794669 0.931699 0.017279 0.054248
1 0.794301 0.918627 0.015074 0.049020
0 0.829963 0.890523 0.017279 0.047712
9 0.731985 0.879412 0.016912 0.051634
1 0.731618 0.872549 0.014706 0.052288
9 0.756066 0.856536 0.017279 0.049020
1 0.756434 0.845425 0.015074 0.047712
1 0.735846 0.844771 0.012868 0.046405
1 0.729228 0.819935 0.013603 0.037255
1 0.739522 0.800327 0.010662 0.041176
1 0.751287 0.797059 0.011397 0.051634
1 0.710110 0.795098 0.013603 0.050327
1 0.687316 0.755229 0.011397 0.047712
1 0.720404 0.781373 0.012132 0.045098
1 0.731066 0.769608 0.015074 0.045098
1 0.702022 0.770915 0.012132 0.049020
1 0.733088 0.749673 0.013971 0.043137
1 0.705699 0.754248 0.013603 0.040523
1 0.686397 0.729085 0.011765 0.043791
1 0.676287 0.710131 0.014338 0.047712
1 0.715074 0.729085 0.013235 0.047712
1 0.694485 0.711765 0.011029 0.037908
0 0.772610 0.690523 0.014338 0.042484
0 0.805515 0.679412 0.012500 0.045098
0 0.817463 0.664052 0.010662 0.041830
0 0.809926 0.667647 0.009559 0.039869
1 0.840257 0.675817 0.011397 0.037908
1 0.735110 0.728758 0.011397 0.037908
1 0.717647 0.702288 0.012500 0.034641
1 0.703860 0.668301 0.012132 0.037255
1 0.681618 0.691830 0.011765 0.039869
0 0.752941 0.673856 0.013235 0.043137
3 0.517831 0.710458 0.030515 0.057516
3 0.576287 0.828105 0.043750 0.083660
3 0.750735 0.500327 0.039706 0.032026
3 0.502941 0.366013 0.014706 0.016993
3 0.498162 0.357843 0.012500 0.020261
3 0.473162 0.795098 0.036765 0.076471
3 0.579044 0.627778 0.028676 0.046405
3 0.471324 0.712745 0.029412 0.059477
3 0.542831 0.623529 0.029044 0.044444
3 0.470221 0.647059 0.027941 0.050980
3 0.482721 0.338235 0.011765 0.018954
3 0.475368 0.323529 0.013235 0.014379
3 0.458824 0.304575 0.010294 0.014379
9 0.808824 0.833987 0.035294 0.037908