0 0.378939 0.756303 0.019433 0.084034
0 0.404937 0.757703 0.022059 0.055089
0 0.397321 0.694678 0.012080 0.044818
0 0.418592 0.679272 0.018908 0.051354
3 0.411239 0.693744 0.049370 0.059757
0 0.238708 0.677871 0.028887 0.070962
0 0.213498 0.675537 0.024685 0.079365
0 0.355042 0.685341 0.024160 0.082166
9 0.306723 0.695145 0.058824 0.051354
0 0.644695 0.702148 0.019433 0.078431
0 0.984506 0.906162 0.021534 0.066293
0 0.941964 0.888422 0.015231 0.060691
0 0.897059 0.897759 0.019958 0.055089
0 0.829569 0.828665 0.034139 0.060691
0 0.351366 0.744631 0.017857 0.094304
0 0.282038 0.752101 0.018908 0.066293
0 0.222164 0.838002 0.017857 0.079365
0 0.299632 0.860878 0.021534 0.076564
0 0.315126 0.851074 0.017857 0.073763
0 0.329569 0.831933 0.021534 0.070962
0 0.343225 0.808123 0.021534 0.060691
0 0.263130 0.853875 0.021008 0.086835
0 0.279412 0.804855 0.017857 0.059757
0 0.295693 0.795051 0.015756 0.032680
0 0.311187 0.782446 0.012080 0.039216
4 0.609506 0.197479 0.085609 0.084967
3 0.709821 0.134921 0.085609 0.079365
0 0.751313 0.741363 0.026786 0.076564
6 0.694328 0.658730 0.113445 0.127918
4 0.937500 0.683007 0.113445 0.127918
0 0.765494 0.934174 0.023634 0.094304
0 0.795693 0.957516 0.031513 0.073763
0 0.612132 0.934641 0.025735 0.093371
0 0.642595 0.851074 0.023634 0.083100
9 0.702206 0.838469 0.067227 0.093371
0 0.617910 0.838469 0.023634 0.076564
0 0.631828 0.787582 0.021008 0.084967
1 0.508141 0.782446 0.029937 0.061625
1 0.522584 0.747899 0.025210 0.069094
0 0.431460 0.720355 0.022584 0.094304
3 0.309874 0.610177 0.146008 0.131653
0 0.384979 0.858077 0.024160 0.089636
0 0.585084 0.754902 0.014706 0.051354
0 0.596639 0.731092 0.014706 0.050420
0 0.500525 0.661998 0.016807 0.065359
0 0.534664 0.668067 0.014706 0.070028
0 0.520483 0.647993 0.017857 0.070962
6 0.806460 0.710084 0.060399 0.070028
9 0.534139 0.079365 0.037815 0.033613
1 0.535714 0.065826 0.014706 0.042017
1 0.544118 0.070962 0.012605 0.039216
9 0.578519 0.070962 0.027836 0.037348
1 0.579832 0.058824 0.016807 0.042951
0 0.434874 0.216153 0.018908 0.073763
0 0.407826 0.372082 0.017332 0.075630
0 0.344538 0.340803 0.021008 0.067227
0 0.353992 0.329599 0.019958 0.065359
0 0.344538 0.313259 0.023109 0.073763
0 0.325893 0.325397 0.019433 0.068161
9 0.395746 0.466853 0.047794 0.054155
1 0.395746 0.456116 0.019433 0.064426
1 0.382878 0.453782 0.017857 0.054155
2 0.171744 0.834734 0.025210 0.084034
9 0.135767 0.880952 0.042542 0.107376
9 0.095588 0.917367 0.054622 0.105509
0 0.369485 0.943978 0.023634 0.095238
0 0.329832 0.933240 0.029412 0.084967
0 0.233456 0.909430 0.026786 0.082166
3 0.972689 0.156863 0.052521 0.065359