0 0.519792 0.498611 0.007292 0.021296
3 0.486979 0.546296 0.017708 0.035185
8 0.227865 0.933796 0.071354 0.128704
3 0.607812 0.928241 0.072917 0.080556
3 0.596615 0.873611 0.065104 0.062037
3 0.612500 0.838426 0.064583 0.056481
3 0.631510 0.768981 0.041146 0.052778
3 0.104688 0.860648 0.070833 0.056481
3 0.373958 0.895833 0.037500 0.086111
3 0.429688 0.611574 0.019792 0.045370
0 0.607812 0.955556 0.012500 0.040741
0 0.564844 0.887963 0.009896 0.055556
0 0.300000 0.527315 0.007292 0.023148
2 0.723698 0.911574 0.020313 0.049074
0 0.437760 0.523611 0.006771 0.021296
0 0.445573 0.520833 0.006771 0.021296
3 0.530208 0.684722 0.020833 0.047222
8 0.504427 0.486574 0.018229 0.045370
3 0.301042 0.773148 0.035417 0.064815
3 0.323177 0.696296 0.033854 0.066667
3 0.352604 0.653704 0.027083 0.055556
3 0.364844 0.616667 0.034896 0.040741
3 0.371094 0.587963 0.030729 0.037037
3 0.384896 0.563426 0.020833 0.032407
3 0.396875 0.526852 0.015625 0.031481
3 0.414583 0.550463 0.016667 0.032407
9 0.354167 0.728241 0.017708 0.036111
3 0.389323 0.629630 0.024479 0.044444
3 0.527344 0.644444 0.023438 0.046296
3 0.519271 0.731019 0.027083 0.052778
3 0.524740 0.600926 0.018229 0.042593
3 0.525781 0.868981 0.033854 0.075000
0 0.486198 0.590278 0.008854 0.030556
3 0.596094 0.625926 0.032813 0.033333
3 0.601302 0.596296 0.021354 0.042593
3 0.181771 0.763426 0.051042 0.065741
3 0.202865 0.773611 0.042188 0.060185
4 0.245573 0.769907 0.044271 0.082407
3 0.613542 0.554167 0.034375 0.030556
3 0.407292 0.478704 0.015625 0.027778
3 0.610417 0.530093 0.028125 0.026852
6 0.242448 0.536574 0.026562 0.032407
3 0.550781 0.543056 0.032813 0.028704
3 0.546354 0.517593 0.031250 0.027778
4 0.536979 0.503241 0.030208 0.026852
5 0.598177 0.472685 0.017188 0.036111
0 0.519271 0.556481 0.007292 0.022222