3 0.027574 0.574697 0.055147 0.071895
9 0.306460 0.052754 0.007878 0.023343
1 0.306985 0.054155 0.011029 0.026144
4 0.314076 0.082633 0.014706 0.034547
0 0.007616 0.806256 0.015231 0.068161
3 0.334296 0.141457 0.017332 0.036415
2 0.164653 0.829599 0.030987 0.070028
3 0.888918 0.188142 0.042542 0.036415
3 0.705095 0.058357 0.026786 0.025210
4 0.711397 0.091970 0.026786 0.027077
3 0.947742 0.222689 0.043592 0.032680
3 0.944065 0.196078 0.039391 0.035481
3 0.975578 0.158730 0.037290 0.039216
3 0.284664 0.252101 0.031513 0.050420
4 0.244485 0.132120 0.023634 0.045752
5 0.312763 0.197012 0.026786 0.046685
3 0.158613 0.600840 0.086134 0.079365
3 0.297794 0.577965 0.093487 0.084034
4 0.380515 0.133053 0.020483 0.036415
3 0.287290 0.153595 0.023109 0.036415
3 0.224002 0.078898 0.018382 0.030812
3 0.264968 0.063959 0.023634 0.021475
3 0.420693 0.360411 0.034664 0.052288
3 0.242647 0.048086 0.015756 0.028945
3 0.385767 0.275444 0.028887 0.052288
3 0.284139 0.085434 0.018908 0.027077
0 0.035714 0.804388 0.023109 0.075630
0 0.079832 0.779645 0.022059 0.078431
0 0.111870 0.682540 0.018908 0.061625
1 0.130515 0.695145 0.016282 0.038282
9 0.055410 0.733894 0.030987 0.061625
1 0.048319 0.716153 0.018908 0.056022
0 0.006565 0.788049 0.013130 0.069094
3 0.923057 0.210551 0.040441 0.034547
3 0.919380 0.178805 0.036239 0.032680
4 0.856355 0.172269 0.037290 0.032680
4 0.835872 0.166667 0.032038 0.036415
4 0.852679 0.148926 0.036239 0.034547
4 0.837447 0.140523 0.035189 0.032680
3 0.823792 0.159197 0.036239 0.028945
3 0.803309 0.148926 0.033088 0.030812
3 0.783351 0.148926 0.027836 0.027077
3 0.772847 0.140523 0.027836 0.025210
3 0.855830 0.112512 0.027836 0.025210
3 0.839023 0.109711 0.026786 0.028945
3 0.829569 0.098506 0.032038 0.030812
3 0.813288 0.095705 0.025735 0.027077
3 0.800158 0.089169 0.030987 0.032680
3 0.765494 0.077965 0.029937 0.027077
3 0.723477 0.063025 0.026786 0.028945