6 0.596639 0.240896 0.021008 0.044818
3 0.527574 0.495331 0.046744 0.103641
4 0.577206 0.147526 0.028361 0.059757
2 0.570903 0.264239 0.011555 0.031746
1 0.571166 0.255369 0.008929 0.027077
3 0.527574 0.288049 0.028887 0.051354
9 0.535977 0.117647 0.008929 0.022409
3 0.535977 0.151261 0.024685 0.044818
4 0.612395 0.432306 0.040966 0.095238
3 0.791492 0.766106 0.121849 0.109244
9 0.914653 0.927171 0.057248 0.059757
9 0.860032 0.975257 0.053046 0.047619
9 0.857668 0.947246 0.052521 0.058824
3 0.762342 0.610644 0.123424 0.085901
9 0.862920 0.583567 0.042017 0.048553
3 0.780725 0.409897 0.059349 0.100840
0 0.728992 0.408964 0.014706 0.046685
0 0.738971 0.409430 0.011555 0.042017
0 0.744223 0.413165 0.009454 0.038282
9 0.306723 0.985528 0.028361 0.028945
1 0.308036 0.970588 0.018382 0.056956
3 0.218750 0.628852 0.115021 0.088702
3 0.423845 0.616713 0.046218 0.139122
3 0.459034 0.414099 0.040966 0.101774
4 0.479779 0.177404 0.021534 0.065359
3 0.646271 0.274977 0.065651 0.053221
3 0.250000 0.482726 0.109244 0.067227
6 0.299107 0.426237 0.087710 0.066293
3 0.522321 0.084500 0.024685 0.036415
3 0.499212 0.056022 0.024685 0.031746
3 0.512342 0.013072 0.017332 0.026144
0 0.535714 0.102241 0.009454 0.015873