3 0.391282 0.253035 0.052521 0.061625
3 0.399422 0.352474 0.048845 0.083100
3 0.564338 0.239963 0.040441 0.065359
3 0.533876 0.146592 0.024685 0.061625
3 0.596113 0.252101 0.036765 0.070962
3 0.550158 0.393557 0.029937 0.077498
3 0.381828 0.208217 0.055672 0.054155
3 0.406513 0.144258 0.024160 0.071895
3 0.408351 0.025210 0.020483 0.050420
9 0.493697 0.192810 0.011555 0.049486
3 0.315126 0.419234 0.030462 0.087768
3 0.406250 0.429972 0.030987 0.088702
3 0.405200 0.522409 0.027836 0.090570
3 0.576943 0.466387 0.042542 0.083100
3 0.613708 0.469655 0.055147 0.070962
3 0.623162 0.535481 0.054097 0.083100
3 0.568803 0.551354 0.028361 0.094304
3 0.584821 0.619514 0.049895 0.094304
3 0.584821 0.749767 0.032038 0.110177
3 0.339023 0.613912 0.055147 0.084967
4 0.344538 0.690476 0.058824 0.064426
3 0.334296 0.775910 0.064601 0.087768
3 0.289128 0.804388 0.046744 0.122316
3 0.208508 0.859944 0.072479 0.061625
3 0.089548 0.859010 0.077206 0.065359
3 0.654674 0.892624 0.069853 0.078431
3 0.052258 0.788049 0.077206 0.070962
9 0.503151 0.511204 0.014706 0.043884
9 0.539653 0.798786 0.019433 0.056956
0 0.344275 0.427171 0.017332 0.036415
2 0.306985 0.172269 0.012080 0.062558
3 0.354254 0.084500 0.047794 0.049486
0 0.357931 0.376751 0.015231 0.036415
0 0.363708 0.846405 0.018382 0.027077
2 0.565389 0.769841 0.015231 0.047619
9 0.547006 0.593371 0.017332 0.055089
0 0.688288 0.700747 0.007878 0.032680
0 0.700893 0.707283 0.007878 0.025210
0 0.704044 0.564426 0.012080 0.040149
0 0.251838 0.765173 0.016282 0.025210