4 0.449842 0.702148 0.032038 0.057890
8 0.606355 0.612979 0.030987 0.055089
5 0.921218 0.715686 0.152311 0.139122
3 0.788866 0.709150 0.048319 0.038282
3 0.521534 0.693744 0.024160 0.056022
5 0.326943 0.659197 0.074055 0.119514
5 0.377363 0.624650 0.049895 0.074697
4 0.521008 0.709617 0.030462 0.050420
5 0.688813 0.608310 0.048845 0.053221
3 0.465599 0.654528 0.016282 0.031746
5 0.674632 0.623716 0.022584 0.028011
3 0.531250 0.624650 0.015231 0.026144
3 0.517069 0.648459 0.015231 0.032680
3 0.677521 0.729225 0.039916 0.054155
3 0.628939 0.662932 0.024685 0.039216
3 0.522321 0.628852 0.015231 0.027077
5 0.477153 0.603641 0.037290 0.066293
3 0.453782 0.686275 0.024160 0.054155
3 0.462447 0.662932 0.015231 0.031746
5 0.389181 0.667134 0.050420 0.107376
5 0.431197 0.613912 0.039916 0.073763
3 0.522059 0.653595 0.021008 0.037348
5 0.476628 0.625117 0.034139 0.073763
3 0.521796 0.663399 0.021534 0.032680
3 0.901261 0.786648 0.060924 0.062558
3 0.825630 0.730159 0.050420 0.046685
3 0.590074 0.597572 0.015231 0.020542