3 0.502101 0.406629 0.043067 0.092437
3 0.222952 0.668067 0.149685 0.135387
4 0.496061 0.317927 0.037290 0.086835
3 0.555147 0.129318 0.022059 0.038282
3 0.656775 0.341737 0.041492 0.067227
4 0.704569 0.303922 0.047794 0.068161
4 0.711397 0.259104 0.069853 0.051354
3 0.727153 0.237628 0.063550 0.045752
3 0.687500 0.210551 0.056723 0.042017
1 0.901523 0.704949 0.021534 0.087768
2 0.893120 0.711018 0.049895 0.051354
1 0.820378 0.626517 0.024160 0.070962
2 0.819065 0.643324 0.048845 0.054155
1 0.609506 0.258170 0.014181 0.040149
1 0.613183 0.256769 0.011029 0.037348
9 0.608456 0.265173 0.015231 0.039216
1 0.446691 0.407563 0.011029 0.049486
1 0.451418 0.391690 0.009979 0.032680
2 0.445641 0.429972 0.016282 0.051354
1 0.444065 0.210084 0.008929 0.026144
6 0.446166 0.209150 0.019433 0.052288
1 0.457721 0.370682 0.014181 0.056022
9 0.457721 0.389356 0.013130 0.052288
1 0.592437 0.139589 0.012605 0.032680
2 0.592437 0.150794 0.008403 0.028945
2 0.659139 0.448646 0.021008 0.049486
1 0.660977 0.430906 0.019433 0.060691
3 0.504727 0.186741 0.024160 0.050420
3 0.869223 0.483660 0.113445 0.110177
3 0.511555 0.102241 0.021008 0.036415
3 0.498424 0.072362 0.023109 0.034547
4 0.516019 0.035014 0.014181 0.030812
3 0.476628 0.051354 0.017332 0.026144
0 0.613445 0.133987 0.011555 0.036415
2 0.575368 0.027544 0.013130 0.040149
0 0.629464 0.207750 0.009979 0.042017
0 0.697742 0.101307 0.015231 0.032680
0 0.604254 0.092904 0.008929 0.043884
0 0.454569 0.065826 0.012080 0.038282
0 0.616859 0.159197 0.009979 0.043884
0 0.620798 0.132586 0.011555 0.039216
3 0.405200 0.123716 0.051996 0.040149
3 0.420693 0.075630 0.049370 0.037348
4 0.446954 0.046218 0.023109 0.055089
3 0.671744 0.198880 0.060924 0.048553
3 0.657300 0.173203 0.049895 0.043884
3 0.647321 0.113445 0.047794 0.036415
3 0.639181 0.101774 0.050420 0.033613
3 0.601891 0.014006 0.032563 0.022409
3 0.618697 0.053688 0.033613 0.025210
3 0.632353 0.066293 0.035714 0.031746