3 0.197479 0.297386 0.077731 0.079365
0 0.852153 0.281513 0.013130 0.049486
9 0.351628 0.301120 0.013130 0.042017
9 0.364758 0.305789 0.013130 0.043884
9 0.380515 0.304855 0.009979 0.042017
3 0.411765 0.303922 0.044118 0.068161
3 0.470063 0.292717 0.048319 0.068161
3 0.756565 0.148926 0.030987 0.058824
9 0.841649 0.191877 0.011029 0.036415
0 0.729254 0.098506 0.007878 0.040149
0 0.805935 0.074230 0.007878 0.032680
0 0.225053 0.279645 0.014181 0.049486
3 0.956145 0.485061 0.086660 0.096172
3 0.445378 0.473856 0.096639 0.099907
0 0.512342 0.809524 0.021534 0.093371
0 0.479779 0.883287 0.021534 0.085901
9 0.627626 0.730626 0.039916 0.053221
1 0.623687 0.700747 0.012080 0.056956
2 0.172006 0.529412 0.041492 0.074697
6 0.281250 0.519141 0.056197 0.070962
9 0.678834 0.482260 0.041492 0.045752
1 0.684086 0.470121 0.016282 0.055089
9 0.673582 0.449580 0.032038 0.040149
1 0.677784 0.443978 0.016282 0.055089
7 0.849002 0.552288 0.068803 0.055089
1 0.844800 0.536415 0.024685 0.049486
6 0.424107 0.584034 0.044643 0.045752
1 0.428309 0.570028 0.013130 0.045752
2 0.676996 0.956583 0.057773 0.079365
2 0.189338 0.503735 0.035189 0.060691
2 0.666229 0.391223 0.029937 0.052288
9 0.571691 0.942577 0.060399 0.066293
1 0.576943 0.924837 0.026786 0.075630
9 0.873687 0.386088 0.027836 0.032680
0 0.877889 0.368347 0.013130 0.045752
2 0.972952 0.435574 0.037290 0.030812
1 0.844275 0.181139 0.009979 0.048553
3 0.856355 0.082633 0.021534 0.028945
3 0.834296 0.047152 0.016282 0.034547
3 0.839548 0.017274 0.020483 0.027077
3 0.966649 0.562558 0.063550 0.098039
3 0.133929 0.408964 0.088235 0.074697
3 0.866334 0.225490 0.032038 0.062558
3 0.332983 0.507937 0.121849 0.104575