3 0.727307 0.517857 0.026042 0.038360
4 0.852679 0.710317 0.022321 0.026455
4 0.838542 0.678571 0.025298 0.031746
4 0.870908 0.594577 0.018601 0.048942
3 0.887649 0.648148 0.019345 0.044974
3 0.125000 0.599206 0.026786 0.037037
3 0.199033 0.492725 0.026042 0.035714
3 0.012277 0.619048 0.021577 0.047619
3 0.853423 0.176587 0.025298 0.033069
5 0.960193 0.116402 0.030506 0.037037
4 0.712426 0.150132 0.021577 0.041005
4 0.739583 0.230820 0.026786 0.025132
3 0.297991 0.229497 0.018601 0.054233
3 0.258557 0.208995 0.020089 0.047619
3 0.249628 0.156085 0.018601 0.052910
3 0.282738 0.151455 0.017857 0.043651
3 0.331101 0.180556 0.020833 0.051587
4 0.149926 0.656085 0.029018 0.039683
3 0.189732 0.627646 0.029762 0.033069
8 0.743304 0.296958 0.063988 0.030423
3 0.595982 0.171958 0.025298 0.039683
9 0.341890 0.243386 0.009673 0.029101
9 0.637277 0.279762 0.011161 0.014550
9 0.323289 0.282407 0.014137 0.038360
9 0.811012 0.228175 0.011905 0.019841
0 0.814732 0.228175 0.011905 0.011905
0 0.821801 0.233466 0.009673 0.011905
9 0.173363 0.699074 0.010417 0.014550
0 0.472470 0.525132 0.010417 0.018519
9 0.316964 0.109127 0.011905 0.033069
9 0.353423 0.261905 0.008929 0.018519
0 0.296875 0.395503 0.010417 0.018519
9 0.686756 0.292328 0.014881 0.018519
9 0.914062 0.280423 0.014137 0.018519
4 0.122768 0.637566 0.026786 0.037037
3 0.227679 0.568122 0.023810 0.030423
3 0.323289 0.439815 0.018601 0.048942
4 0.342634 0.358466 0.012649 0.042328
3 0.190476 0.669974 0.026786 0.030423
3 0.242932 0.595899 0.029018 0.033069
3 0.407738 0.618386 0.028274 0.038360
5 0.482887 0.691799 0.031250 0.044974
5 0.543155 0.763228 0.023810 0.029101
3 0.305804 0.515873 0.028274 0.039683
4 0.375372 0.488757 0.021577 0.025132
3 0.428943 0.459656 0.029018 0.033069
9 0.396205 0.443783 0.011161 0.017196
3 0.505208 0.421296 0.026786 0.030423
3 0.644345 0.646825 0.026786 0.039683
4 0.654762 0.681878 0.026786 0.041005
3 0.670759 0.605820 0.023065 0.039683
3 0.681920 0.635582 0.024554 0.041005
4 0.698289 0.562831 0.024554 0.038360
4 0.744420 0.545635 0.024554 0.035714
3 0.881696 0.382937 0.029762 0.038360
7 0.743676 0.159392 0.014137 0.033069
3 0.039062 0.218915 0.027530 0.038360
7 0.739211 0.629630 0.023065 0.039683
0 0.048735 0.648810 0.011161 0.017196