3 0.583246 0.360411 0.085609 0.080299
9 0.350053 0.589169 0.038340 0.097106
9 0.037027 0.753035 0.043592 0.060691
0 0.132616 0.544818 0.009979 0.062558
9 0.007878 0.552288 0.015756 0.049486
0 0.384716 0.639122 0.014181 0.075630
0 0.114758 0.527077 0.007878 0.056956
0 0.144170 0.525210 0.009979 0.030812
0 0.065914 0.427171 0.013130 0.051354
0 0.076943 0.427171 0.016282 0.058824
0 0.009191 0.366480 0.015231 0.049486
9 0.306985 0.462652 0.027836 0.032680
0 0.308561 0.445845 0.011029 0.047619
0 0.242910 0.467320 0.012080 0.045752
9 0.248162 0.440243 0.012080 0.040149
1 0.292805 0.453315 0.008929 0.036415
0 0.419380 0.588702 0.012080 0.042017
4 0.576155 0.712885 0.094538 0.183940
3 0.653099 0.846405 0.109769 0.210084
3 0.858981 0.149860 0.034139 0.049486
0 0.323792 0.409430 0.015231 0.055089
0 0.377101 0.447246 0.012605 0.046685
0 0.318540 0.414099 0.012080 0.049486
2 0.326155 0.471055 0.035714 0.075630
9 0.402574 0.486461 0.024685 0.069094
0 0.473739 0.373016 0.018908 0.060691
9 0.449580 0.526144 0.034664 0.066293
0 0.310137 0.555089 0.016282 0.071895
0 0.297532 0.555089 0.012080 0.068161
3 0.734769 0.285247 0.066176 0.077498
0 0.394170 0.608310 0.014181 0.070028
0 0.294905 0.541083 0.011029 0.070028
3 0.778099 0.246965 0.047794 0.064426
0 0.318277 0.534547 0.014706 0.070028
3 0.842700 0.457983 0.077206 0.112979
0 0.231355 0.735294 0.022584 0.049486
3 0.694065 0.542017 0.086660 0.118581
3 0.763393 0.427638 0.066702 0.097106
0 0.123687 0.511204 0.008929 0.047619
3 0.910977 0.348739 0.054097 0.077498
0 0.116334 0.551354 0.011029 0.060691
3 0.449317 0.634454 0.097164 0.159664
0 0.571691 0.430439 0.024685 0.074697
9 0.257090 0.450514 0.013130 0.043884
0 0.123162 0.528011 0.007878 0.040149
3 0.559611 0.515873 0.086660 0.111111
9 0.469275 0.486928 0.046744 0.055089
3 0.829044 0.330065 0.064601 0.109244
9 0.450893 0.429972 0.027836 0.060691
9 0.553571 0.407563 0.038866 0.055089
3 0.694590 0.350140 0.064601 0.085901
3 0.882090 0.267507 0.044643 0.068161
3 0.925683 0.200280 0.045693 0.053221
2 0.296744 0.639589 0.036765 0.069094