3 0.437500 0.478704 0.012500 0.027778
3 0.551302 0.502315 0.028646 0.023148
0 0.528125 0.558333 0.006250 0.025926
6 0.444010 0.497222 0.018229 0.027778
6 0.473958 0.783796 0.020833 0.049074
3 0.471875 0.662037 0.020833 0.046296
8 0.504948 0.475926 0.017188 0.046296
3 0.256771 0.975463 0.062500 0.045370
3 0.276042 0.906944 0.054167 0.095370
3 0.321615 0.787963 0.034896 0.062963
6 0.323177 0.740278 0.015104 0.032407
3 0.347135 0.724074 0.030729 0.053704
3 0.520833 0.973611 0.040625 0.049074
4 0.561198 0.954167 0.035937 0.089815
3 0.517708 0.699074 0.018750 0.040741
0 0.530469 0.981944 0.010937 0.030556
3 0.707031 0.937500 0.049479 0.097222
3 0.486458 0.549074 0.014583 0.024074
0 0.337500 0.720833 0.006250 0.030556
3 0.713281 0.798611 0.053646 0.052778
3 0.376302 0.605093 0.018229 0.036111
7 0.363802 0.918981 0.022396 0.062037
3 0.436198 0.789815 0.030729 0.062963
3 0.694271 0.736574 0.041667 0.050926
2 0.710938 0.753241 0.009375 0.030556
3 0.374219 0.637037 0.040104 0.037037
3 0.030208 0.761574 0.057292 0.039815
6 0.088802 0.755093 0.041146 0.041667
3 0.152083 0.693981 0.050000 0.039815
3 0.239844 0.540741 0.031771 0.022222
3 0.213542 0.562500 0.035417 0.023148
3 0.206771 0.574537 0.033333 0.021296
3 0.222656 0.592593 0.038021 0.029630
4 0.211458 0.607870 0.030208 0.026852
6 0.180729 0.640741 0.028125 0.020370
3 0.600260 0.764815 0.043229 0.051852
3 0.585938 0.697685 0.041667 0.036111
4 0.569531 0.662500 0.034896 0.034259
3 0.582292 0.615741 0.034375 0.031481
3 0.574479 0.593519 0.029167 0.022222
4 0.573958 0.574074 0.031250 0.024074
5 0.655990 0.595370 0.023438 0.050000
5 0.557813 0.567593 0.033333 0.029630
5 0.556510 0.552778 0.031771 0.025926
3 0.619010 0.532407 0.015104 0.025926
3 0.559115 0.540278 0.021354 0.015741
5 0.557292 0.525926 0.033333 0.027778
5 0.567708 0.511111 0.034375 0.022222
3 0.383854 0.814352 0.027083 0.067593
3 0.573177 0.642130 0.035937 0.026852
3 0.526302 0.539352 0.013021 0.021296
4 0.260156 0.512963 0.024479 0.022222
3 0.295573 0.527778 0.017188 0.022222
0 0.591667 0.875926 0.011458 0.033333
0 0.180208 0.689352 0.008333 0.032407
0 0.497656 0.656944 0.005729 0.028704
0 0.629427 0.667593 0.005729 0.024074
5 0.335938 0.519444 0.033333 0.037037
3 0.333594 0.548611 0.031771 0.026852
8 0.354687 0.561111 0.029167 0.059259
3 0.505990 0.389352 0.010937 0.017593
3 0.496875 0.401389 0.010417 0.017593
3 0.466667 0.516667 0.015625 0.031481
3 0.467708 0.463889 0.011458 0.020370
9 0.445052 0.529167 0.008854 0.023148
0 0.534375 0.552778 0.006250 0.025926