0 0.585193 0.381614 0.023065 0.138889
0 0.629092 0.876984 0.067708 0.240741
0 0.650298 0.182540 0.017857 0.071429
0 0.510417 0.433201 0.026786 0.157407
0 0.494420 0.482143 0.040923 0.157407
0 0.399554 0.397487 0.029762 0.138889
0 0.453125 0.449074 0.035714 0.154762
0 0.300595 0.400794 0.032738 0.134921
0 0.366815 0.400132 0.035714 0.154762
0 0.483259 0.399471 0.026042 0.140212
0 0.393229 0.385582 0.029018 0.141534
0 0.366071 0.428571 0.032738 0.150794
0 0.134301 0.371032 0.034970 0.125661
0 0.375744 0.314153 0.022321 0.109788
0 0.509673 0.207011 0.020833 0.078042
0 0.962426 0.282407 0.034970 0.117725
0 0.371280 0.298280 0.026786 0.112434
1 0.788690 0.275132 0.023810 0.095238
0 0.809152 0.269180 0.024554 0.088624
0 0.568080 0.224868 0.014137 0.052910
0 0.881324 0.896164 0.073661 0.199735
1 0.538318 0.325397 0.026042 0.108466
0 0.519345 0.294974 0.025298 0.079365
0 0.477679 0.156085 0.017857 0.063492
0 0.095982 0.316799 0.017857 0.064815
1 0.093750 0.313492 0.032738 0.058201
2 0.430432 0.343254 0.040923 0.070106
0 0.613839 0.140212 0.016369 0.074074
1 0.197173 0.190476 0.016369 0.037037
0 0.171503 0.140212 0.015625 0.052910
0 0.804688 0.191138 0.017113 0.062169
0 0.429688 0.114418 0.014137 0.056878
0 0.400670 0.092593 0.012649 0.052910
1 0.135045 0.107804 0.015625 0.051587
0 0.823661 0.175265 0.014881 0.048942
1 0.117188 0.121032 0.015625 0.030423
1 0.254836 0.115079 0.012649 0.034392
0 0.754464 0.158069 0.011905 0.051587
0 0.499628 0.114418 0.012649 0.056878
0 0.519345 0.249339 0.014881 0.054233
0 0.501488 0.238095 0.016369 0.082011
0 0.167783 0.101852 0.014137 0.044974
0 0.591890 0.098545 0.009673 0.035714
0 0.562128 0.083333 0.008185 0.037037
0 0.746652 0.133598 0.017113 0.052910
0 0.553943 0.063492 0.017113 0.052910
1 0.955729 0.174603 0.020089 0.063492
1 0.905506 0.186508 0.020833 0.042328
1 0.941220 0.193122 0.019345 0.034392
1 0.925967 0.189815 0.018601 0.035714