3 0.480882 0.378431 0.017647 0.032680
3 0.723162 0.562745 0.031618 0.050980
3 0.690809 0.489542 0.028676 0.037908
3 0.288603 0.501961 0.036029 0.057516
3 0.350735 0.459477 0.047059 0.035294
3 0.255515 0.500654 0.036029 0.054902
3 0.362500 0.449673 0.041176 0.033987
3 0.323162 0.386928 0.021324 0.033987
3 0.666912 0.380392 0.030882 0.028758
0 0.690074 0.528758 0.011029 0.035294
9 0.372059 0.541176 0.010294 0.033987
9 0.386029 0.539216 0.016176 0.024837
4 0.498529 0.785621 0.041176 0.117647
3 0.437500 0.483660 0.022059 0.047059
3 0.486397 0.476471 0.021324 0.040523
4 0.175368 0.956209 0.071324 0.079739
3 0.815441 0.807190 0.066176 0.105882
3 0.772426 0.756863 0.056618 0.070588
3 0.791912 0.699346 0.073529 0.060131
3 0.769485 0.626144 0.065441 0.057516
3 0.920956 0.856209 0.106618 0.075817
3 0.309191 0.689542 0.052206 0.090196
3 0.342647 0.608497 0.045588 0.082353
3 0.242647 0.521569 0.055882 0.049673
7 0.273897 0.777778 0.050735 0.083660
3 0.736765 0.603268 0.030882 0.053595
3 0.847426 0.666013 0.083088 0.061438
3 0.837868 0.644444 0.072794 0.052288
0 0.722059 0.676471 0.011765 0.048366
0 0.730882 0.701307 0.017647 0.048366
0 0.739338 0.700000 0.013971 0.053595
0 0.729779 0.673856 0.011029 0.045752
3 0.268015 0.594118 0.034559 0.064052
0 0.233088 0.588889 0.011765 0.035294
0 0.245956 0.581699 0.009559 0.044444
2 0.661397 0.485621 0.008088 0.024837
0 0.705515 0.565359 0.013971 0.035294
0 0.712868 0.586275 0.011029 0.045752