3 0.357931 0.280112 0.062500 0.063492
3 0.245536 0.774043 0.082458 0.201681
3 0.208508 0.240430 0.067227 0.060691
3 0.438025 0.256769 0.032563 0.082166
3 0.502101 0.022409 0.017857 0.031746
3 0.523109 0.153128 0.025210 0.044818
3 0.443803 0.198880 0.026261 0.056022
3 0.397584 0.237628 0.030462 0.070028
0 0.102941 0.639122 0.019958 0.055089
0 0.190389 0.472456 0.015231 0.050420
0 0.158351 0.453782 0.024685 0.059757
1 0.284664 0.314659 0.010504 0.037348
6 0.333771 0.628852 0.043592 0.105509
1 0.329044 0.628852 0.018382 0.066293
1 0.793855 0.241830 0.014181 0.035481
9 0.792279 0.250700 0.026786 0.032680
0 0.663078 0.168534 0.012080 0.040149
1 0.347689 0.814192 0.022059 0.074697
9 0.346901 0.845005 0.025735 0.089636
1 0.379989 0.586835 0.015231 0.047619
9 0.380777 0.614379 0.017857 0.063492
9 0.956408 0.222689 0.010504 0.027077
9 0.923057 0.207750 0.012080 0.032680
3 0.385504 0.045752 0.033613 0.028011
3 0.386029 0.025210 0.029412 0.024276
3 0.399685 0.178805 0.028361 0.055089
9 0.375000 0.220355 0.009454 0.029879
1 0.374737 0.209617 0.008929 0.027077
9 0.388918 0.146592 0.008929 0.024276
1 0.388918 0.137255 0.006828 0.026144
3 0.135767 0.407563 0.087710 0.068161
3 0.133403 0.305789 0.065126 0.055089
3 0.106092 0.181606 0.038866 0.049486
3 0.137342 0.267040 0.082458 0.054155
3 0.269958 0.173203 0.059874 0.045752
3 0.451155 0.110177 0.022059 0.044818
3 0.342437 0.154995 0.057773 0.050420
3 0.425945 0.053688 0.023109 0.036415
3 0.369485 0.102241 0.037290 0.038282
3 0.767069 0.267974 0.069853 0.061625
5 0.869748 0.260037 0.084034 0.070028
9 0.661765 0.257703 0.019958 0.028011
1 0.663866 0.246499 0.012605 0.031746
3 0.602153 0.142390 0.056197 0.053221
3 0.587710 0.124183 0.051471 0.042951
3 0.454044 0.056489 0.022584 0.047619
3 0.628414 0.235761 0.071954 0.055089
3 0.511292 0.522876 0.041492 0.097106
3 0.505252 0.321195 0.034664 0.067227
9 0.555410 0.253035 0.014181 0.044818
1 0.554097 0.239496 0.012605 0.036415
9 0.314863 0.415033 0.020483 0.049486
1 0.315126 0.402428 0.017857 0.050420
9 0.296218 0.317460 0.027311 0.028011
1 0.291754 0.304855 0.013130 0.038282
9 0.288078 0.332400 0.026786 0.031746
3 0.051996 0.173203 0.030462 0.055089
3 0.422006 0.014472 0.016282 0.028945