5 0.238971 0.545752 0.039706 0.066667
6 0.242647 0.763399 0.036765 0.073203
3 0.528309 0.416340 0.018382 0.032680
3 0.976103 0.959477 0.046324 0.078431
3 0.744118 0.720261 0.050000 0.070588
3 0.898162 0.850980 0.093382 0.078431
3 0.309926 0.847712 0.046324 0.111111
4 0.113235 0.866667 0.097059 0.101961
3 0.301838 0.661438 0.059559 0.073203
3 0.147794 0.701961 0.083824 0.060131
7 0.167647 0.921569 0.067647 0.133333
3 0.220588 0.588235 0.061765 0.049673
3 0.159926 0.667320 0.080147 0.053595
3 0.306250 0.616993 0.037500 0.057516
3 0.756250 0.652941 0.068382 0.053595
3 0.304412 0.492810 0.051471 0.041830
4 0.488971 0.456209 0.019118 0.044444
6 0.210662 0.826144 0.040441 0.086275
3 0.294485 0.447712 0.041912 0.030065
3 0.295221 0.416993 0.033088 0.028758
3 0.313235 0.471895 0.035294 0.028758
4 0.400735 0.407843 0.020588 0.033987
4 0.409926 0.391503 0.015441 0.032680
6 0.224265 0.952941 0.032353 0.078431
5 0.626838 0.424183 0.021324 0.045752
3 0.739706 0.515686 0.050000 0.043137
3 0.824632 0.655556 0.058088 0.053595
3 0.764338 0.571895 0.061029 0.045752
3 0.706985 0.478431 0.044853 0.033987
9 0.838235 0.727451 0.016176 0.043137
1 0.252206 0.975817 0.017647 0.045752
1 0.361029 0.575163 0.008824 0.031373
3 0.697794 0.466667 0.047059 0.039216
3 0.693015 0.453595 0.043382 0.039216
6 0.698529 0.521569 0.030882 0.036601
6 0.253309 0.479085 0.034559 0.040523
3 0.609191 0.377124 0.025735 0.030065
3 0.638971 0.386928 0.033824 0.026144
5 0.663603 0.418301 0.040441 0.039216
3 0.422426 0.360784 0.015441 0.023529
3 0.429044 0.345752 0.016912 0.024837
1 0.415809 0.417647 0.008088 0.019608
1 0.387868 0.513072 0.009559 0.027451
9 0.890809 0.747712 0.034559 0.041830
0 0.319485 0.450980 0.008088 0.026144
0 0.329412 0.452941 0.008824 0.030065
0 0.336397 0.453595 0.008088 0.023529
9 0.445956 0.379085 0.006618 0.018301
3 0.612132 0.353595 0.031618 0.030065