4 0.361458 0.725463 0.021875 0.049074
3 0.386198 0.664815 0.016146 0.025926
3 0.475260 0.786111 0.019271 0.042593
3 0.732292 0.865278 0.043750 0.056481
5 0.319531 0.860648 0.049479 0.102778
3 0.379688 0.691204 0.019792 0.034259
3 0.401302 0.696759 0.021354 0.034259
3 0.444531 0.709259 0.018229 0.038889
3 0.289323 0.810648 0.051562 0.039815
5 0.315625 0.754167 0.052083 0.041667
0 0.555729 0.852315 0.007292 0.036111
3 0.371875 0.616204 0.012500 0.026852
4 0.655990 0.867593 0.027604 0.072222
3 0.528385 0.681944 0.015104 0.028704
3 0.306771 0.782407 0.042708 0.035185
0 0.200781 0.901389 0.011979 0.043519
6 0.254688 0.784259 0.018750 0.044444
1 0.130208 0.956019 0.010417 0.026852
1 0.123698 0.967130 0.008854 0.026852
3 0.485156 0.606944 0.014063 0.028704
6 0.502083 0.554167 0.009375 0.025000
6 0.492188 0.528241 0.009375 0.021296
9 0.435156 0.621296 0.008854 0.025926
3 0.491667 0.486111 0.009375 0.018519
8 0.503385 0.484259 0.011979 0.033333
9 0.509896 0.642130 0.009375 0.030556
9 0.502865 0.789352 0.011979 0.037963
3 0.442448 0.501852 0.011979 0.022222
3 0.495052 0.475926 0.009896 0.016667
3 0.492969 0.454167 0.007812 0.013889
3 0.494792 0.465278 0.009375 0.013889
3 0.510156 0.453704 0.008854 0.016667
3 0.553646 0.560648 0.014583 0.021296
0 0.701823 0.843981 0.008854 0.036111
0 0.705729 0.844907 0.006250 0.034259
3 0.517969 0.504167 0.008854 0.017593
3 0.521094 0.487500 0.007812 0.015741
3 0.519531 0.473148 0.008854 0.014815
3 0.180729 0.975926 0.033333 0.046296
6 0.219792 0.982407 0.019792 0.033333
3 0.734635 0.824537 0.032813 0.049074
3 0.271615 0.863889 0.050521 0.050000
3 0.367969 0.660185 0.018229 0.031481
3 0.536979 0.645833 0.012500 0.023148
3 0.532813 0.622222 0.012500 0.024074
3 0.720313 0.768519 0.044792 0.031481
4 0.592708 0.587037 0.028125 0.025926
3 0.388281 0.597685 0.022396 0.021296
3 0.410938 0.602778 0.012500 0.022222
3 0.405469 0.619444 0.015104 0.025926
3 0.428385 0.599537 0.016146 0.023148
3 0.422396 0.562963 0.011458 0.020370
3 0.436979 0.561574 0.010417 0.023148
1 0.155469 0.914815 0.014063 0.027778
9 0.274479 0.741667 0.017708 0.027778
1 0.113021 0.981944 0.008333 0.026852
9 0.283333 0.969907 0.021875 0.039815
6 0.484375 0.567593 0.007292 0.025926
3 0.451302 0.474537 0.008854 0.015741
8 0.528906 0.551852 0.015104 0.040741
9 0.626302 0.666667 0.007812 0.024074
3 0.726302 0.925926 0.043229 0.075926