4 0.517069 0.335668 0.062500 0.042017
3 0.438813 0.368814 0.037290 0.057890
3 0.466124 0.335668 0.027836 0.040149
3 0.512868 0.319795 0.049895 0.038282
3 0.245273 0.514472 0.110294 0.070962
3 0.095326 0.401027 0.047794 0.062558
4 0.526523 0.303455 0.043592 0.039216
3 0.545431 0.302988 0.043592 0.032680
3 0.274422 0.439309 0.094013 0.058824
3 0.289128 0.409897 0.080357 0.052288
3 0.299370 0.393557 0.078782 0.049486
3 0.323792 0.377218 0.068803 0.048553
3 0.340074 0.366480 0.053046 0.043884
3 0.356355 0.352474 0.049895 0.047619
3 0.375263 0.344538 0.045693 0.044818
3 0.381565 0.331466 0.049895 0.044818
3 0.394958 0.325864 0.043067 0.033613
3 0.425945 0.309057 0.052521 0.033613
0 0.820641 0.414566 0.013130 0.057890
0 0.746061 0.531746 0.024685 0.071895
0 0.387868 0.450980 0.015231 0.050420
3 0.268120 0.262838 0.027836 0.032680
3 0.142595 0.324930 0.043592 0.048553
3 0.212710 0.274043 0.031513 0.038282
3 0.163603 0.267974 0.024685 0.042951
3 0.146271 0.232960 0.018382 0.027077
3 0.233981 0.288049 0.035189 0.040149
9 0.186187 0.337068 0.016282 0.037348
3 0.089286 0.357143 0.058824 0.051354
0 0.197216 0.433240 0.015231 0.054155
0 0.176733 0.426704 0.018382 0.059757
0 0.152048 0.423436 0.015231 0.055089
4 0.032563 0.250700 0.037815 0.030812
3 0.164916 0.555556 0.132353 0.106443
0 0.673582 0.294585 0.013130 0.040149
0 0.633666 0.310458 0.014181 0.045752
0 0.698267 0.319795 0.013130 0.038282
9 0.467437 0.556956 0.035714 0.051354
1 0.467174 0.537348 0.020483 0.051354
0 0.120273 0.420635 0.019958 0.058824
0 0.400735 0.346872 0.010504 0.043884
3 0.348477 0.191410 0.011029 0.016807
9 0.330620 0.201681 0.009979 0.018674
3 0.762342 0.749300 0.108718 0.161531
3 0.857143 0.738095 0.140756 0.183940
3 0.662553 0.744164 0.091912 0.168067
3 0.545693 0.670868 0.073529 0.165266
3 0.452206 0.656863 0.096639 0.150327
0 0.501576 0.648459 0.021008 0.088702
3 0.371586 0.628852 0.070903 0.116713
3 0.272584 0.633520 0.101891 0.126050
4 0.977679 0.570962 0.042542 0.144725
6 0.919380 0.587302 0.078256 0.084034
5 0.861082 0.554622 0.103466 0.110177
0 0.794118 0.551354 0.014706 0.068161
0 0.515231 0.635854 0.015756 0.059757
0 0.498687 0.633053 0.017332 0.087768
0 0.411502 0.624183 0.018382 0.094304
0 0.428571 0.619514 0.017857 0.060691
3 0.187237 0.603641 0.118172 0.116713
3 0.655725 0.556956 0.116071 0.083100
3 0.530200 0.530812 0.106618 0.071895
9 0.321691 0.528011 0.018382 0.051354
3 0.522584 0.502334 0.109244 0.065359
3 0.790966 0.469188 0.090336 0.055089
3 0.607668 0.470121 0.090336 0.060691
3 0.484769 0.479458 0.090336 0.075630
3 0.463761 0.463585 0.087185 0.058824
3 0.465074 0.429505 0.087710 0.063492
3 0.229517 0.461251 0.095588 0.076564
0 0.635242 0.472456 0.018382 0.059757
3 0.566964 0.453315 0.081408 0.062558
3 0.770746 0.443978 0.094013 0.055089
3 0.549632 0.436041 0.078256 0.054155
3 0.739758 0.421102 0.084559 0.050420
3 0.721376 0.405229 0.065651 0.048553
3 0.709296 0.391690 0.064601 0.038282
3 0.542279 0.409430 0.075105 0.055089
3 0.525210 0.386555 0.069328 0.048553
3 0.514443 0.363679 0.062500 0.038282
3 0.509191 0.350140 0.059349 0.031746