9 0.622899 0.573763 0.022059 0.073763
5 0.622899 0.079832 0.105042 0.083100
0 0.457721 0.097572 0.011029 0.053221
3 0.604517 0.485061 0.045168 0.127918
0 0.448792 0.086368 0.011029 0.047619
6 0.609769 0.325864 0.052521 0.070962
5 0.407826 0.042484 0.107668 0.084967
0 0.594800 0.299253 0.017332 0.056956
5 0.728992 0.029412 0.061975 0.058824
0 0.568015 0.297386 0.014181 0.053221
0 0.420431 0.107843 0.014181 0.049486
0 0.463235 0.261438 0.012605 0.056022
5 0.529937 0.084034 0.046218 0.115780
5 0.664653 0.204949 0.127626 0.092437
0 0.317227 0.264706 0.015756 0.073763
0 0.460872 0.164799 0.014181 0.056956
9 0.398634 0.455649 0.029412 0.067227
3 0.624737 0.863212 0.071954 0.213819
3 0.349265 0.682540 0.077731 0.211018
6 0.378939 0.540616 0.086660 0.078431
3 0.535977 0.282913 0.047794 0.098973
0 0.618435 0.020542 0.011029 0.039216
0 0.319853 0.304388 0.014706 0.063492
5 0.667017 0.131186 0.111345 0.079365
5 0.168592 0.077031 0.098739 0.090570
1 0.468750 0.088235 0.011029 0.055089
0 0.482931 0.108777 0.013130 0.049486
5 0.393382 0.078898 0.077731 0.079365
0 0.449317 0.115313 0.016282 0.051354
1 0.410452 0.105976 0.012080 0.047619