3 0.136817 0.704482 0.027836 0.043884
3 0.143120 0.683940 0.027836 0.038282
5 0.075105 0.643324 0.053571 0.115780
5 0.111607 0.586835 0.046744 0.088702
1 0.142857 0.596172 0.006303 0.027077
5 0.160977 0.579832 0.045693 0.082166
3 0.235032 0.813259 0.039391 0.084034
5 0.153099 0.627918 0.027836 0.055089
3 0.226628 0.697946 0.029937 0.043884
3 0.222426 0.679272 0.024685 0.043884
3 0.217962 0.651727 0.021008 0.033613
3 0.185662 0.584967 0.015231 0.021475
3 0.217962 0.631653 0.018908 0.027077
8 0.389968 0.683473 0.067752 0.098973
3 0.399160 0.577965 0.014706 0.020542
3 0.775735 0.706349 0.052521 0.049486
3 0.945116 0.794118 0.084559 0.064426
3 0.403099 0.606443 0.021534 0.027077
3 0.500263 0.683940 0.040441 0.049486
4 0.522847 0.694211 0.040441 0.055089
5 0.612132 0.673669 0.141282 0.127918
3 0.761029 0.637255 0.034664 0.027077
4 0.904412 0.669001 0.053571 0.049486
5 0.964023 0.668534 0.069853 0.070962
3 0.948004 0.641457 0.037815 0.035481
3 0.956408 0.624183 0.030462 0.025210
5 0.946691 0.622316 0.027836 0.027077
5 0.917542 0.613445 0.040966 0.042951
3 0.856880 0.638189 0.034139 0.032680
0 0.505515 0.772642 0.012080 0.060691
0 0.540179 0.776377 0.015231 0.060691
0 0.496849 0.767974 0.012605 0.060691
0 0.543592 0.779178 0.014706 0.058824
0 0.551996 0.726424 0.011555 0.048553
0 0.532300 0.782913 0.015231 0.055089
5 0.870798 0.658730 0.053571 0.043884
3 0.513655 0.588702 0.024160 0.027077
5 0.020221 0.633987 0.040441 0.104575
5 0.073267 0.597106 0.068803 0.116713
3 0.334821 0.580299 0.018382 0.027077
4 0.712185 0.829599 0.085084 0.079365
4 0.904937 0.741363 0.064076 0.059757
3 0.215074 0.625117 0.018382 0.032680
3 0.218487 0.612512 0.018908 0.031746