2 0.965336 0.650327 0.019958 0.066293
1 0.966387 0.627918 0.019958 0.055089
2 0.965599 0.567227 0.029937 0.036415
4 0.081670 0.557423 0.108718 0.119514
3 0.054359 0.447712 0.108718 0.071895
0 0.340336 0.552288 0.017857 0.070028
6 0.204569 0.412698 0.033088 0.050420
9 0.329832 0.454248 0.023109 0.047619
9 0.340074 0.482260 0.019433 0.051354
9 0.359769 0.466387 0.016807 0.055089
3 0.400210 0.467787 0.050420 0.100840
3 0.476891 0.443044 0.057773 0.092437
9 0.686187 0.347339 0.014181 0.048553
1 0.688813 0.333800 0.012080 0.043884
3 0.787027 0.727824 0.098214 0.154062
4 0.792542 0.345472 0.038866 0.087768
9 0.728204 0.242297 0.020483 0.028945
3 0.812763 0.124650 0.029937 0.053221
3 0.858718 0.110644 0.023109 0.042017
0 0.818803 0.058824 0.006303 0.026144
3 0.894695 0.268441 0.032038 0.060691
9 0.972952 0.557890 0.017332 0.053221
2 0.990809 0.601774 0.016282 0.036415
1 0.798845 0.455649 0.012605 0.050420
3 0.808561 0.281046 0.034139 0.057890
3 0.824317 0.231092 0.027836 0.058824
1 0.939338 0.210551 0.013130 0.034547
9 0.937237 0.224556 0.018382 0.019608
9 0.741859 0.218954 0.018382 0.021475
3 0.907826 0.022876 0.017332 0.032680
5 0.872637 0.436975 0.046744 0.102708
9 0.795693 0.459851 0.016807 0.056956
4 0.966912 0.340336 0.040966 0.071895
3 0.822742 0.182540 0.024685 0.051354
3 0.790179 0.173203 0.027836 0.049486