0 0.049370 0.452848 0.014706 0.065359
0 0.047006 0.465920 0.012080 0.059757
1 0.047269 0.477591 0.017857 0.081232
0 0.286239 0.270775 0.017857 0.070962
0 0.146008 0.124650 0.016807 0.051354
0 0.054884 0.079365 0.015231 0.044818
2 0.248687 0.258637 0.020483 0.042951
1 0.403099 0.356209 0.018382 0.056956
0 0.412553 0.347339 0.021534 0.048553
1 0.393382 0.345938 0.014706 0.043884
9 0.867384 0.288049 0.021534 0.027077
1 0.866859 0.268441 0.012080 0.032680
1 0.915179 0.246032 0.012080 0.032680
9 0.914128 0.260971 0.021534 0.021475
0 0.557248 0.353408 0.021008 0.066293
3 0.407563 0.413165 0.135504 0.107376
3 0.752889 0.783847 0.147584 0.260504
3 0.866859 0.556022 0.104517 0.154062
3 0.811450 0.363212 0.091387 0.104575
3 0.925158 0.310458 0.075105 0.099907
3 0.103204 0.191410 0.057248 0.074697
9 0.537290 0.394491 0.061975 0.055089
1 0.535189 0.377218 0.018908 0.067227
1 0.546481 0.363679 0.017332 0.051354
3 0.697479 0.234827 0.077731 0.084967
3 0.674895 0.191877 0.070378 0.062558