3 0.420168 0.540616 0.034664 0.106443
3 0.538340 0.979925 0.036765 0.036415
3 0.522059 0.895892 0.043067 0.126050
3 0.498162 0.692810 0.043592 0.110177
3 0.479779 0.588235 0.038340 0.110177
3 0.467437 0.466387 0.046218 0.099907
3 0.441702 0.324463 0.040966 0.092437
3 0.378939 0.581699 0.038340 0.112045
4 0.444590 0.143324 0.040441 0.075630
3 0.407563 0.189542 0.033613 0.098973
3 0.434086 0.107376 0.044643 0.085901
3 0.389968 0.066293 0.033088 0.078431
3 0.287027 0.491130 0.046744 0.093371
3 0.332721 0.747432 0.044643 0.118581
3 0.263918 0.262372 0.035189 0.093371
3 0.248687 0.178805 0.039391 0.098039
3 0.196166 0.246032 0.053046 0.090570
3 0.234506 0.049486 0.037290 0.089636
9 0.385767 0.247432 0.018382 0.046685
0 0.654149 0.775444 0.012080 0.025210
0 0.314076 0.471055 0.015756 0.025210
9 0.275473 0.386088 0.014181 0.051354
0 0.159664 0.160131 0.012605 0.034547
0 0.151523 0.158730 0.012080 0.033613