9 0.628534 0.654101 0.034598 0.044974
9 0.746094 0.524140 0.022693 0.069444
6 0.567708 0.314153 0.012649 0.029101
6 0.598214 0.401124 0.029018 0.041667
6 0.649182 0.327712 0.027530 0.046958
9 0.718936 0.267526 0.011533 0.029762
0 0.534970 0.310516 0.007440 0.029762
9 0.067522 0.661376 0.034598 0.034392
3 0.064360 0.643849 0.031250 0.036376
3 0.066592 0.625661 0.036458 0.034392
9 0.761347 0.218585 0.012277 0.027116
6 0.783668 0.204696 0.018973 0.029762
3 0.181362 0.835979 0.093378 0.097884
3 0.579241 0.711640 0.078125 0.087302
3 0.347098 0.832672 0.101190 0.095238
3 0.789435 0.354167 0.033482 0.050926
6 0.507254 0.719577 0.040551 0.054233
2 0.864397 0.252976 0.019717 0.039021
9 0.266183 0.403770 0.016741 0.032407
9 0.182664 0.375000 0.021577 0.033069
9 0.144159 0.353175 0.020461 0.029101
9 0.497210 0.541005 0.025670 0.038360
0 0.928013 0.450066 0.012277 0.045635
9 0.825707 0.399471 0.012277 0.043651
9 0.566034 0.748016 0.033110 0.048942
9 0.093936 0.321759 0.020461 0.027116
9 0.458147 0.497354 0.024182 0.043651
2 0.275856 0.692791 0.027158 0.048280
9 0.486979 0.730820 0.025298 0.038360
6 0.392857 0.664352 0.066964 0.069444
6 0.232143 0.606481 0.026042 0.066138
9 0.497768 0.780093 0.037202 0.048280
9 0.552641 0.784722 0.031622 0.035053
9 0.813430 0.386574 0.012277 0.036376
9 0.307292 0.411706 0.027530 0.035053
9 0.471540 0.540675 0.020461 0.046958
2 0.444940 0.957341 0.026786 0.061508
9 0.694382 0.285384 0.012277 0.035053
1 0.266927 0.401786 0.008557 0.046958
1 0.533110 0.539021 0.011905 0.048942
1 0.142857 0.351852 0.014137 0.044974
1 0.496652 0.500000 0.016369 0.044974
1 0.476749 0.330026 0.032366 0.039683
0 0.544271 0.339947 0.006696 0.027778
9 0.540365 0.364087 0.011533 0.037698
0 0.620722 0.267196 0.007068 0.034392
9 0.570685 0.412037 0.015625 0.042328
9 0.485677 0.727183 0.012277 0.040344
6 0.120350 0.335648 0.022693 0.025794
0 0.138207 0.487103 0.011533 0.040344
9 0.205915 0.631944 0.026414 0.036376
9 0.218192 0.711971 0.016741 0.046958
4 0.416295 0.609127 0.069196 0.091270
3 0.340774 0.570767 0.058780 0.075397
3 0.260417 0.469907 0.055804 0.054894
3 0.181362 0.430886 0.054688 0.054894
3 0.249442 0.508598 0.053943 0.076720
3 0.169643 0.744709 0.043155 0.085979
0 0.123884 0.757275 0.015625 0.050265
0 0.821615 0.680556 0.012277 0.038360
0 0.812314 0.684524 0.014509 0.044974
0 0.859561 0.670304 0.010789 0.045635
0 0.847098 0.669643 0.010417 0.053571
0 0.268043 0.910714 0.017485 0.055556
0 0.279204 0.918651 0.016741 0.055556
0 0.366071 0.552910 0.012649 0.039683
0 0.355097 0.550595 0.009301 0.041667
5 0.640997 0.386574 0.048363 0.083995
3 0.676897 0.362765 0.032366 0.053571
3 0.702195 0.324405 0.035342 0.050926
3 0.732701 0.290013 0.031622 0.045635
3 0.756882 0.266534 0.035342 0.043651
3 0.780878 0.236442 0.031250 0.037698
3 0.804129 0.211310 0.029390 0.042989
3 0.821987 0.183532 0.029390 0.041667
5 0.862909 0.126653 0.033854 0.058862
3 0.868304 0.168981 0.024554 0.042989
3 0.891183 0.136905 0.021205 0.034392
3 0.594680 0.322421 0.039062 0.048280
3 0.113095 0.306878 0.046131 0.043651
7 0.207589 0.353175 0.033482 0.043651
7 0.300223 0.383267 0.036458 0.052249
6 0.281622 0.553571 0.028274 0.055556
6 0.735863 0.735119 0.049107 0.077381
0 0.307478 0.678902 0.015253 0.048280
9 0.169643 0.509921 0.019345 0.041005
9 0.473958 0.537368 0.015625 0.040344
9 0.492560 0.505622 0.019345 0.045635
9 0.527530 0.547619 0.018601 0.044974
7 0.548735 0.443452 0.031250 0.068122
7 0.566964 0.444444 0.021577 0.050265
2 0.677455 0.437831 0.016369 0.027778
9 0.493676 0.975860 0.034226 0.045635
9 0.551525 0.916005 0.023438 0.059524
0 0.565662 0.937500 0.015997 0.050926
0 0.467820 0.426257 0.006324 0.039021
9 0.834635 0.227183 0.007812 0.028439
6 0.028460 0.752976 0.056920 0.089286
0 0.412946 0.392196 0.010417 0.039683
9 0.252790 0.692791 0.034598 0.052249
9 0.238653 0.362765 0.015253 0.033730