3 0.509673 0.810185 0.017857 0.035714
3 0.414435 0.726190 0.016369 0.031746
3 0.354911 0.826720 0.022321 0.047619
3 0.325521 0.826720 0.026042 0.044974
3 0.472842 0.714947 0.012649 0.025132
3 0.599702 0.947090 0.026786 0.063492
3 0.585565 0.883598 0.020833 0.044974
3 0.564360 0.832672 0.023065 0.041005
3 0.548363 0.792989 0.017857 0.033069
3 0.526786 0.740079 0.019345 0.025132
3 0.545015 0.724206 0.012649 0.025132
8 0.436012 0.644180 0.016369 0.044974
0 0.375744 0.791005 0.005952 0.031746
1 0.379836 0.742725 0.006696 0.017196
9 0.380580 0.751323 0.006696 0.018519
3 0.392857 0.677249 0.011905 0.029101
3 0.376116 0.646825 0.027530 0.021164
1 0.389509 0.751984 0.006696 0.019841
2 0.390253 0.761243 0.006696 0.017196
3 0.460938 0.629630 0.026042 0.015873
3 0.444940 0.611772 0.010417 0.019841
0 0.514509 0.624339 0.006696 0.015873
3 0.492932 0.891534 0.023065 0.052910
3 0.513765 0.673942 0.011161 0.022487
3 0.496652 0.736772 0.014137 0.023810
3 0.502604 0.703042 0.011161 0.022487
3 0.481027 0.649471 0.012649 0.021164
3 0.497768 0.658069 0.011905 0.025132
3 0.483259 0.633598 0.024554 0.018519
3 0.500372 0.638889 0.011161 0.018519