0 0.926339 0.216270 0.017857 0.070106
0 0.954985 0.300265 0.027530 0.097884
0 0.398810 0.160053 0.013393 0.060847
0 0.343378 0.156085 0.012649 0.063492
0 0.414435 0.173942 0.016369 0.051587
0 0.184524 0.094577 0.016369 0.048942
0 0.907366 0.269841 0.024554 0.063492
1 0.562128 0.019841 0.014137 0.026455
2 0.565104 0.032407 0.027530 0.025132
0 0.524554 0.446429 0.034226 0.144180
0 0.771205 0.316799 0.021577 0.115079
0 0.670759 0.183862 0.017113 0.068783
0 0.650670 0.505291 0.034970 0.171958
0 0.366071 0.488757 0.028274 0.162698
0 0.468006 0.434524 0.035714 0.144180
0 0.192708 0.422619 0.031250 0.141534
0 0.306920 0.427249 0.021577 0.142857
0 0.466890 0.488095 0.049851 0.113757
0 0.324033 0.505291 0.039435 0.161376
0 0.505580 0.568122 0.046875 0.194444
0 0.465774 0.404101 0.034226 0.125661
0 0.215774 0.353836 0.025298 0.125661
0 0.198289 0.340608 0.029018 0.120370
0 0.408482 0.302249 0.019345 0.099206
0 0.554688 0.208995 0.018601 0.087302
0 0.928943 0.286376 0.029018 0.115079
0 0.419643 0.289683 0.020833 0.103175
1 0.789435 0.274471 0.020833 0.085979
0 0.812872 0.274471 0.024554 0.083333
0 0.555804 0.183201 0.016369 0.046296
1 0.967634 0.930556 0.061756 0.136243
1 0.541667 0.328042 0.023810 0.063492
0 0.523810 0.298280 0.020833 0.083333
0 0.546875 0.164683 0.017857 0.062169
1 0.128348 0.337963 0.018601 0.043651
1 0.098214 0.318122 0.031250 0.056878
2 0.433408 0.351190 0.036458 0.075397
1 0.156250 0.176587 0.010417 0.030423
0 0.192336 0.136243 0.018601 0.047619
0 0.783110 0.185185 0.018601 0.052910
0 0.453869 0.115741 0.013393 0.048942
0 0.404390 0.093915 0.011161 0.042328
1 0.139881 0.115079 0.014881 0.029101
1 0.117560 0.122354 0.014881 0.030423
0 0.298363 0.115741 0.013393 0.035714
0 0.871280 0.214947 0.019345 0.083333
0 0.960938 0.224868 0.023065 0.068783
0 0.569940 0.105820 0.011905 0.044974
0 0.577753 0.083995 0.011161 0.033069
1 0.906622 0.189815 0.020089 0.038360
1 0.941592 0.192460 0.020089 0.033069
1 0.926711 0.191799 0.018601 0.034392