9 0.597952 0.040616 0.017332 0.047619
5 0.539128 0.033147 0.042542 0.066293
3 0.415179 0.264706 0.044643 0.105509
3 0.599002 0.153128 0.038340 0.084034
3 0.429359 0.088702 0.039391 0.100840
6 0.441176 0.032680 0.055672 0.042951
3 0.545956 0.315126 0.053046 0.114846
5 0.703256 0.553688 0.174370 0.147526
0 0.238445 0.657796 0.027311 0.070028
0 0.213235 0.655462 0.022059 0.070962
0 0.250263 0.621849 0.016282 0.065359
0 0.255515 0.598506 0.022584 0.069094
3 0.206408 0.545752 0.122899 0.122316
0 0.234769 0.591970 0.025210 0.070962
0 0.037290 0.584967 0.031513 0.071895
0 0.330357 0.476657 0.018908 0.073763
3 0.740809 0.896359 0.123424 0.197946
5 0.680410 0.403361 0.143382 0.108310
5 0.492384 0.077498 0.043592 0.149393
5 0.834034 0.406162 0.126050 0.126984
0 0.923582 0.353875 0.022584 0.059757
1 0.863445 0.218954 0.027311 0.056956