4 0.417805 0.811858 0.046744 0.096172
8 0.643645 0.669001 0.050945 0.083100
5 0.894433 0.707283 0.116597 0.120448
3 0.594538 0.615313 0.017857 0.026144
3 0.806723 0.726891 0.048319 0.043884
3 0.525998 0.718021 0.026786 0.042951
5 0.316964 0.674603 0.074055 0.127918
5 0.370798 0.634921 0.057773 0.076564
4 0.561975 0.963119 0.071429 0.071895
5 0.634979 0.581232 0.053571 0.060691
3 0.457983 0.673203 0.017857 0.031746
3 0.529674 0.634921 0.015231 0.028011
3 0.519433 0.661998 0.017857 0.031746
3 0.763130 0.865546 0.065126 0.104575
3 0.517595 0.639122 0.015231 0.027077
5 0.473214 0.620448 0.037815 0.068161
3 0.453519 0.714286 0.024685 0.044818
3 0.455357 0.690009 0.021008 0.031746
5 0.386029 0.678805 0.057773 0.115780
5 0.429884 0.620915 0.041492 0.072829
3 0.524422 0.693277 0.021534 0.038282
5 0.472164 0.631653 0.034664 0.077498
3 0.522847 0.678805 0.021534 0.033613
3 0.900735 0.786181 0.065126 0.057890
3 0.973739 0.843604 0.050420 0.062558
3 0.847426 0.747432 0.050945 0.055089
3 0.611607 0.628852 0.015231 0.021475