8 0.537290 0.873950 0.103992 0.220355
5 0.567227 0.672736 0.095588 0.152194
3 0.390756 0.217087 0.030462 0.045752
3 0.355830 0.155462 0.024685 0.034547
3 0.339811 0.189076 0.024160 0.034547
3 0.293855 0.105976 0.024685 0.027077
3 0.275998 0.077965 0.020483 0.030812
4 0.344013 0.091503 0.023109 0.033613
3 0.462710 0.490663 0.051471 0.086835
3 0.443015 0.619048 0.062500 0.113912
3 0.399947 0.391223 0.047794 0.076564
3 0.306985 0.276844 0.033088 0.055089
3 0.250263 0.007937 0.016282 0.015873
3 0.748162 0.689076 0.091912 0.115780
3 0.313550 0.053688 0.034664 0.023343
3 0.190651 0.092904 0.023109 0.047619
0 0.238971 0.746499 0.018908 0.075630
0 0.215599 0.739029 0.020483 0.075630
0 0.315651 0.635387 0.023109 0.066293
1 0.330882 0.628852 0.013655 0.034547
9 0.048582 0.716620 0.028887 0.073763
1 0.048057 0.708683 0.027836 0.054155
0 0.012868 0.776377 0.025735 0.073763
3 0.918067 0.207283 0.035714 0.037348
3 0.917017 0.178805 0.034664 0.032680
4 0.850578 0.168067 0.036239 0.033613
3 0.835084 0.162465 0.031513 0.035481
4 0.849265 0.144725 0.034664 0.033613
8 0.834034 0.139589 0.034664 0.036415
3 0.820903 0.158263 0.033613 0.028945
3 0.801471 0.147993 0.033613 0.032680
3 0.809349 0.140990 0.030462 0.035481
3 0.780987 0.142857 0.029412 0.028011
3 0.770746 0.135854 0.028887 0.027077
3 0.779937 0.121382 0.034664 0.029879
4 0.756303 0.103641 0.031513 0.031746
3 0.853729 0.108310 0.026786 0.024276
3 0.834296 0.103641 0.025735 0.026144
3 0.826418 0.095238 0.028887 0.028011
3 0.811187 0.093371 0.025735 0.028011
3 0.797794 0.087302 0.029412 0.030812
3 0.762868 0.072829 0.029937 0.026144
4 0.721376 0.058824 0.026786 0.028011