3 0.878151 0.925303 0.179622 0.147526
5 0.388918 0.718487 0.146534 0.154062
3 0.258929 0.452381 0.114496 0.103641
3 0.102153 0.408030 0.109769 0.100840
3 0.325630 0.333800 0.094538 0.094304
3 0.227941 0.321195 0.086134 0.074697
3 0.609244 0.281046 0.044118 0.074697
3 0.618172 0.215686 0.039916 0.070962
3 0.637080 0.191410 0.032563 0.061625
3 0.637868 0.160131 0.028887 0.051354
3 0.648897 0.128385 0.024685 0.045752
3 0.665441 0.087302 0.024160 0.043884
3 0.847689 0.395892 0.116597 0.098973
3 0.842962 0.336601 0.096639 0.084967
6 0.465074 0.370215 0.065651 0.060691
0 0.410452 0.534547 0.020483 0.075630
0 0.378151 0.525677 0.015756 0.078431
0 0.393120 0.533147 0.017332 0.072829
9 0.627363 0.506536 0.027836 0.064426
1 0.627889 0.495798 0.018382 0.078431
3 0.450630 0.299253 0.080882 0.079365
3 0.470326 0.285714 0.074055 0.061625
3 0.472689 0.251634 0.081933 0.055089
3 0.467174 0.229692 0.081408 0.044818
3 0.492122 0.213352 0.078782 0.055089
3 0.513655 0.181606 0.072479 0.058824
3 0.541492 0.177404 0.069328 0.059757
3 0.558036 0.147059 0.065651 0.043884
3 0.568540 0.125584 0.059349 0.043884
3 0.581408 0.091503 0.058824 0.039216
3 0.596113 0.074697 0.052521 0.037348
3 0.647059 0.039216 0.018908 0.039216
0 0.596376 0.182540 0.008929 0.038282
0 0.605567 0.183007 0.011555 0.042951
0 0.633403 0.164799 0.014706 0.043884
1 0.604517 0.161064 0.011555 0.032680
0 0.602679 0.137255 0.012080 0.033613
0 0.612920 0.133987 0.009454 0.027077
1 0.699317 0.191877 0.013130 0.038282
2 0.697479 0.205882 0.017857 0.032680
1 0.692489 0.060691 0.008929 0.026144
2 0.692489 0.073763 0.016282 0.022409
3 0.847952 0.223156 0.075105 0.061625
3 0.846376 0.210084 0.078256 0.059757
3 0.846901 0.198880 0.073004 0.059757
3 0.727679 0.034547 0.024685 0.037348
0 0.289391 0.255369 0.011555 0.045752
3 0.024947 0.381886 0.049895 0.098973
3 0.716387 0.140056 0.025210 0.044818
3 0.455095 0.363679 0.049895 0.032680
1 0.448792 0.373016 0.018382 0.066293
0 0.727941 0.421569 0.014706 0.049486
0 0.740021 0.425303 0.014706 0.066293
0 0.743435 0.400560 0.012080 0.044818
6 0.720851 0.404762 0.037290 0.101774