9 0.280462 0.026144 0.007353 0.022409
1 0.280200 0.023343 0.011029 0.026144
4 0.272321 0.033147 0.016282 0.027077
0 0.006565 0.803455 0.013130 0.068161
3 0.309874 0.079832 0.017857 0.028945
2 0.163340 0.824463 0.030462 0.069094
3 0.083246 0.630719 0.112920 0.090570
3 0.888918 0.188142 0.042542 0.036415
3 0.704044 0.057423 0.026786 0.025210
4 0.710347 0.090103 0.026786 0.027077
3 0.946691 0.219888 0.043592 0.032680
3 0.942489 0.193277 0.039391 0.035481
3 0.974527 0.157796 0.037290 0.039216
3 0.337185 0.387488 0.039916 0.065359
4 0.289916 0.235294 0.031513 0.067227
5 0.367384 0.312325 0.038340 0.071895
3 0.393645 0.487862 0.064601 0.070028
3 0.679359 0.721755 0.092962 0.138189
3 0.438288 0.411298 0.038340 0.066293
4 0.377363 0.133053 0.020483 0.036415
3 0.333508 0.244164 0.026261 0.049486
3 0.258403 0.164332 0.021008 0.037348
3 0.239496 0.101307 0.022059 0.030812
3 0.254202 0.077498 0.017857 0.024276
3 0.378414 0.218021 0.026786 0.042017
3 0.248162 0.051821 0.020483 0.030812
3 0.335347 0.148459 0.024685 0.033613
3 0.275998 0.064426 0.018382 0.026144
0 0.120011 0.777311 0.023634 0.075630
0 0.179884 0.757236 0.021534 0.078431
0 0.150210 0.686275 0.018908 0.061625
1 0.168855 0.696078 0.016282 0.038282
9 0.054359 0.733894 0.028887 0.061625
1 0.047269 0.711485 0.018908 0.056022
0 0.007353 0.785247 0.014706 0.069094
3 0.922006 0.209150 0.040441 0.035481
3 0.919380 0.178805 0.036239 0.032680
4 0.854779 0.170401 0.037290 0.032680
4 0.835872 0.164799 0.032038 0.036415
4 0.851628 0.147993 0.036239 0.034547
4 0.835872 0.139589 0.035189 0.032680
3 0.823792 0.159197 0.036239 0.028945
3 0.803309 0.148926 0.033088 0.030812
3 0.782300 0.147059 0.027836 0.027077
3 0.772847 0.139589 0.027836 0.025210
3 0.855830 0.111578 0.027836 0.025210
3 0.837447 0.107843 0.026786 0.028945
3 0.829044 0.098506 0.032038 0.030812
3 0.813288 0.095705 0.025735 0.027077
3 0.800158 0.089169 0.030987 0.032680
3 0.764968 0.076097 0.029937 0.027077
3 0.722426 0.061158 0.026786 0.028945