2 0.809338 0.950728 0.021949 0.065476
0 0.852865 0.875000 0.015253 0.070106
0 0.871094 0.876323 0.014509 0.066138
0 0.818080 0.769841 0.010417 0.051587
0 0.824777 0.662368 0.011905 0.048280
9 0.869420 0.647487 0.016369 0.029101
0 0.809710 0.784392 0.011533 0.059524
2 0.793713 0.696759 0.019717 0.045635
2 0.787760 0.814484 0.015997 0.044312
1 0.785528 0.793981 0.013021 0.058862
2 0.816406 0.604167 0.013021 0.029762
1 0.817894 0.591270 0.011533 0.037037
9 0.382812 0.583003 0.017857 0.028439
3 0.969308 0.629299 0.059896 0.053571
3 0.969494 0.597553 0.059524 0.040344
3 0.988467 0.518519 0.020833 0.034392
3 0.449591 0.927910 0.046503 0.128307
3 0.533110 0.790675 0.042411 0.098545
3 0.459263 0.665344 0.032366 0.059524
3 0.499070 0.584656 0.029390 0.050265
3 0.536458 0.514550 0.023810 0.041005
3 0.503534 0.514220 0.022693 0.041667
3 0.454985 0.534392 0.024554 0.044974
3 0.505394 0.442460 0.018229 0.033069
3 0.455357 0.448082 0.019345 0.036376
3 0.483631 0.457011 0.021577 0.033069
3 0.308594 0.877315 0.057664 0.113095
3 0.382626 0.889550 0.045759 0.101852
3 0.394903 0.787368 0.044271 0.089286
3 0.336310 0.757937 0.049107 0.083333
3 0.080357 0.885913 0.081101 0.128968
3 0.177269 0.786045 0.062872 0.109127
3 0.175595 0.637235 0.049107 0.076058
3 0.247954 0.622685 0.046503 0.073413
3 0.261719 0.686508 0.046503 0.078042
3 0.309338 0.576389 0.037574 0.070767
3 0.233445 0.577381 0.037574 0.059524
3 0.293899 0.521164 0.031994 0.051587
3 0.339100 0.505291 0.033854 0.050265
3 0.283482 0.472553 0.033482 0.046958
3 0.269717 0.453373 0.031994 0.046958
3 0.350260 0.459987 0.028646 0.049603
3 0.327753 0.451058 0.027530 0.039683
3 0.368862 0.435847 0.024182 0.038360
3 0.355469 0.405754 0.023438 0.032407
3 0.460007 0.386905 0.017485 0.029101
3 0.470982 0.415344 0.018601 0.027778
3 0.511533 0.402778 0.016369 0.029101
3 0.487351 0.392857 0.015625 0.027778
3 0.466518 0.351852 0.015625 0.027778
3 0.869048 0.502646 0.031250 0.038360
3 0.898996 0.508267 0.029390 0.041667
3 0.929688 0.508929 0.036458 0.044312
3 0.877046 0.451058 0.029390 0.046296
3 0.849144 0.449074 0.025670 0.039683