0 0.708508 0.559757 0.016807 0.055089
0 0.737132 0.565359 0.015231 0.058824
9 0.335872 0.472923 0.015231 0.047619
0 0.314863 0.698880 0.019433 0.083100
0 0.491859 0.482726 0.013130 0.063492
0 0.507090 0.479458 0.012080 0.056956
1 0.525473 0.471989 0.014181 0.055089
0 0.559086 0.485061 0.016282 0.053221
0 0.573529 0.597106 0.018908 0.068161
0 0.562500 0.567227 0.018908 0.071895
0 0.496586 0.522409 0.012080 0.068161
0 0.528887 0.514939 0.014706 0.056956
0 0.551208 0.515873 0.015231 0.056956
0 0.522847 0.538749 0.017332 0.059757
0 0.507616 0.519608 0.012080 0.056956
0 0.140756 0.728291 0.024160 0.082166
0 0.017595 0.610644 0.025735 0.076564
0 0.158088 0.520542 0.018908 0.068161
0 0.115284 0.546685 0.026786 0.066293
9 0.865546 0.799720 0.036765 0.068161
9 0.795431 0.607376 0.038340 0.045752
2 0.840599 0.631653 0.041492 0.051354
9 0.880515 0.685808 0.025735 0.075630
1 0.840599 0.674603 0.025735 0.058824
0 0.858456 0.696545 0.040441 0.056022
0 0.291754 0.678805 0.023634 0.078431
0 0.580357 0.960784 0.031513 0.061625
0 0.467174 0.679739 0.021534 0.070962
0 0.507090 0.577031 0.015231 0.072829