3 0.595404 0.520588 0.087132 0.071242
3 0.519118 0.906536 0.065441 0.183007
3 0.806066 0.499020 0.101103 0.083007
9 0.524081 0.278105 0.011397 0.028105
1 0.524449 0.266013 0.009926 0.033987
4 0.410478 0.610784 0.096691 0.086928
3 0.569301 0.606863 0.095221 0.079085
3 0.091728 0.638889 0.112132 0.088235
0 0.254596 0.463072 0.020221 0.045098
1 0.434007 0.410784 0.015074 0.042484
2 0.433272 0.426144 0.009191 0.037908
0 0.443566 0.404902 0.010662 0.051634
0 0.456618 0.399673 0.010294 0.046405
6 0.373162 0.409477 0.050735 0.051634
1 0.375735 0.388889 0.009559 0.033987
1 0.259375 0.225817 0.012132 0.029412
0 0.570956 0.337255 0.012500 0.048366
0 0.280147 0.163725 0.010294 0.039869
0 0.291360 0.158824 0.009191 0.043137
3 0.029044 0.383007 0.045588 0.101961
5 0.143566 0.393791 0.067279 0.130065
3 0.233088 0.350980 0.041912 0.084967
3 0.306618 0.047712 0.042647 0.039216
3 0.470956 0.055229 0.027206 0.037255
1 0.936213 0.289216 0.013603 0.032026
0 0.743750 0.449020 0.012500 0.043137
1 0.650368 0.116340 0.012500 0.022222
1 0.466360 0.066993 0.008456 0.034641
0 0.530331 0.253268 0.009926 0.041176
0 0.536765 0.250654 0.009559 0.038562
0 0.532721 0.209477 0.009559 0.043791
9 0.162500 0.962418 0.033088 0.072549
9 0.135294 0.958824 0.027206 0.082353