1 0.373162 0.161064 0.012080 0.032680
1 0.394695 0.161998 0.012080 0.032680
9 0.375525 0.184874 0.014706 0.041083
9 0.395746 0.183940 0.015231 0.037348
0 0.667805 0.130252 0.011029 0.049486
0 0.669905 0.140523 0.008929 0.038282
1 0.677258 0.127451 0.008929 0.043884
0 0.720588 0.106443 0.014706 0.048553
0 0.637342 0.113912 0.012080 0.042951
2 0.695641 0.101307 0.012080 0.032680
6 0.767857 0.530345 0.106092 0.134454
3 0.158876 0.374416 0.148634 0.102708
3 0.385242 0.669468 0.189601 0.158730
3 0.821954 0.839402 0.116597 0.285714
3 0.404149 0.542017 0.147584 0.129785
3 0.117910 0.556956 0.186450 0.142857
3 0.490284 0.357143 0.125525 0.094304
3 0.690651 0.301120 0.113445 0.096172
3 0.823267 0.341270 0.118172 0.096172
0 0.081145 0.273109 0.017332 0.079365
0 0.097952 0.273576 0.016282 0.076564
3 0.415966 0.104575 0.037815 0.061625
3 0.613971 0.050887 0.043067 0.045752
1 0.026261 0.142390 0.011555 0.049486
1 0.013393 0.139589 0.008929 0.043884