3 0.763393 0.506069 0.032038 0.052288
3 0.753414 0.479458 0.026786 0.038282
0 0.833246 0.530345 0.006828 0.033613
0 0.806985 0.535014 0.008929 0.029879
3 0.445903 0.455649 0.029412 0.042951
3 0.480305 0.395892 0.021534 0.033613
3 0.503939 0.350607 0.016282 0.028945
3 0.509979 0.342670 0.013655 0.024276
3 0.517595 0.336601 0.013130 0.023343
3 0.134191 0.505135 0.050945 0.048553
3 0.574842 0.467787 0.026786 0.052288
3 0.542542 0.459851 0.019958 0.042017
3 0.557773 0.401494 0.016807 0.028011
3 0.572742 0.513539 0.026786 0.052288
3 0.752363 0.659664 0.063550 0.056956
3 0.581145 0.419234 0.016282 0.028011
3 0.775473 0.757703 0.059349 0.098039
3 0.584559 0.401961 0.015756 0.028945
3 0.533876 0.500467 0.025735 0.059757
3 0.542542 0.394958 0.018908 0.033613
0 0.833771 0.534547 0.006828 0.028945
0 0.488971 0.545285 0.008403 0.041083
0 0.486082 0.552754 0.008929 0.041083
3 0.742647 0.454715 0.024160 0.033613
1 0.474265 0.555089 0.011555 0.043884
2 0.471901 0.567227 0.021534 0.025210
9 0.641019 0.574230 0.023634 0.031746
1 0.638918 0.567227 0.011029 0.038282
0 0.923845 0.548086 0.007353 0.041083
0 0.812237 0.496732 0.011029 0.044818
0 0.929884 0.546218 0.008929 0.029879
3 0.534139 0.300654 0.013655 0.024276
3 0.577468 0.443978 0.020483 0.038282
3 0.571166 0.361811 0.016282 0.025210
3 0.586134 0.380952 0.014706 0.024276
3 0.301996 0.605509 0.080882 0.058824
3 0.504202 0.508403 0.026261 0.047619
3 0.805410 0.605509 0.077206 0.066293
2 0.571954 0.742297 0.030462 0.041083
1 0.569328 0.732493 0.016807 0.053221
2 0.425420 0.590570 0.025210 0.028945
1 0.425945 0.579832 0.011555 0.052288
0 0.304884 0.544818 0.008929 0.042017
0 0.318015 0.537815 0.008929 0.039216
0 0.822216 0.507003 0.008929 0.037348
0 0.489233 0.550887 0.008929 0.041083
0 0.622637 0.508870 0.008929 0.037348