3 0.297269 0.705415 0.054622 0.101774
3 0.809874 0.897292 0.048319 0.102708
3 0.847952 0.875350 0.040441 0.114846
3 0.957983 0.654995 0.033613 0.094304
4 0.714811 0.980392 0.056723 0.037348
3 0.524685 0.960317 0.061975 0.075630
3 0.471113 0.885154 0.055672 0.112045
3 0.394958 0.733427 0.035714 0.111111
3 0.349002 0.654528 0.053046 0.102708
3 0.303834 0.560691 0.061450 0.090570
3 0.243172 0.461251 0.055672 0.085901
3 0.228729 0.697012 0.054097 0.099907
4 0.193277 0.279178 0.033613 0.084034
3 0.165966 0.349673 0.053571 0.090570
3 0.166229 0.247899 0.029937 0.098039
3 0.119223 0.257703 0.046218 0.076564
3 0.137342 0.740430 0.063550 0.078431
3 0.249737 0.933707 0.060399 0.113912
3 0.047794 0.549953 0.057773 0.097106
9 0.179622 0.452848 0.024160 0.041083
0 0.544905 0.670868 0.012080 0.025210
0 0.155725 0.691410 0.018382 0.021475
9 0.097426 0.654995 0.018382 0.051354