9 0.183561 0.912698 0.039391 0.090570
9 0.230830 0.735294 0.025735 0.081232
9 0.569328 0.709617 0.024160 0.084034
3 0.496061 0.596639 0.048845 0.113912
3 0.498162 0.443044 0.042542 0.088702
9 0.014181 0.862745 0.028361 0.044818
9 0.257090 0.763772 0.027836 0.069094
1 0.260242 0.732960 0.024685 0.070962
9 0.241859 0.551354 0.038340 0.047619
9 0.252626 0.488329 0.037815 0.046685
3 0.410452 0.576097 0.058298 0.153128
3 0.350315 0.485528 0.054622 0.130719
3 0.391282 0.221289 0.063025 0.059757
3 0.208246 0.344538 0.091912 0.082166
3 0.637605 0.631653 0.065126 0.148459
9 0.593225 0.469655 0.014181 0.056022
1 0.592962 0.454248 0.012605 0.045752
2 0.365546 0.311858 0.026261 0.031746
1 0.366597 0.301587 0.012605 0.048553
9 0.596113 0.407096 0.014706 0.052288
1 0.597689 0.376284 0.016807 0.054155
0 0.120536 0.314659 0.016282 0.054155
0 0.184349 0.278245 0.014706 0.048553
1 0.230830 0.313725 0.015231 0.029879
1 0.213761 0.278711 0.017857 0.055089
1 0.245798 0.295051 0.013655 0.057890
1 0.235294 0.276377 0.014706 0.054155
3 0.155200 0.223156 0.074055 0.054155
0 0.340599 0.295051 0.012080 0.050420
6 0.372111 0.253035 0.043592 0.037348
1 0.376313 0.243231 0.014181 0.032680
9 0.387080 0.242764 0.027311 0.033613
1 0.383929 0.233427 0.012605 0.039216
9 0.582458 0.209150 0.022059 0.028011
1 0.584034 0.200747 0.012605 0.039216
3 0.506303 0.136321 0.024160 0.039216
4 0.710347 0.220355 0.054097 0.054155
2 0.403099 0.146125 0.021534 0.032680
1 0.403099 0.134921 0.014181 0.038282
2 0.644433 0.210084 0.026261 0.029879
1 0.646008 0.201681 0.011555 0.042951
3 0.149685 0.156863 0.047269 0.042951
0 0.184611 0.161998 0.008929 0.045752
0 0.193540 0.160598 0.009979 0.033613
0 0.201155 0.165733 0.009454 0.038282
0 0.310924 0.174603 0.008403 0.037348
3 0.456145 0.126517 0.023634 0.047619
3 0.421218 0.106909 0.025210 0.038282
4 0.428046 0.050420 0.027311 0.078431
3 0.462185 0.018207 0.023109 0.027077
3 0.539916 0.074697 0.018908 0.035481
3 0.530987 0.036415 0.021008 0.041083
0 0.567489 0.684874 0.019433 0.049486
9 0.511292 0.058357 0.008929 0.027077
0 0.265494 0.111578 0.008929 0.038282
9 0.317489 0.117180 0.020483 0.032680
0 0.241334 0.107843 0.020483 0.036415
0 0.325368 0.081699 0.011029 0.040149
0 0.331670 0.078898 0.008929 0.038282
9 0.639968 0.147993 0.022584 0.034547
9 0.618435 0.140523 0.020483 0.034547
0 0.613183 0.136788 0.013130 0.045752