3 0.031775 0.301587 0.036239 0.059757
3 0.033876 0.239963 0.040441 0.054155
3 0.871849 0.903828 0.039916 0.048553
3 0.594800 0.510271 0.027836 0.060691
3 0.554622 0.807656 0.043067 0.052288
3 0.488708 0.753035 0.034139 0.071895
3 0.474527 0.906629 0.032038 0.067227
3 0.428046 0.919234 0.027311 0.058824
3 0.587185 0.378151 0.030462 0.065359
2 0.412027 0.313259 0.016282 0.017740
9 0.349527 0.955649 0.009979 0.025210
0 0.407300 0.598039 0.008929 0.015873
9 0.313813 0.261905 0.016282 0.021475
0 0.636817 0.671802 0.012080 0.025210
0 0.652048 0.484127 0.007878 0.014006
0 0.350053 0.756769 0.007878 0.017740
3 0.309349 0.589169 0.039916 0.039216
3 0.327731 0.556022 0.037815 0.045752
3 0.336922 0.517274 0.038340 0.044818
3 0.254727 0.557890 0.038866 0.045752
3 0.282826 0.529412 0.037290 0.041083
3 0.289391 0.482260 0.038866 0.045752
3 0.214548 0.526144 0.037290 0.038282
4 0.232143 0.497666 0.039916 0.044818
3 0.240546 0.451447 0.033613 0.038282
3 0.167542 0.503735 0.040966 0.043884
3 0.184611 0.469188 0.039391 0.047619
3 0.200630 0.430439 0.037815 0.044818
3 0.717174 0.675537 0.040441 0.043884
3 0.718487 0.635387 0.035714 0.045752
3 0.721113 0.583567 0.035714 0.039216
3 0.743697 0.553221 0.039916 0.043884
3 0.750788 0.700747 0.034139 0.036415
3 0.773634 0.664799 0.039916 0.046685
3 0.802258 0.633520 0.041492 0.045752
3 0.800683 0.591036 0.040441 0.046685
3 0.789653 0.726891 0.038340 0.043884
3 0.837185 0.754902 0.039916 0.043884
3 0.881565 0.780112 0.042542 0.045752
3 0.925420 0.801120 0.039916 0.046685
3 0.138655 0.394958 0.039916 0.042951
3 0.074580 0.375817 0.039916 0.055089
3 0.109769 0.475724 0.040966 0.047619
3 0.067227 0.442577 0.040966 0.048553
3 0.103729 0.281046 0.038340 0.042951
3 0.167279 0.315126 0.043592 0.049486
4 0.066702 0.281979 0.039916 0.042951
8 0.473477 0.554622 0.053046 0.145658
5 0.649947 0.285714 0.028887 0.061625
3 0.747637 0.015406 0.025735 0.030812
3 0.728992 0.784781 0.044118 0.049486
3 0.640494 0.714753 0.034139 0.062558
8 0.415966 0.365546 0.085084 0.066293
3 0.537027 0.511204 0.027836 0.068161
3 0.537027 0.440710 0.026786 0.059757
4 0.972689 0.830999 0.048319 0.048553
3 0.040179 0.401494 0.024685 0.065359
3 0.013918 0.409897 0.027836 0.042951