3 0.507090 0.611111 0.049895 0.111111
3 0.606618 0.756303 0.067227 0.162465
3 0.404674 0.576564 0.053046 0.127918
3 0.089811 0.640056 0.126050 0.094304
4 0.056197 0.524743 0.061975 0.138189
3 0.358981 0.289449 0.045693 0.067227
3 0.439863 0.215686 0.025735 0.054155
3 0.414128 0.150794 0.020483 0.043884
3 0.593750 0.219421 0.054097 0.052288
3 0.498162 0.366947 0.038340 0.072829
3 0.492384 0.240896 0.030987 0.056022
7 0.455095 0.125584 0.017332 0.045752
3 0.508666 0.073296 0.020483 0.036415
3 0.445378 0.102708 0.019958 0.044818
3 0.448004 0.079832 0.017857 0.040149
3 0.451943 0.047152 0.017332 0.036415
3 0.958246 0.157796 0.061450 0.050420
3 0.662027 0.169468 0.051996 0.040149
3 0.313813 0.171802 0.051996 0.050420
3 0.455095 0.029879 0.017332 0.028011
9 0.317752 0.607376 0.015756 0.051354
1 0.316702 0.578431 0.015756 0.042017
1 0.331408 0.432306 0.012605 0.046685
9 0.331933 0.453782 0.014706 0.044818
9 0.380515 0.218487 0.009979 0.031746
9 0.425158 0.278711 0.009979 0.032680
1 0.378676 0.210084 0.007353 0.028011
1 0.424632 0.260504 0.009979 0.029879
1 0.365021 0.237628 0.007353 0.030812
9 0.365809 0.246499 0.009979 0.033613
1 0.406775 0.219888 0.012080 0.030812
6 0.407563 0.226424 0.015756 0.036415
1 0.538866 0.140990 0.008403 0.028011
9 0.539128 0.150327 0.007878 0.026144
1 0.520221 0.200280 0.009979 0.030812
9 0.519695 0.208683 0.009979 0.036415
9 0.388130 0.187208 0.009454 0.027077
1 0.389706 0.176471 0.009454 0.022409
1 0.569853 0.267040 0.011555 0.033613
9 0.568803 0.277311 0.013655 0.033613
6 0.422006 0.084967 0.011029 0.024276
1 0.422006 0.078431 0.007878 0.020542
9 0.862658 0.154528 0.007878 0.027077
9 0.835872 0.145191 0.011029 0.030812
0 0.782300 0.122316 0.011029 0.029879
0 0.774947 0.137722 0.009979 0.028945
0 0.766282 0.128385 0.008403 0.032680
0 0.711922 0.149393 0.008929 0.033613
3 0.390231 0.037348 0.030462 0.029879
3 0.390494 0.021475 0.030987 0.031746
3 0.228204 0.276377 0.069853 0.063492
3 0.202206 0.223156 0.061975 0.048553
3 0.202731 0.200747 0.075630 0.056022
3 0.363971 0.118114 0.049370 0.036415
3 0.377363 0.078431 0.038340 0.035481
3 0.708246 0.181606 0.055147 0.040149
5 0.788603 0.179739 0.061450 0.051354
3 0.576681 0.102708 0.048319 0.041083
3 0.560137 0.093371 0.045693 0.035481
3 0.527311 0.869748 0.068277 0.197012
9 0.699580 0.935574 0.032563 0.100840
1 0.701155 0.919234 0.025210 0.086835
9 0.297794 0.479458 0.017857 0.055089
1 0.298057 0.466853 0.017332 0.054155
9 0.094800 0.503268 0.036239 0.048553
3 0.422006 0.015406 0.014181 0.030812
3 0.491597 0.147526 0.023109 0.042951