3 0.763918 0.502334 0.032038 0.052288
3 0.753414 0.477591 0.026786 0.038282
0 0.835872 0.531279 0.006828 0.033613
0 0.809086 0.535948 0.008929 0.029879
3 0.446429 0.452848 0.029412 0.042951
3 0.480830 0.394024 0.021534 0.033613
3 0.503939 0.348739 0.016282 0.028945
3 0.509979 0.341737 0.013655 0.024276
3 0.518120 0.334734 0.013130 0.023343
3 0.133141 0.503268 0.050945 0.048553
3 0.574842 0.464986 0.026786 0.052288
3 0.542017 0.461718 0.019958 0.042017
3 0.555147 0.406629 0.019958 0.028945
3 0.572742 0.510271 0.026786 0.051354
3 0.705620 0.663399 0.063550 0.056956
3 0.580620 0.417367 0.016282 0.028011
3 0.839286 0.725957 0.080882 0.094304
3 0.584559 0.401961 0.015756 0.028945
3 0.533351 0.498599 0.025735 0.061625
3 0.542542 0.393091 0.018908 0.033613
0 0.838498 0.535481 0.006828 0.028945
0 0.476891 0.544351 0.008403 0.041083
0 0.472952 0.550887 0.008929 0.041083
3 0.743172 0.452848 0.024160 0.033613
1 0.445378 0.553221 0.011555 0.043884
2 0.443540 0.564426 0.021534 0.025210
9 0.662815 0.572362 0.023109 0.028011
1 0.661502 0.566293 0.011029 0.038282
0 0.920693 0.545285 0.007353 0.041083
0 0.810137 0.491130 0.011029 0.044818
0 0.926733 0.545285 0.008929 0.029879
3 0.534139 0.298786 0.013655 0.024276
3 0.576943 0.442110 0.020483 0.038282
3 0.567489 0.369281 0.016282 0.025210
3 0.586134 0.380019 0.014706 0.024276
3 0.353204 0.600373 0.069853 0.056022
3 0.502101 0.513072 0.026261 0.047619
3 0.750263 0.597106 0.074055 0.066293
2 0.605042 0.744164 0.030462 0.041083
1 0.602416 0.735294 0.016807 0.053221
2 0.469800 0.583567 0.025735 0.029879
1 0.466912 0.572362 0.011555 0.052288
0 0.309349 0.538749 0.009454 0.041083
0 0.324580 0.533147 0.009454 0.039216
0 0.820116 0.503268 0.008929 0.037348
0 0.476628 0.546218 0.008929 0.041083
0 0.621061 0.510738 0.008929 0.037348