1 0.003939 0.434641 0.007878 0.047619
2 0.010242 0.438375 0.011029 0.049486
0 0.081670 0.423436 0.011029 0.045752
0 0.387342 0.101307 0.006828 0.025210
3 0.467700 0.010738 0.014181 0.012138
3 0.466649 0.025677 0.015231 0.023343
3 0.464023 0.043417 0.014181 0.027077
3 0.461922 0.056489 0.016282 0.028945
3 0.458771 0.077965 0.016282 0.045752
3 0.467700 0.106909 0.019433 0.036415
3 0.547794 0.039683 0.019958 0.043884
3 0.561712 0.083567 0.033088 0.023343
3 0.577468 0.132120 0.034139 0.025210
0 0.602153 0.099440 0.007878 0.036415
9 0.618960 0.287115 0.017332 0.019608
9 0.724527 0.421569 0.009979 0.036415
2 0.754464 0.382353 0.009979 0.028945
9 0.675158 0.362745 0.032038 0.038282
1 0.704569 0.386088 0.011029 0.028945
3 0.117122 0.617180 0.100840 0.082166
3 0.451418 0.323529 0.033088 0.062558
3 0.455620 0.265640 0.027836 0.053221
1 0.689601 0.972456 0.028361 0.040149
0 0.983193 0.815126 0.021008 0.063492
0 0.978729 0.781046 0.019433 0.070028
9 0.253939 0.416900 0.027836 0.034547
1 0.804622 0.605509 0.017857 0.055089
1 0.421218 0.371615 0.010504 0.035481
2 0.803834 0.622316 0.046744 0.045752
9 0.422269 0.388422 0.012605 0.031746
0 0.545956 0.129318 0.006828 0.036415
9 0.364758 0.311391 0.022584 0.030812
0 0.530987 0.277311 0.011555 0.041083
2 0.020746 0.437442 0.018382 0.038282
3 0.174895 0.921569 0.111345 0.153128
3 0.496586 0.218954 0.019433 0.049486
3 0.946691 0.912232 0.104517 0.156863
3 0.590336 0.316993 0.028361 0.045752
3 0.445903 0.191877 0.023109 0.042017
3 0.650998 0.265640 0.050945 0.043884
3 0.585347 0.141457 0.040441 0.027077
4 0.454307 0.150794 0.021008 0.036415
6 0.689601 0.972923 0.033613 0.048553
9 0.688813 0.401494 0.008929 0.037348
2 0.756828 0.414099 0.014706 0.034547
9 0.792542 0.403361 0.009454 0.041083
9 0.813813 0.401494 0.012080 0.037348
9 0.868435 0.415500 0.008929 0.035481
9 0.902574 0.388889 0.015231 0.036415
2 0.914916 0.416433 0.011555 0.037348
9 0.964023 0.417834 0.023634 0.049486
1 0.491071 0.361345 0.012605 0.031746
6 0.490546 0.377684 0.017857 0.036415
1 0.411765 0.414566 0.013655 0.046685
9 0.412290 0.429038 0.023109 0.042017
1 0.152836 0.726424 0.021008 0.067227
9 0.154937 0.753501 0.036765 0.044818
9 0.345326 0.373016 0.026786 0.028945
9 0.395221 0.305789 0.023634 0.034547
9 0.400998 0.280579 0.024685 0.028945
0 0.129989 0.441176 0.013130 0.045752
0 0.543330 0.130252 0.006828 0.038282
0 0.379989 0.101307 0.005777 0.027077
0 0.071691 0.415966 0.011029 0.049486
0 0.045956 0.421569 0.013130 0.043884
9 0.260767 0.431839 0.027836 0.030812
9 0.095851 0.455182 0.013130 0.045752
3 0.649422 0.632586 0.097164 0.083100
3 0.801733 0.717554 0.096113 0.079365
9 0.264181 0.722689 0.047269 0.054155
1 0.259716 0.712885 0.022584 0.071895
3 0.459559 0.125117 0.017857 0.029879
1 0.422006 0.373016 0.012080 0.036415
1 0.490809 0.375817 0.012080 0.027077
3 0.451155 0.393091 0.033613 0.069094
2 0.461134 0.487395 0.033613 0.031746
1 0.464811 0.467320 0.017857 0.042017
2 0.469800 0.454715 0.027836 0.031746
1 0.472689 0.443044 0.017857 0.036415
2 0.475840 0.478525 0.027311 0.030812
1 0.480042 0.457049 0.017857 0.036415
3 0.643120 0.425303 0.078256 0.073763
3 0.666492 0.573296 0.100840 0.072829
3 0.574055 0.513072 0.082983 0.068161
0 0.596901 0.335668 0.009979 0.045752
4 0.587710 0.701681 0.095588 0.098039
3 0.414653 0.526144 0.085609 0.083100
3 0.865546 0.580299 0.101891 0.073763
3 0.787027 0.514006 0.083508 0.068161
3 0.843225 0.472456 0.073004 0.056022
0 0.554622 0.275444 0.007353 0.035481
9 0.047006 0.683473 0.050945 0.056022
1 0.037815 0.663399 0.019958 0.060691