3 0.152048 0.653128 0.142332 0.144725
3 0.487658 0.760037 0.163340 0.154995
3 0.318277 0.442577 0.118697 0.126984
3 0.144958 0.389356 0.102941 0.102708
3 0.367122 0.324463 0.094538 0.090570
3 0.263393 0.305322 0.094013 0.078431
3 0.654412 0.280112 0.044118 0.085901
3 0.663603 0.229225 0.040441 0.077498
3 0.681723 0.190009 0.031513 0.066293
3 0.685399 0.154995 0.027311 0.048553
3 0.698792 0.125117 0.024685 0.048553
3 0.716912 0.083567 0.025210 0.038282
3 0.902311 0.395425 0.118697 0.101774
3 0.898634 0.343137 0.107143 0.083100
6 0.509191 0.359010 0.070903 0.071895
0 0.409926 0.573763 0.017332 0.077498
0 0.379202 0.574697 0.019958 0.083100
0 0.400210 0.577965 0.017857 0.084034
9 0.667017 0.512138 0.028361 0.071895
1 0.667017 0.494398 0.015756 0.066293
3 0.499212 0.300187 0.083508 0.088702
3 0.517332 0.261438 0.078782 0.067227
3 0.514181 0.241830 0.090336 0.056022
3 0.514443 0.211485 0.046744 0.042017
3 0.535452 0.212885 0.081408 0.056022
5 0.558824 0.173203 0.074580 0.051354
3 0.589286 0.180672 0.061975 0.043884
3 0.606092 0.145191 0.061975 0.038282
3 0.633141 0.089169 0.053046 0.032680
3 0.649422 0.070962 0.040441 0.031746
0 0.637342 0.166667 0.008929 0.032680
0 0.647847 0.170401 0.008929 0.032680
0 0.653887 0.142390 0.008403 0.038282
1 0.662553 0.143324 0.008929 0.027077
0 0.658351 0.124183 0.012080 0.031746
0 0.665179 0.124650 0.008929 0.032680
0 0.739758 0.231092 0.019433 0.056956
2 0.739496 0.241363 0.026261 0.043884
3 0.906250 0.233894 0.071954 0.066293
3 0.903099 0.210084 0.065651 0.056022
3 0.902048 0.194678 0.074055 0.047619
3 0.059611 0.362278 0.105567 0.098973
3 0.769958 0.148926 0.024160 0.049486
3 0.618435 0.120915 0.049895 0.038282
1 0.491334 0.363679 0.018382 0.066293
0 0.768120 0.434641 0.015231 0.049486
0 0.789128 0.430906 0.015231 0.066293
0 0.791229 0.403828 0.012080 0.043884
6 0.772059 0.406162 0.031513 0.093371