0 0.551208 0.270308 0.007878 0.042017
2 0.859769 0.259104 0.012605 0.042017
1 0.860819 0.253501 0.010504 0.038282
2 0.872637 0.381419 0.029937 0.036415
3 0.205620 0.311858 0.080357 0.061625
0 0.647321 0.347339 0.014181 0.052288
6 0.267595 0.278711 0.033088 0.049486
9 0.367647 0.310924 0.015756 0.039216
9 0.377101 0.314659 0.015756 0.044818
9 0.391807 0.316527 0.013655 0.044818
3 0.425420 0.314192 0.037815 0.064426
3 0.482931 0.298786 0.045693 0.067227
4 0.740284 0.235761 0.033088 0.070028
9 0.692489 0.165733 0.020483 0.021475
3 0.457195 0.486928 0.102416 0.088702
4 0.830095 0.696545 0.148634 0.168067
9 0.878676 0.376751 0.012605 0.053221
3 0.247374 0.484594 0.094538 0.089636
3 0.965599 0.510738 0.066702 0.095238
0 0.571954 0.282913 0.009454 0.044818
6 0.101891 0.314659 0.044118 0.044818
1 0.094800 0.305789 0.014181 0.047619
2 0.030987 0.283380 0.022059 0.032680
1 0.030987 0.274510 0.012605 0.046685
2 0.888918 0.401961 0.029937 0.036415
1 0.895746 0.388422 0.014181 0.052288
0 0.905987 0.354809 0.012605 0.050420
2 0.983981 0.447712 0.030987 0.042017
3 0.068540 0.271709 0.070903 0.056022
2 0.196166 0.587302 0.026786 0.069094
1 0.193277 0.577498 0.016807 0.058824
1 0.198004 0.592904 0.015756 0.046685
2 0.849527 0.422969 0.019433 0.052288
1 0.851366 0.418768 0.016807 0.053221
2 0.837447 0.248833 0.011029 0.042017
1 0.837185 0.244164 0.007353 0.042017
1 0.794380 0.103175 0.009979 0.036415
3 0.816964 0.033613 0.018382 0.033613
9 0.022847 0.775444 0.045693 0.045752
9 0.014968 0.893091 0.029937 0.034547
3 0.879989 0.058357 0.019433 0.032680
3 0.858456 0.024743 0.018382 0.030812
9 0.705095 0.150794 0.017332 0.021475
3 0.809086 0.219888 0.028887 0.058824
9 0.792279 0.117647 0.011029 0.039216
4 0.881565 0.237162 0.029937 0.061625