3 0.384301 0.723214 0.044643 0.077381
3 0.444196 0.721230 0.048363 0.074735
3 0.492560 0.708003 0.047619 0.073413
3 0.542969 0.705357 0.049479 0.073413
3 0.580915 0.676257 0.051711 0.065476
3 0.413876 0.823743 0.056176 0.109127
3 0.475632 0.808862 0.056920 0.101852
3 0.531064 0.803571 0.062872 0.099206
5 0.608445 0.826720 0.079241 0.129630
4 0.644531 0.773810 0.069568 0.091270
3 0.446987 0.965608 0.067336 0.064815
3 0.521577 0.949405 0.063244 0.093254
3 0.586682 0.935847 0.069196 0.100529
3 0.665551 0.949405 0.081101 0.097222
3 0.722656 0.921296 0.091146 0.115079
3 0.512649 0.560847 0.030506 0.043651
3 0.907366 0.566799 0.072917 0.044974
3 0.815476 0.554233 0.063988 0.043651
3 0.658482 0.495701 0.052083 0.037698
3 0.784598 0.504960 0.055060 0.040344
3 0.868676 0.498347 0.052827 0.037698
3 0.720982 0.482474 0.049107 0.035053
3 0.538318 0.480820 0.051339 0.038360
3 0.549107 0.464616 0.052083 0.032407
3 0.491257 0.448082 0.046503 0.032407
3 0.426897 0.430886 0.044271 0.029762
3 0.512091 0.424603 0.047247 0.027778
3 0.451637 0.454365 0.043155 0.034392
4 0.420759 0.458995 0.054315 0.042328
3 0.336310 0.452712 0.048363 0.035053
3 0.361979 0.444114 0.045387 0.031085
3 0.559524 0.454365 0.042411 0.033069
3 0.643601 0.460979 0.046131 0.033069
3 0.247582 0.449405 0.042039 0.032407
3 0.522507 0.436177 0.043527 0.031085
3 0.566034 0.428902 0.039062 0.032407
3 0.255766 0.434854 0.045015 0.036376
3 0.275670 0.423611 0.044643 0.037698
3 0.304501 0.415344 0.038318 0.033069
3 0.369234 0.429894 0.039062 0.029101
3 0.431176 0.412368 0.037202 0.025794
3 0.688058 0.444114 0.038318 0.035053
3 0.156064 0.411045 0.043527 0.031085
3 0.230097 0.416005 0.029390 0.027778
0 0.047619 0.734458 0.011905 0.050926
0 0.028460 0.643188 0.011533 0.050926
0 0.050967 0.656746 0.013393 0.041005
0 0.025856 0.653439 0.017485 0.041005
0 0.143601 0.605159 0.017113 0.046296
0 0.088356 0.649140 0.013021 0.044312
0 0.091704 0.637235 0.013021 0.046958
0 0.118304 0.661376 0.014881 0.046296
0 0.195499 0.598545 0.013765 0.041005
0 0.155692 0.651786 0.011533 0.044312
0 0.186756 0.644180 0.015625 0.043651
0 0.178385 0.629960 0.015253 0.049603
2 0.276972 0.590608 0.025670 0.023810
1 0.276228 0.577712 0.011533 0.040344