2 0.091649 0.259570 0.011029 0.033613
2 0.104254 0.264706 0.011029 0.036415
2 0.117910 0.260037 0.012080 0.038282
3 0.145746 0.247432 0.042542 0.070962
3 0.191439 0.205882 0.046744 0.062558
0 0.223477 0.387955 0.012080 0.047619
3 0.672269 0.288049 0.065126 0.058824
0 0.572216 0.098506 0.006828 0.030812
0 0.579832 0.095705 0.007353 0.028945
3 0.048319 0.330999 0.073529 0.053221
0 0.498424 0.158730 0.008403 0.041083
0 0.610819 0.170868 0.014706 0.033613
6 0.452731 0.153128 0.021008 0.061625
0 0.668067 0.755369 0.015756 0.039216
0 0.661765 0.731092 0.015756 0.042951
0 0.657300 0.511671 0.011029 0.041083
0 0.670956 0.521008 0.011029 0.044818
0 0.646796 0.508870 0.008929 0.037348
0 0.915179 0.936975 0.017332 0.043884
6 0.551208 0.859477 0.021534 0.086835
0 0.490021 0.159664 0.009454 0.037348
0 0.654674 0.752568 0.014181 0.050420
3 0.570378 0.263305 0.065126 0.061625
0 0.816439 0.399160 0.014181 0.040149
3 0.602153 0.943978 0.045693 0.110177
2 0.612658 0.341270 0.023634 0.032680
3 0.205620 0.439309 0.080357 0.088702
3 0.319590 0.594304 0.066702 0.116713
3 0.398634 0.923436 0.047269 0.140056
3 0.408613 0.296452 0.034664 0.098039
2 0.702468 0.941643 0.036239 0.043884
2 0.685924 0.848273 0.031513 0.040149
2 0.304359 0.727824 0.018382 0.043884
6 0.227679 0.769841 0.036239 0.114846
3 0.346901 0.376751 0.038340 0.107376
3 0.355305 0.261905 0.033088 0.088702
3 0.648897 0.371148 0.073004 0.058824
2 0.470851 0.076097 0.009979 0.055089
3 0.386029 0.025210 0.026261 0.050420
0 0.794905 0.391690 0.012080 0.043884
2 0.159401 0.842670 0.016282 0.056956
0 0.238971 0.119981 0.009454 0.042017
2 0.482143 0.090103 0.008403 0.043884
2 0.480042 0.189542 0.012605 0.044818
2 0.546481 0.367880 0.011029 0.044818
0 0.604254 0.431373 0.009979 0.044818
0 0.559086 0.379085 0.008929 0.041083
0 0.595851 0.608777 0.011029 0.044818
2 0.476628 0.128852 0.013130 0.044818
0 0.684611 0.620915 0.011029 0.041083
2 0.496061 0.239963 0.015231 0.041083
2 0.611345 0.415500 0.021008 0.044818
2 0.467700 0.339402 0.019433 0.042017
2 0.460347 0.301587 0.017332 0.044818
2 0.583246 0.315593 0.023634 0.033613
0 0.376313 0.199813 0.008929 0.044818
0 0.748687 0.950047 0.022584 0.049486
0 0.757353 0.922502 0.010504 0.042951
0 0.736082 0.941176 0.015231 0.057890
0 0.745011 0.910831 0.009979 0.058824
2 0.859506 0.943511 0.030987 0.042017
2 0.862658 0.924837 0.032038 0.028945
2 0.878939 0.928571 0.024685 0.028945
2 0.881565 0.900560 0.039391 0.042017
0 0.881303 0.816527 0.024160 0.043884
2 0.846639 0.865079 0.016807 0.075630
0 0.789128 0.812325 0.016282 0.046685
0 0.783088 0.793651 0.015756 0.044818
2 0.893908 0.699346 0.024160 0.057890
2 0.914391 0.694678 0.023109 0.057890
2 0.935924 0.694211 0.024160 0.045752
0 0.594800 0.119048 0.012080 0.038282
0 0.603466 0.107843 0.008403 0.027077
0 0.600840 0.096172 0.006303 0.026144
0 0.605305 0.119048 0.012080 0.032680