3 0.625000 0.318861 0.059874 0.088702
3 0.683298 0.606443 0.079832 0.131653
3 0.731880 0.484594 0.065651 0.121382
3 0.715336 0.219888 0.045168 0.070028
3 0.615021 0.162465 0.044118 0.061625
3 0.657563 0.139122 0.036765 0.056022
3 0.688025 0.118114 0.037815 0.051354
3 0.745798 0.073763 0.031513 0.050420
3 0.785189 0.088235 0.032563 0.045752
3 0.834821 0.295518 0.051996 0.075630
3 0.867384 0.233894 0.041492 0.071895
3 0.881828 0.187675 0.036765 0.052288
0 0.715599 0.883754 0.033088 0.111111
9 0.840599 0.542484 0.036239 0.059757
9 0.850578 0.511204 0.032038 0.070028
3 0.306460 0.247899 0.046744 0.066293
3 0.347426 0.240430 0.046744 0.066293
3 0.424107 0.207283 0.059349 0.059757
3 0.455620 0.141457 0.043592 0.055089
3 0.786765 0.116713 0.030462 0.048553
3 0.767069 0.061158 0.024685 0.036415
3 0.779149 0.049953 0.024685 0.038282
3 0.794380 0.041083 0.021534 0.033613
3 0.802784 0.035014 0.021534 0.038282
3 0.815914 0.021942 0.024685 0.030812