4 0.384896 0.642593 0.019792 0.044444
3 0.402344 0.605556 0.016146 0.027778
3 0.451562 0.968981 0.029167 0.058333
5 0.405469 0.912963 0.031771 0.081481
3 0.437500 0.769444 0.023958 0.051852
3 0.438542 0.692130 0.017708 0.037963
3 0.360677 0.817130 0.027604 0.058333
7 0.344010 0.868519 0.024479 0.048148
1 0.349740 0.898148 0.009896 0.027778
9 0.349479 0.904630 0.019792 0.042593
1 0.379688 0.828704 0.007292 0.024074
6 0.379167 0.832870 0.015625 0.043519
1 0.397396 0.787500 0.008333 0.026852
6 0.397135 0.792130 0.016146 0.045370
3 0.610938 0.938426 0.064583 0.058333
9 0.569010 0.928241 0.009896 0.045370
0 0.551823 0.930556 0.009896 0.042593
9 0.560417 0.862037 0.011458 0.040741
6 0.243490 0.851852 0.020313 0.044444
3 0.677865 0.733333 0.034896 0.044444
6 0.650521 0.855093 0.030208 0.039815
5 0.355729 0.729167 0.029167 0.069444
3 0.397917 0.621296 0.017708 0.035185
3 0.415885 0.625000 0.020313 0.035185
3 0.459635 0.580556 0.016146 0.031481
3 0.330208 0.697222 0.036458 0.029630
5 0.351042 0.665278 0.045833 0.045370
6 0.319010 0.851389 0.031771 0.078704
0 0.545312 0.749537 0.009375 0.032407
3 0.387760 0.565278 0.011979 0.025000
4 0.619792 0.738426 0.022917 0.056481
3 0.522135 0.615741 0.015104 0.029630
3 0.342187 0.682407 0.036458 0.027778
1 0.218229 0.878241 0.013542 0.021296
1 0.182552 0.880093 0.013021 0.030556
1 0.197396 0.892593 0.010417 0.025926
1 0.183594 0.881944 0.013021 0.026852
0 0.221094 0.843056 0.011979 0.032407
1 0.223177 0.789352 0.011979 0.026852
1 0.221094 0.793056 0.008854 0.028704
3 0.478646 0.658333 0.017708 0.035185
6 0.494531 0.567130 0.009896 0.028704
6 0.486979 0.533796 0.009375 0.023148
9 0.452344 0.524537 0.006771 0.017593
3 0.489844 0.493519 0.011979 0.020370
8 0.503385 0.485185 0.011979 0.031481
9 0.503125 0.722685 0.007292 0.026852
3 0.448698 0.492130 0.016146 0.017593
3 0.446354 0.477778 0.011458 0.018519
3 0.493490 0.477778 0.010937 0.018519
3 0.491667 0.457870 0.008333 0.015741
3 0.496094 0.468056 0.009896 0.017593
3 0.503646 0.440741 0.014583 0.012963
3 0.544792 0.524537 0.013542 0.021296
3 0.266146 0.804630 0.030208 0.057407
6 0.293490 0.809259 0.013021 0.038889
3 0.684635 0.708333 0.028646 0.044444
3 0.320833 0.728704 0.040625 0.033333
1 0.502344 0.719444 0.005729 0.018519
3 0.386458 0.596759 0.017708 0.032407
3 0.529948 0.590741 0.011979 0.027778
3 0.526302 0.570833 0.011979 0.023148
3 0.671615 0.671759 0.033854 0.028704
4 0.579948 0.545833 0.028646 0.025000
3 0.401562 0.554630 0.021875 0.018519
3 0.420573 0.556019 0.014063 0.025000
3 0.416927 0.569907 0.014063 0.023148
3 0.436979 0.554167 0.014583 0.025000
3 0.443229 0.523148 0.010417 0.024074
1 0.199740 0.847685 0.011979 0.023148
0 0.225000 0.837037 0.008333 0.033333
1 0.238802 0.758796 0.009896 0.017593
9 0.315365 0.656019 0.016146 0.021296
1 0.219531 0.799074 0.013021 0.024074
9 0.337240 0.793519 0.016146 0.029630
6 0.478906 0.583333 0.008854 0.024074
0 0.223958 0.862963 0.009375 0.037037
8 0.523177 0.515741 0.014063 0.035185
9 0.603385 0.601852 0.007812 0.024074
3 0.432031 0.512500 0.011979 0.017593
3 0.669010 0.771296 0.032813 0.053704
6 0.708073 0.815278 0.040104 0.047222
6 0.713021 0.840741 0.043750 0.051852