1 0.227679 0.081232 0.014181 0.031746
9 0.192752 0.127918 0.021008 0.048553
1 0.190651 0.114379 0.015756 0.047619
1 0.186187 0.121849 0.014181 0.042017
0 0.221901 0.755836 0.023634 0.084967
0 0.256828 0.718021 0.022059 0.082166
0 0.422006 0.353875 0.015231 0.061625
0 0.414653 0.291317 0.013130 0.042951
0 0.396534 0.276844 0.017857 0.062558
1 0.642857 0.294118 0.027311 0.059757
6 0.656250 0.310458 0.088761 0.062558
3 0.838498 0.399160 0.122374 0.090570
3 0.030200 0.112512 0.060399 0.096172
3 0.034139 0.245565 0.068277 0.106443
9 0.443277 0.043417 0.021008 0.040149
1 0.444065 0.031279 0.014181 0.045752
9 0.467700 0.580766 0.044643 0.056022
1 0.467174 0.557423 0.019433 0.050420
1 0.454307 0.554622 0.014706 0.044818
5 0.878939 0.129785 0.241071 0.138189
6 0.825893 0.206349 0.060399 0.042951
1 0.819590 0.197012 0.022584 0.039216
0 0.501576 0.147059 0.009454 0.036415
0 0.493960 0.137722 0.011029 0.051354
0 0.521534 0.109244 0.012605 0.054155
0 0.515494 0.109711 0.011029 0.042017
0 0.315389 0.939776 0.018382 0.081232
4 0.620798 0.354809 0.098739 0.104575
3 0.291754 0.899160 0.171744 0.141923
9 0.384716 0.144725 0.026786 0.033613
1 0.384716 0.130719 0.016282 0.044818
0 0.556460 0.140990 0.014181 0.061625
0 0.201418 0.836134 0.019433 0.075630
0 0.219013 0.844538 0.024160 0.073763
0 0.251838 0.783380 0.026786 0.072829
0 0.220326 0.798319 0.022584 0.065359
3 0.421744 0.112045 0.074580 0.072829
3 0.187500 0.609711 0.150210 0.153128
9 0.235032 0.084500 0.019433 0.042017
1 0.231355 0.070028 0.013130 0.039216