3 0.680804 0.591270 0.023810 0.039683
4 0.699405 0.611772 0.025298 0.041005
4 0.853795 0.708995 0.021577 0.026455
4 0.837798 0.675926 0.026786 0.031746
4 0.871280 0.593254 0.019345 0.046296
3 0.889509 0.656085 0.020089 0.044974
3 0.120908 0.605820 0.030506 0.037037
3 0.196429 0.490741 0.025298 0.034392
3 0.009673 0.623016 0.019345 0.044974
3 0.853423 0.175265 0.026786 0.035714
5 0.959821 0.114418 0.031250 0.041005
4 0.713914 0.149471 0.024554 0.042328
4 0.739211 0.228836 0.030506 0.029101
3 0.294271 0.232143 0.018601 0.054233
3 0.256324 0.208995 0.017113 0.047619
3 0.249256 0.156746 0.017857 0.051587
3 0.281994 0.151455 0.017857 0.043651
3 0.327381 0.181878 0.020833 0.056878
4 0.196429 0.626323 0.032738 0.038360
3 0.264509 0.583333 0.030506 0.034392
3 0.344122 0.175265 0.012649 0.027778
8 0.743676 0.296958 0.063244 0.030423
3 0.594122 0.170635 0.026042 0.039683
9 0.339658 0.240741 0.009673 0.029101
3 0.055432 0.671296 0.026042 0.038360
4 0.168527 0.603175 0.023065 0.039683
3 0.336682 0.515873 0.030506 0.042328
3 0.852679 0.438492 0.026786 0.038360
5 0.952381 0.342593 0.032738 0.042328
9 0.123140 0.628307 0.011161 0.018519
3 0.084821 0.674603 0.026786 0.037037
3 0.540179 0.863095 0.022321 0.043651
3 0.572545 0.776455 0.023065 0.039683
3 0.611235 0.761243 0.023065 0.043651
4 0.630952 0.671958 0.023810 0.039683
4 0.654018 0.693122 0.022321 0.039683
7 0.742188 0.160053 0.014137 0.034392
3 0.034970 0.221561 0.028274 0.035714