4 0.530200 0.320728 0.075105 0.053221
3 0.396534 0.482260 0.070378 0.120448
3 0.444065 0.401494 0.046744 0.074697
3 0.523897 0.288049 0.059349 0.043884
3 0.106618 0.845938 0.213235 0.160598
3 0.340861 0.077498 0.013655 0.020542
4 0.539653 0.262838 0.053046 0.051354
3 0.557248 0.257703 0.052521 0.037348
3 0.175683 0.579365 0.153887 0.107376
3 0.215074 0.485994 0.128676 0.081232
3 0.227416 0.447712 0.117647 0.070028
3 0.261817 0.407096 0.105567 0.074697
3 0.285189 0.380019 0.085084 0.056022
3 0.310399 0.353408 0.071429 0.068161
3 0.333246 0.334734 0.065651 0.058824
3 0.351891 0.313259 0.073529 0.060691
3 0.375000 0.303922 0.045168 0.043884
3 0.412027 0.266573 0.065651 0.045752
0 0.835347 0.371148 0.012080 0.055089
0 0.797532 0.492530 0.021534 0.077498
0 0.837185 0.546685 0.024160 0.083100
0 0.779412 0.520075 0.021008 0.087768
3 0.024947 0.308590 0.049895 0.083100
3 0.053571 0.214753 0.033613 0.052288
3 0.049107 0.243697 0.058298 0.057890
3 0.055410 0.142857 0.020483 0.031746
3 0.352679 0.070495 0.015231 0.021475
9 0.339286 0.091036 0.008403 0.027077
3 0.301996 0.116246 0.017857 0.025210
3 0.023897 0.929038 0.047794 0.140056
0 0.660452 0.266573 0.013130 0.040149
0 0.740284 0.397292 0.014181 0.055089
0 0.666229 0.254435 0.008929 0.036415
0 0.670168 0.257236 0.006303 0.034547
0 0.661765 0.247432 0.007353 0.041083
0 0.700105 0.285714 0.007353 0.041083
0 0.706408 0.289449 0.011555 0.039216
0 0.642857 0.269841 0.011555 0.033613
0 0.670168 0.268908 0.009454 0.041083
0 0.490021 0.345938 0.013655 0.053221
0 0.930410 0.366480 0.015231 0.042017
0 0.956670 0.363212 0.014181 0.041083
3 0.080095 0.260504 0.051996 0.061625
0 0.996849 0.511671 0.005252 0.063492
0 0.994223 0.472456 0.010504 0.065359
3 0.906250 0.928105 0.186450 0.115780
3 0.662553 0.874416 0.205357 0.152194
9 0.249212 0.853408 0.027836 0.123249
3 0.629464 0.760971 0.199055 0.147526
3 0.987395 0.642857 0.023109 0.099907
3 0.748950 0.655462 0.148109 0.128852
3 0.548319 0.689076 0.157563 0.140056
3 0.497637 0.627918 0.150735 0.116713
3 0.486082 0.549486 0.137080 0.111111
3 0.278361 0.109711 0.019958 0.028945
0 0.765756 0.455182 0.017857 0.071895
3 0.662290 0.591036 0.137605 0.141923
3 0.952206 0.570495 0.091387 0.100840
3 0.634979 0.544351 0.123950 0.087768
3 0.913078 0.518674 0.131828 0.094304
3 0.873687 0.472456 0.102416 0.078431
3 0.845326 0.443044 0.102416 0.070028
3 0.602153 0.488796 0.110819 0.098039
3 0.558298 0.420168 0.097689 0.070962
3 0.577994 0.454248 0.095063 0.062558
3 0.548319 0.376284 0.085084 0.059757
3 0.531250 0.353408 0.078256 0.056956