3 0.769170 0.377684 0.022584 0.030812
3 0.761817 0.361811 0.018382 0.021475
3 0.789653 0.346405 0.016282 0.022409
9 0.817489 0.447246 0.012080 0.037348
3 0.704307 0.524743 0.037815 0.052288
3 0.503676 0.499066 0.037815 0.043884
0 0.459559 0.486928 0.015756 0.047619
3 0.316176 0.701681 0.103992 0.124183
8 0.251313 0.655929 0.208508 0.213819
3 0.478992 0.545752 0.049370 0.058824
3 0.663866 0.428571 0.031513 0.035481
3 0.698529 0.395892 0.023109 0.029879
3 0.700893 0.428105 0.030987 0.030812
4 0.720063 0.398226 0.023109 0.036415