3 0.343566 0.374183 0.019485 0.029412
3 0.332169 0.348366 0.018015 0.023529
0 0.920404 0.566993 0.009191 0.043791
0 0.976287 0.545425 0.012132 0.039869
0 0.982169 0.526471 0.009191 0.035948
0 0.976654 0.523856 0.009926 0.035948
0 0.895404 0.562418 0.010662 0.039869
0 0.885478 0.559150 0.009926 0.043791
0 0.952390 0.506209 0.010662 0.039869
0 0.881985 0.415686 0.008088 0.026144
0 0.819485 0.384967 0.007353 0.024837
0 0.825735 0.388235 0.007353 0.024837
3 0.001287 0.956863 0.002574 0.084967
3 0.228493 0.800654 0.065809 0.121569
3 0.263419 0.711765 0.053309 0.086275
3 0.335110 0.663072 0.038603 0.081699
3 0.256801 0.612092 0.045956 0.068627
3 0.392279 0.428431 0.018382 0.045098
3 0.266360 0.511111 0.028309 0.052288
3 0.320772 0.477451 0.023897 0.051634
3 0.340993 0.427778 0.020956 0.035948
3 0.291544 0.465359 0.028676 0.047059
3 0.359375 0.386601 0.016544 0.025490
3 0.368199 0.368954 0.014338 0.026797
3 0.376287 0.352614 0.011397 0.021569
3 0.381985 0.342157 0.009559 0.021569
3 0.383456 0.337582 0.010294 0.018954
3 0.391912 0.311765 0.013235 0.018301
3 0.357353 0.572222 0.034559 0.068627
3 0.415993 0.321569 0.015074 0.022222
3 0.432721 0.291503 0.011765 0.020915
3 0.439890 0.257516 0.007721 0.011765
3 0.106250 0.681373 0.064706 0.085621
3 0.151471 0.711438 0.060294 0.083007
3 0.199265 0.550327 0.036029 0.057516
3 0.355699 0.347386 0.013603 0.020261
3 0.367279 0.328758 0.011765 0.019608
3 0.374265 0.312745 0.012500 0.017647
3 0.369485 0.300327 0.010294 0.020261
3 0.389338 0.285948 0.009559 0.012418
3 0.396691 0.271895 0.009559 0.015686
3 0.382169 0.265686 0.009926 0.011111
3 0.421140 0.253268 0.007721 0.012418
3 0.417279 0.233333 0.008088 0.015686
3 0.427757 0.246078 0.007721 0.012418
8 0.283272 0.400654 0.047426 0.096732
8 0.312316 0.407843 0.045956 0.101961
8 0.344669 0.317320 0.029044 0.050327
3 0.431618 0.712092 0.038235 0.076471
3 0.516728 0.723856 0.041544 0.076471
3 0.468015 0.574837 0.027941 0.060784
3 0.529044 0.542157 0.027941 0.046405
3 0.482721 0.484314 0.018382 0.036601
3 0.501654 0.409150 0.014338 0.030065
3 0.453309 0.337908 0.012500 0.024837
3 0.470037 0.318954 0.010662 0.020915
3 0.486581 0.304902 0.009926 0.018954
3 0.597794 0.605229 0.031618 0.050980
3 0.580331 0.535948 0.026103 0.040523
3 0.570037 0.489542 0.022426 0.035294
3 0.536397 0.370915 0.015441 0.030719
1 0.557537 0.528431 0.004779 0.020261
2 0.557169 0.538235 0.009191 0.034641
3 0.480882 0.254575 0.011029 0.016340
0 0.056066 0.509150 0.009191 0.040523
1 0.138971 0.490850 0.007353 0.032680
1 0.161029 0.487255 0.008088 0.029412
0 0.204963 0.446732 0.004779 0.028105
0 0.221140 0.415359 0.005515 0.026797
0 0.823346 0.740850 0.010662 0.063399
0 0.834743 0.738235 0.012132 0.058170
0 0.916728 0.791503 0.015074 0.052288
0 0.937132 0.824510 0.015441 0.060784
0 0.909375 0.628105 0.009926 0.043137
0 0.946140 0.610458 0.008456 0.045752
0 0.957353 0.610784 0.008088 0.051634
0 0.891728 0.506209 0.009191 0.028105
0 0.868199 0.472549 0.006250 0.033987
0 0.916176 0.494444 0.008088 0.035948
0 0.929779 0.490523 0.005147 0.033333
0 0.967831 0.805556 0.015074 0.059477
0 0.987316 0.812092 0.013603 0.060784
0 0.898346 0.553268 0.009191 0.029412
0 0.914154 0.571895 0.004779 0.031373
0 0.925735 0.565359 0.010294 0.028758
0 0.887132 0.561111 0.004412 0.046405
0 0.793199 0.430719 0.007721 0.030065
0 0.796140 0.412745 0.009191 0.015033
0 0.817096 0.384641 0.008456 0.021569
0 0.827206 0.384641 0.006618 0.021569
0 0.887132 0.412092 0.004412 0.028105
2 0.137132 0.509804 0.010294 0.020915
2 0.160478 0.502941 0.008456 0.017647
2 0.203860 0.454248 0.009191 0.016993
2 0.222978 0.416013 0.011397 0.018954
9 0.805699 0.974510 0.019485 0.045752
1 0.866544 0.886601 0.013971 0.050327
9 0.866728 0.910784 0.042279 0.054248
0 0.973346 0.878105 0.016544 0.067320
0 0.982537 0.870915 0.011397 0.055556
0 0.894485 0.725163 0.016912 0.045098
9 0.900000 0.742810 0.033824 0.046405
0 0.878860 0.562418 0.009926 0.038562
0 0.875184 0.555229 0.009191 0.037255
0 0.891728 0.482026 0.010662 0.037255
0 0.850551 0.531046 0.012132 0.039869
1 0.795404 0.565686 0.013603 0.035948