0 0.912027 0.443044 0.017332 0.058824
1 0.828519 0.702614 0.027836 0.062558
0 0.584296 0.340803 0.011029 0.041083
9 0.304622 0.325397 0.012605 0.038282
0 0.303834 0.672269 0.019433 0.078431
0 0.430147 0.322129 0.012605 0.044818
0 0.442227 0.320728 0.012605 0.045752
1 0.454307 0.315126 0.012605 0.047619
0 0.479517 0.321195 0.012605 0.044818
0 0.452731 0.342670 0.009454 0.046685
0 0.487920 0.359477 0.010504 0.050420
0 0.464548 0.335668 0.008929 0.051354
0 0.442489 0.335668 0.015231 0.049486
0 0.448004 0.338002 0.012605 0.052288
0 0.382090 0.348273 0.015231 0.048553
0 0.432773 0.372549 0.016807 0.052288
0 0.173319 0.633053 0.017857 0.078431
0 0.088235 0.621849 0.027311 0.076564
0 0.075893 0.459851 0.019433 0.062558
0 0.048319 0.410831 0.018908 0.065359
0 0.157563 0.389356 0.018908 0.061625
0 0.177258 0.398226 0.019433 0.064426
6 0.281513 0.964052 0.099790 0.068161
1 0.256565 0.961251 0.027836 0.073763
0 0.814338 0.478992 0.014181 0.046685
2 0.583246 0.876751 0.023634 0.093371
9 0.691439 0.474790 0.022584 0.042017
9 0.824055 0.757703 0.036765 0.058824
9 0.653099 0.380486 0.026786 0.042017
2 0.681723 0.390756 0.030462 0.036415
9 0.705620 0.416900 0.016282 0.040149
1 0.779937 0.608777 0.018908 0.052288
1 0.768120 0.596172 0.023634 0.055089
1 0.754464 0.578898 0.019433 0.048553
1 0.678309 0.409430 0.018382 0.042017
0 0.650473 0.451447 0.014181 0.062558
0 0.296481 0.441176 0.017332 0.064426
0 0.279937 0.698413 0.015756 0.072829
0 0.607405 0.659197 0.019433 0.078431
0 0.596639 0.681139 0.017857 0.079365
0 0.581670 0.637722 0.019433 0.078431
0 0.552258 0.649393 0.019433 0.090570
0 0.676208 0.697012 0.020483 0.070028
0 0.530987 0.672269 0.016807 0.085901
0 0.540441 0.685341 0.018908 0.082166
0 0.303834 0.384687 0.012080 0.048553
0 0.471639 0.339869 0.011555 0.052288