0 0.918899 0.211640 0.016369 0.066138
0 0.436012 0.169312 0.016369 0.058201
0 0.376860 0.168651 0.017113 0.064815
0 0.454985 0.209656 0.009673 0.051587
0 0.159226 0.093254 0.016369 0.048942
0 0.906622 0.269841 0.026042 0.063492
1 0.547247 0.013228 0.014137 0.026455
2 0.545015 0.024471 0.027530 0.025132
1 0.590774 0.039021 0.011905 0.022487
9 0.590774 0.047619 0.020833 0.018519
0 0.620164 0.500000 0.033482 0.177249
0 0.831473 0.557540 0.048363 0.183862
0 0.639137 0.189153 0.017857 0.068783
0 0.552827 0.462963 0.043155 0.166667
0 0.325893 0.513228 0.032738 0.166667
0 0.393229 0.388889 0.031994 0.148148
0 0.341518 0.466270 0.034226 0.160053
0 0.363467 0.375000 0.036458 0.133598
0 0.466146 0.368386 0.052827 0.112434
0 0.463914 0.400794 0.039435 0.140212
0 0.478795 0.367063 0.046875 0.149471
0 0.307664 0.410053 0.027530 0.156085
0 0.134673 0.371693 0.032738 0.124339
0 0.405506 0.298280 0.017857 0.104497
0 0.536086 0.203042 0.018601 0.083333
0 0.954985 0.282407 0.034970 0.117725
0 0.416667 0.289683 0.022321 0.105820
1 0.787202 0.273810 0.020833 0.087302
0 0.809524 0.267857 0.025298 0.083333
0 0.585565 0.187169 0.016369 0.043651
0 0.967262 0.933201 0.058036 0.125661
1 0.538318 0.326720 0.026042 0.071429
0 0.518229 0.290344 0.023065 0.064815
0 0.490327 0.158069 0.016369 0.056878
0 0.097470 0.320106 0.017857 0.060847
1 0.091146 0.308201 0.033482 0.058201
2 0.426711 0.333333 0.037946 0.068783
0 0.611235 0.142196 0.015625 0.067460
1 0.212426 0.217593 0.015625 0.035714
0 0.177455 0.133598 0.014137 0.055556
0 0.775670 0.181878 0.015625 0.059524
0 0.411830 0.113757 0.015625 0.052910
0 0.389509 0.103836 0.014137 0.048942
1 0.136905 0.117725 0.014881 0.031746
0 0.827009 0.174603 0.015625 0.052910
1 0.116071 0.123016 0.014881 0.029101
1 0.253348 0.116402 0.012649 0.029101
0 0.978423 0.216931 0.022321 0.074074
0 0.684896 0.136243 0.011161 0.050265
0 0.578497 0.105820 0.011161 0.050265
0 0.984003 0.322751 0.026042 0.132275
0 0.960565 0.322751 0.041667 0.142857
0 0.919271 0.212302 0.018601 0.080688
0 0.184896 0.105159 0.009673 0.033069
0 0.590402 0.100529 0.011161 0.037037
0 0.561384 0.083333 0.008185 0.037037
0 0.742932 0.144180 0.017113 0.052910
1 0.955729 0.171958 0.020089 0.066138
1 0.905878 0.188492 0.020089 0.038360
1 0.941592 0.192460 0.020089 0.033069
1 0.925967 0.189815 0.018601 0.035714