3 0.434611 0.097572 0.045693 0.079365
3 0.677521 0.893091 0.105042 0.210084
3 0.432511 0.572829 0.132878 0.187675
6 0.859769 0.941643 0.096639 0.111111
0 0.801471 0.911765 0.042017 0.109244
0 0.816176 0.756303 0.031513 0.098973
6 0.144695 0.814192 0.161239 0.207283
5 0.907038 0.675537 0.182773 0.210084
5 0.716912 0.304388 0.169118 0.136321
6 0.079307 0.759570 0.146008 0.193277
4 0.280200 0.617647 0.136029 0.204482
0 0.304359 0.336601 0.020483 0.084967
0 0.266019 0.341737 0.023634 0.074697
0 0.327994 0.310458 0.017332 0.075630
0 0.320903 0.300654 0.024160 0.076564
3 0.234506 0.286648 0.119223 0.098973
0 0.289391 0.294585 0.025210 0.090570
0 0.327468 0.252568 0.023634 0.084967
0 0.358718 0.234360 0.021008 0.087768
5 0.692489 0.188609 0.146534 0.110177
5 0.846376 0.190009 0.125525 0.127918
0 0.931460 0.166667 0.022584 0.058824