3 0.108981 0.402428 0.083508 0.076564
3 0.891807 0.591503 0.101891 0.083100
3 0.074842 0.457049 0.100315 0.077498
3 0.597426 0.101307 0.025735 0.045752
1 0.671218 0.786181 0.024160 0.059757
0 0.054884 0.786648 0.029937 0.079365
0 0.024160 0.768441 0.024160 0.063492
9 0.266282 0.317460 0.030462 0.044818
0 0.124475 0.244631 0.012605 0.050420
0 0.340599 0.284781 0.011029 0.044818
9 0.376838 0.198413 0.020483 0.032680
2 0.035189 0.339402 0.021008 0.053221
0 0.693540 0.192344 0.015231 0.044818
0 0.701943 0.192810 0.015231 0.043884
0 0.980830 0.288049 0.015231 0.045752
0 0.379989 0.152661 0.011029 0.042017
0 0.382090 0.125584 0.006828 0.030812
1 0.517069 0.027544 0.013130 0.034547
1 0.509716 0.023810 0.011029 0.038282
3 0.191702 0.851541 0.110294 0.203548
3 0.271008 0.667134 0.101891 0.101774
3 0.503939 0.254902 0.030987 0.069094
5 0.946429 0.851074 0.105042 0.176471
3 0.850840 0.489262 0.091387 0.072829
3 0.891282 0.431839 0.088235 0.064426
3 0.951418 0.365546 0.083508 0.062558
3 0.605305 0.215219 0.030987 0.055089
3 0.508403 0.164332 0.025210 0.061625
3 0.311450 0.414099 0.087185 0.077498
3 0.443277 0.333333 0.047269 0.084034
3 0.458246 0.072829 0.022584 0.041083
3 0.052784 0.528478 0.096113 0.095238
3 0.587710 0.168067 0.038866 0.059757
3 0.668855 0.155929 0.059349 0.041083
3 0.605305 0.027077 0.045693 0.035481
3 0.468487 0.029879 0.023109 0.041083
0 0.810137 0.647993 0.018382 0.065359
6 0.675945 0.806723 0.038866 0.097106
0 0.810662 0.498133 0.024685 0.060691
1 0.607405 0.536415 0.015231 0.043884
9 0.605830 0.551354 0.025735 0.047619
0 0.814338 0.811391 0.025735 0.059757
0 0.825368 0.822596 0.025735 0.065359
0 0.806460 0.845938 0.020483 0.069094
1 0.643120 0.860411 0.019433 0.060691
9 0.642069 0.863679 0.023634 0.070962
9 0.701155 0.307656 0.012605 0.040149
9 0.738708 0.321195 0.015231 0.041083
9 0.769958 0.316060 0.014706 0.040149
9 0.806985 0.305322 0.009979 0.041083
9 0.828256 0.305322 0.012605 0.039216
9 0.883929 0.327264 0.012605 0.040149
9 0.915966 0.298319 0.014706 0.036415
2 0.931985 0.330532 0.015231 0.041083
9 0.982405 0.333333 0.022584 0.050420
1 0.461922 0.397292 0.014181 0.042017
9 0.462710 0.414566 0.019958 0.041083
1 0.538078 0.209150 0.009979 0.026144
9 0.537027 0.222689 0.009979 0.030812
9 0.767857 0.764706 0.028361 0.072829
1 0.769695 0.741363 0.020483 0.050420
0 0.319328 0.470121 0.019958 0.062558
0 0.332983 0.469655 0.017857 0.063492
1 0.504727 0.399160 0.017857 0.049486
6 0.504464 0.403361 0.026786 0.065359
1 0.416754 0.314659 0.015231 0.041083
9 0.417542 0.325864 0.023109 0.039216
1 0.286765 0.496732 0.018908 0.059757
9 0.291229 0.506536 0.027836 0.049486
0 0.311975 0.518207 0.016807 0.061625
0 0.319853 0.522409 0.017857 0.062558
9 0.355830 0.261438 0.029937 0.031746
9 0.409401 0.200280 0.025735 0.030812
9 0.405987 0.175537 0.025210 0.031746
1 0.623950 0.640056 0.019958 0.073763
9 0.621849 0.647059 0.019958 0.063492
0 0.254727 0.293651 0.015756 0.045752
0 0.285714 0.243231 0.013655 0.045752
0 0.292279 0.249300 0.014181 0.054155
1 0.460347 0.097572 0.012080 0.040149
0 0.158351 0.294118 0.015231 0.044818
1 0.587185 0.264239 0.012605 0.044818
9 0.586922 0.271242 0.017332 0.045752
1 0.228466 0.274510 0.014706 0.039216
9 0.233456 0.281513 0.025735 0.036415
0 0.764968 0.247899 0.015231 0.036415
0 0.767857 0.257236 0.015756 0.038282
0 0.196166 0.292250 0.015231 0.044818
0 0.090599 0.316060 0.015231 0.047619
0 0.345326 0.298319 0.013130 0.045752
0 0.394433 0.246965 0.012605 0.040149
0 0.394433 0.242297 0.012605 0.040149
0 0.387868 0.120915 0.009979 0.036415
0 0.387868 0.156396 0.011029 0.040149
0 0.716912 0.186275 0.010504 0.036415
0 0.820641 0.275910 0.015231 0.045752
0 0.801733 0.278711 0.015231 0.045752
9 0.272584 0.326331 0.028361 0.045752
9 0.106618 0.345938 0.019958 0.045752
6 0.680672 0.213819 0.036765 0.050420
9 0.634979 0.183473 0.022059 0.027077