5 0.693229 0.829630 0.044792 0.072222
7 0.246875 0.969444 0.030208 0.050000
7 0.260156 0.935648 0.027604 0.054630
6 0.285938 0.924074 0.031250 0.062963
7 0.247656 0.906944 0.020313 0.052778
3 0.299219 0.837963 0.027604 0.064815
3 0.309896 0.802315 0.021875 0.049074
6 0.328906 0.814352 0.018229 0.043519
3 0.497917 0.661111 0.021875 0.042593
4 0.548958 0.795833 0.025000 0.062037
4 0.540885 0.725926 0.028646 0.066667
3 0.639323 0.650463 0.022396 0.045370
3 0.497917 0.543981 0.017708 0.034259
3 0.350260 0.723148 0.028646 0.048148
5 0.363281 0.677778 0.028646 0.053704
6 0.374740 0.733796 0.018229 0.049074
4 0.384375 0.609259 0.026042 0.046296
8 0.395833 0.580093 0.025000 0.060185
4 0.465104 0.545370 0.012500 0.031481
3 0.461719 0.519444 0.014063 0.025926
3 0.471875 0.484259 0.010417 0.022222
3 0.594271 0.629167 0.019792 0.039815
3 0.573438 0.544907 0.026042 0.026852
3 0.331510 0.562037 0.033854 0.027778
6 0.016927 0.988426 0.033854 0.021296
6 0.092969 0.974537 0.053646 0.043519
6 0.267969 0.657407 0.018229 0.031481
6 0.227083 0.743981 0.020833 0.039815
3 0.433333 0.692130 0.020833 0.045370
0 0.485417 0.553704 0.007292 0.027778
0 0.625521 0.654630 0.009375 0.029630
9 0.673438 0.734722 0.023958 0.026852
8 0.505990 0.482407 0.014063 0.038889
3 0.520833 0.538889 0.014583 0.025926
3 0.523177 0.569907 0.015104 0.028704
3 0.352865 0.541204 0.020313 0.030556
3 0.582292 0.476852 0.020833 0.022222
3 0.580469 0.467130 0.020313 0.021296
3 0.375000 0.641204 0.022917 0.045370
3 0.411458 0.772222 0.026042 0.050000