4 0.853051 0.723545 0.021577 0.026455
4 0.837054 0.691799 0.023810 0.029101
4 0.872768 0.609127 0.016369 0.046296
3 0.882068 0.674603 0.012649 0.042328
3 0.125000 0.599206 0.026786 0.031746
3 0.201265 0.488095 0.026042 0.034392
3 0.011905 0.610450 0.022321 0.051587
3 0.857515 0.187831 0.027530 0.029101
5 0.963914 0.132937 0.030506 0.035714
5 0.717634 0.161376 0.020089 0.039683
4 0.741071 0.241402 0.025298 0.022487
3 0.301339 0.230159 0.017857 0.055556
3 0.260789 0.206349 0.018601 0.042328
4 0.253348 0.157407 0.017113 0.052910
4 0.285714 0.152116 0.016369 0.044974
8 0.751860 0.308201 0.064732 0.029101
4 0.598214 0.180556 0.023810 0.038360
4 0.359375 0.115079 0.017857 0.044974
4 0.380208 0.230820 0.017857 0.038360
3 0.398810 0.324074 0.017857 0.044974
3 0.420759 0.440476 0.014137 0.037037
3 0.187500 0.570106 0.025298 0.034392
3 0.464286 0.753968 0.023810 0.050265
4 0.489583 0.858466 0.019345 0.050265
7 0.434524 0.427910 0.011905 0.035714
7 0.452009 0.589286 0.012649 0.033069
7 0.524182 0.939153 0.012649 0.034392
9 0.348214 0.027778 0.010417 0.018519
9 0.328497 0.304233 0.014137 0.037037
9 0.360863 0.561508 0.013393 0.019841
9 0.615699 0.664021 0.014137 0.018519
9 0.481771 0.941138 0.009673 0.019841
0 0.263393 0.125661 0.008929 0.013228
0 0.229911 0.470238 0.010417 0.014550
4 0.860863 0.338624 0.029762 0.031746
3 0.575521 0.398810 0.024554 0.025132
3 0.207589 0.644180 0.029762 0.037037
5 0.237351 0.623677 0.028274 0.027778
5 0.269345 0.607804 0.029762 0.030423
4 0.924479 0.321429 0.031994 0.029101
4 0.604911 0.386905 0.023810 0.022487
3 0.645089 0.385582 0.028274 0.025132
3 0.647321 0.648810 0.026786 0.038360
4 0.654762 0.689815 0.026786 0.038360
3 0.680060 0.603836 0.026786 0.038360
3 0.693080 0.627646 0.026042 0.041005
3 0.408482 0.484127 0.017857 0.052910
7 0.746652 0.173280 0.014137 0.031746
3 0.042039 0.211640 0.026042 0.031746
0 0.154390 0.545635 0.011161 0.014550