0 0.855830 0.588702 0.020483 0.060691
2 0.939601 0.531746 0.016807 0.060691
1 0.941964 0.523343 0.017332 0.055089
2 0.965599 0.524276 0.029937 0.036415
4 0.294118 0.599440 0.117647 0.123249
3 0.100840 0.413165 0.107143 0.070028
0 0.416492 0.499066 0.014706 0.058824
6 0.223477 0.380019 0.033088 0.050420
9 0.346376 0.415033 0.018382 0.047619
9 0.358456 0.428571 0.018382 0.046685
9 0.374475 0.428571 0.013655 0.057890
3 0.412815 0.425770 0.046218 0.091503
3 0.484244 0.405229 0.053571 0.084034
9 0.708246 0.286648 0.014181 0.037348
1 0.708508 0.272642 0.010504 0.039216
3 0.669380 0.789916 0.146534 0.140056
4 0.787290 0.321662 0.038866 0.084967
9 0.722952 0.225957 0.020483 0.028011
3 0.826943 0.087302 0.023634 0.047619
3 0.862920 0.065359 0.017857 0.037348
3 0.876576 0.306256 0.034664 0.065359
9 0.978992 0.515873 0.012605 0.053221
0 0.883929 0.591970 0.018908 0.067227
2 0.980830 0.554155 0.033088 0.036415
1 0.991071 0.540149 0.010504 0.053221
3 0.019433 0.359944 0.038866 0.071895
3 0.106355 0.512138 0.110819 0.092437
2 0.972164 0.640523 0.024160 0.067227
1 0.973739 0.619981 0.023109 0.067227
1 0.792542 0.418301 0.012605 0.050420
3 0.805410 0.247899 0.026786 0.060691
9 0.457195 0.964052 0.049895 0.064426
1 0.452468 0.935107 0.021534 0.073763
3 0.916229 0.016340 0.019433 0.030812
3 0.824317 0.199346 0.025735 0.051354
1 0.925683 0.231092 0.013130 0.034547
9 0.922006 0.247899 0.018382 0.019608
9 0.739233 0.204949 0.018382 0.021475
3 0.900998 0.042484 0.017332 0.036415
5 0.870798 0.471989 0.059874 0.116713
9 0.790441 0.428105 0.015756 0.047619
4 0.954832 0.315593 0.038866 0.067227
3 0.821429 0.148926 0.024160 0.045752
3 0.804359 0.124183 0.027836 0.048553