3 0.319853 0.061158 0.034664 0.040149
0 0.209034 0.787582 0.025210 0.079365
0 0.220588 0.777311 0.012605 0.051354
0 0.230305 0.748366 0.020483 0.073763
0 0.486082 0.869281 0.020483 0.078431
0 0.561450 0.916433 0.022059 0.079365
0 0.521534 0.887021 0.024160 0.085901
0 0.537290 0.905229 0.018908 0.070028
0 0.550158 0.805789 0.020483 0.082166
0 0.575630 0.864146 0.017857 0.079365
0 0.049632 0.543417 0.020483 0.070962
1 0.070116 0.547152 0.025735 0.070962
0 0.481618 0.577031 0.015756 0.065359
0 0.448004 0.578898 0.015756 0.059757
9 0.164916 0.589169 0.038866 0.069094
1 0.164128 0.578898 0.028887 0.067227
3 0.684349 0.605042 0.115546 0.117647
6 0.580095 0.648926 0.055147 0.106443
6 0.533876 0.460317 0.030987 0.080299
6 0.418592 0.415500 0.064076 0.070962
6 0.583508 0.352941 0.025210 0.067227
6 0.467437 0.254435 0.030462 0.049486
4 0.480830 0.207283 0.039391 0.089636
1 0.461922 0.272642 0.011029 0.033613
3 0.056197 0.099440 0.067227 0.049486
3 0.087447 0.073296 0.067752 0.049486
3 0.221376 0.048086 0.032038 0.049486
4 0.586660 0.228291 0.030462 0.079365
6 0.387342 0.274977 0.034139 0.053221
9 0.392069 0.156863 0.015231 0.033613
1 0.391019 0.146592 0.012080 0.033613
6 0.423057 0.401027 0.060399 0.062558
1 0.411765 0.387021 0.018908 0.047619
9 0.619748 0.892624 0.039916 0.078431
0 0.599790 0.831466 0.016807 0.070028
0 0.607143 0.790850 0.018908 0.074697
1 0.630777 0.853408 0.021008 0.059757
1 0.617647 0.881419 0.018908 0.063492
0 0.428834 0.549486 0.014181 0.055089
0 0.459559 0.559757 0.014706 0.064426
0 0.443277 0.545285 0.016807 0.059757
0 0.534401 0.587302 0.022584 0.070962
0 0.605567 0.365079 0.016807 0.063492
0 0.610819 0.246499 0.012605 0.048553
0 0.569590 0.523810 0.016282 0.065359
0 0.591387 0.513072 0.015756 0.073763
0 0.579832 0.488329 0.015756 0.070962
0 0.600053 0.247899 0.011029 0.051354
0 0.694065 0.224090 0.009979 0.042951
0 0.703519 0.219421 0.009979 0.042951
0 0.693540 0.163866 0.011029 0.043884
0 0.689863 0.103641 0.011029 0.039216
0 0.560924 0.345938 0.012605 0.062558
0 0.468750 0.379552 0.014181 0.051354
0 0.481355 0.372082 0.014181 0.064426
0 0.517332 0.362745 0.012605 0.053221
0 0.532300 0.371148 0.013130 0.056956
0 0.513130 0.345938 0.012605 0.047619
0 0.474790 0.336601 0.012605 0.051354
0 0.470063 0.331466 0.011555 0.050420
0 0.501576 0.344538 0.012605 0.052288
0 0.485819 0.342670 0.012605 0.052288
0 0.486607 0.317460 0.011029 0.057890
0 0.497111 0.316993 0.012080 0.058824
0 0.834296 0.946312 0.024685 0.075630
0 0.756565 0.857610 0.021534 0.086835
0 0.789653 0.878151 0.024685 0.083100
1 0.880252 0.888422 0.022059 0.083100
1 0.862395 0.884220 0.026261 0.084034
1 0.837710 0.881419 0.023109 0.085901
1 0.834034 0.837068 0.017857 0.066293
1 0.825893 0.827731 0.017332 0.068161
0 0.719538 0.824930 0.017857 0.071895
0 0.703256 0.818394 0.012605 0.077498
0 0.732405 0.736228 0.018382 0.060691
0 0.744223 0.745565 0.014706 0.066293
0 0.753676 0.747432 0.015756 0.066293
0 0.765231 0.770775 0.014706 0.071895
0 0.777311 0.784314 0.017857 0.059757
0 0.800683 0.735294 0.018382 0.055089
0 0.785452 0.714753 0.013130 0.051354
0 0.769433 0.700747 0.011555 0.055089
0 0.748950 0.688142 0.016807 0.056022
0 0.524685 0.248833 0.009454 0.040149
0 0.535977 0.230159 0.008929 0.036415
0 0.546218 0.229225 0.009454 0.038282
0 0.540179 0.194211 0.008929 0.033613
0 0.549370 0.199346 0.009454 0.032680
0 0.556723 0.168067 0.006303 0.037348
0 0.546744 0.162932 0.011555 0.038282
0 0.560924 0.171335 0.006303 0.032680
0 0.553309 0.140056 0.008929 0.031746
0 0.566702 0.119048 0.009454 0.040149
0 0.521796 0.166200 0.008929 0.031746
0 0.511817 0.169935 0.008929 0.042951
0 0.534401 0.138655 0.008929 0.032680
0 0.521534 0.139122 0.008403 0.031746
0 0.529149 0.123716 0.011029 0.025210
0 0.570378 0.089636 0.009454 0.028011
0 0.573004 0.042017 0.008403 0.031746
1 0.690914 0.694211 0.017332 0.055089
1 0.675158 0.689542 0.017332 0.053221
1 0.596901 0.601774 0.017332 0.053221
1 0.384454 0.267974 0.019958 0.050420
0 0.533351 0.359477 0.014181 0.050420
1 0.541492 0.471989 0.018908 0.047619