0 0.564732 0.399471 0.043155 0.132275
0 0.665179 0.182540 0.017857 0.068783
0 0.598214 0.468915 0.047619 0.157407
0 0.592634 0.363757 0.045387 0.100529
0 0.376488 0.415344 0.026786 0.150794
0 0.492932 0.523148 0.037946 0.167989
0 0.375000 0.444444 0.026786 0.140212
0 0.453869 0.381614 0.026786 0.152116
0 0.644717 0.349868 0.034970 0.101852
0 0.452009 0.417328 0.030506 0.144180
0 0.349702 0.427249 0.034226 0.156085
0 0.133929 0.369709 0.038690 0.128307
0 0.221354 0.341931 0.026042 0.109788
0 0.550595 0.205026 0.020833 0.087302
0 0.946801 0.309524 0.039435 0.124339
0 0.203125 0.316138 0.025298 0.124339
1 0.790551 0.275794 0.026042 0.104497
0 0.808036 0.270503 0.023810 0.093915
0 0.616071 0.290344 0.013393 0.059524
0 0.847842 0.877646 0.060268 0.228836
1 0.538318 0.325397 0.026042 0.108466
0 0.520461 0.298942 0.026042 0.095238
0 0.502604 0.162698 0.017113 0.063492
0 0.094494 0.313492 0.017857 0.068783
1 0.095982 0.319444 0.031250 0.056878
2 0.430432 0.343254 0.040923 0.070106
0 0.647321 0.143519 0.013393 0.070106
1 0.174479 0.155423 0.017113 0.035714
0 0.200149 0.139550 0.017857 0.048942
0 0.803943 0.201720 0.017113 0.062169
0 0.449033 0.110450 0.015625 0.056878
0 0.397693 0.096561 0.012649 0.052910
1 0.140253 0.103175 0.014137 0.050265
0 0.816964 0.167989 0.014881 0.047619
1 0.118304 0.119048 0.016369 0.031746
0 0.238467 0.105820 0.014137 0.044974
0 0.707961 0.138228 0.012649 0.048942
0 0.406994 0.125661 0.014881 0.063492
0 0.611235 0.282407 0.014137 0.056878
0 0.603423 0.242063 0.020833 0.084656
0 0.957217 0.296958 0.026042 0.104497
0 0.975074 0.264550 0.026042 0.108466
0 0.182664 0.105159 0.014137 0.046296
0 0.561012 0.096561 0.011905 0.037037
0 0.530506 0.090608 0.011905 0.033069
0 0.522321 0.220238 0.017857 0.078042
0 0.736979 0.133598 0.017113 0.052910
0 0.989955 0.281085 0.018601 0.123016
1 0.955729 0.174603 0.020089 0.063492
1 0.904762 0.185185 0.020833 0.044974
1 0.940476 0.193783 0.017857 0.035714
1 0.925967 0.189815 0.018601 0.035714