9 0.485119 0.104497 0.007440 0.023810
2 0.515253 0.199735 0.006696 0.021164
3 0.526042 0.888228 0.055060 0.178571
3 0.597098 0.809524 0.061756 0.164021
3 0.493676 0.473545 0.039435 0.100529
3 0.474330 0.270503 0.031994 0.078042
3 0.343750 0.384921 0.068452 0.058201
3 0.271577 0.862434 0.061012 0.179894
8 0.680060 0.772487 0.145833 0.436508
3 0.039062 0.408069 0.078125 0.056878
8 0.765997 0.330026 0.052827 0.056878
3 0.273810 0.316138 0.066964 0.060847
0 0.173735 0.589947 0.018601 0.044974
0 0.158854 0.553571 0.020089 0.046296
3 0.462798 0.089286 0.022321 0.048942
4 0.051711 0.267196 0.042411 0.068783
0 0.078869 0.321429 0.017857 0.044974
7 0.725446 0.245370 0.053571 0.054233
2 0.184896 0.780423 0.024554 0.066138
3 0.699405 0.568122 0.087798 0.083333
3 0.865699 0.314815 0.072173 0.055556
5 0.336682 0.156746 0.031994 0.109788
3 0.342634 0.029762 0.020089 0.041005
0 0.708705 0.214286 0.012649 0.039683
6 0.512277 0.132937 0.018601 0.046296
3 0.497024 0.074735 0.023810 0.035714
0 0.532366 0.134921 0.006696 0.034392
0 0.526414 0.126984 0.006696 0.031746
1 0.184524 0.774471 0.017857 0.041005
6 0.335938 0.072751 0.011161 0.031746
1 0.513765 0.189153 0.009673 0.034392
2 0.513393 0.199074 0.013393 0.030423
1 0.483631 0.090608 0.008929 0.022487
9 0.483631 0.099868 0.010417 0.022487
6 0.840774 0.146164 0.023810 0.046296
6 0.868676 0.187831 0.037946 0.039683
0 0.154018 0.304894 0.014881 0.035714
0 0.222842 0.216270 0.011161 0.038360
5 0.546503 0.113095 0.036458 0.078042