1 0.075893 0.973856 0.023634 0.052288
0 0.877363 0.396359 0.017332 0.058824
1 0.812237 0.642857 0.027836 0.062558
0 0.574317 0.309991 0.011029 0.041083
9 0.315651 0.302988 0.012605 0.038282
0 0.317752 0.674136 0.018908 0.067227
0 0.438025 0.301587 0.012605 0.044818
0 0.448004 0.298319 0.012605 0.045752
1 0.460872 0.293651 0.012080 0.047619
0 0.482143 0.300187 0.012605 0.045752
0 0.465861 0.326797 0.009454 0.046685
0 0.499475 0.337068 0.010504 0.050420
0 0.471901 0.316993 0.009979 0.045752
0 0.422006 0.329132 0.015231 0.047619
0 0.430147 0.323996 0.014706 0.048553
0 0.399947 0.330999 0.015231 0.047619
0 0.460609 0.365079 0.016807 0.052288
0 0.189863 0.586835 0.017332 0.075630
0 0.152048 0.530812 0.022584 0.068161
0 0.090336 0.429038 0.018908 0.062558
0 0.043592 0.410831 0.018908 0.065359
0 0.138130 0.378151 0.018908 0.061625
0 0.188025 0.381419 0.018908 0.064426
6 0.302784 0.874416 0.096113 0.079365
1 0.281513 0.866480 0.028361 0.070962
0 0.846376 0.491597 0.018382 0.045752
2 0.579044 0.799253 0.023634 0.082166
9 0.687763 0.436508 0.022584 0.040149
9 0.800945 0.687675 0.032563 0.055089
9 0.650998 0.356676 0.026786 0.042951
2 0.678571 0.363679 0.030462 0.036415
9 0.704044 0.388422 0.016282 0.039216
1 0.770221 0.560224 0.018382 0.048553
1 0.759979 0.550420 0.023109 0.051354
1 0.746586 0.534080 0.019433 0.044818
1 0.676208 0.380486 0.018382 0.042017
0 0.615021 0.433240 0.016807 0.059757
0 0.313288 0.406629 0.017332 0.056956
0 0.301471 0.640056 0.014706 0.068161
0 0.633666 0.598039 0.019433 0.079365
0 0.603204 0.631186 0.015231 0.063492
0 0.581670 0.586368 0.015231 0.070962
0 0.556460 0.577965 0.019433 0.078431
0 0.596113 0.718954 0.027311 0.082166
0 0.529412 0.623716 0.016807 0.082166
0 0.558824 0.605042 0.018908 0.078431
0 0.309611 0.350607 0.012080 0.047619
0 0.477941 0.321662 0.010504 0.047619