2 0.318638 0.359458 0.009301 0.031085
1 0.499442 0.249008 0.013765 0.028439
3 0.133371 0.291336 0.030134 0.032407
1 0.298921 0.371362 0.009301 0.021825
2 0.299851 0.379299 0.010417 0.027116
2 0.312500 0.375000 0.009673 0.027778
1 0.314546 0.371362 0.010045 0.033730
3 0.448103 0.924272 0.065848 0.150132
4 0.456659 0.715608 0.050223 0.119048
4 0.569382 0.770833 0.057664 0.127646
3 0.510789 0.531085 0.034970 0.068783
1 0.687128 0.712963 0.014881 0.031746
1 0.685082 0.699074 0.020461 0.047619
2 0.683222 0.714286 0.020461 0.056878
8 0.534226 0.408069 0.048363 0.130952
5 0.351562 0.449074 0.046131 0.079365
4 0.407180 0.419643 0.030134 0.062831
3 0.372954 0.346892 0.021949 0.049603
3 0.421689 0.304233 0.018229 0.039683
8 0.374070 0.273148 0.027902 0.079365
3 0.406250 0.280423 0.019345 0.033069
3 0.654762 0.471892 0.069940 0.053571
4 0.822731 0.561508 0.077753 0.076720
3 0.949405 0.628968 0.096726 0.079365
4 0.908482 0.563161 0.081845 0.073413
6 0.543155 0.328373 0.016369 0.037698
1 0.545387 0.328042 0.008929 0.026455
2 0.499628 0.254960 0.013393 0.021825
4 0.884859 0.217593 0.018229 0.037037
4 0.949591 0.317130 0.027158 0.039021
3 0.934524 0.295304 0.023810 0.031085
3 0.926711 0.285714 0.020833 0.034392
3 0.406808 0.250000 0.018229 0.033069
3 0.400112 0.232804 0.017485 0.026455
3 0.394531 0.217262 0.014509 0.025794
4 0.390067 0.204696 0.013021 0.021825
3 0.364397 0.195106 0.015253 0.025132
4 0.362165 0.184193 0.011533 0.023148
3 0.358445 0.175926 0.013021 0.021164
4 0.354725 0.164352 0.012277 0.019180
3 0.396763 0.198082 0.014509 0.020503
5 0.386719 0.184524 0.018229 0.030423
3 0.373884 0.177579 0.013393 0.019180
4 0.378162 0.163029 0.010045 0.020503
5 0.258185 0.180225 0.026786 0.042989