2 0.747111 0.442110 0.029937 0.034547
1 0.749737 0.437442 0.015231 0.049486
0 0.606092 0.202614 0.009454 0.029879
0 0.585084 0.080299 0.008403 0.029879
3 0.565651 0.429505 0.036765 0.074697
0 0.701155 0.223156 0.011555 0.041083
3 0.966649 0.455649 0.065651 0.067227
3 0.669380 0.293184 0.036239 0.056022
1 0.521796 0.048086 0.007878 0.025210
3 0.655200 0.258637 0.029937 0.044818
0 0.826943 0.488796 0.015231 0.051354
0 0.799107 0.489262 0.011029 0.048553
4 0.471639 0.617180 0.070378 0.154995
3 0.534664 0.269374 0.031513 0.064426
3 0.505777 0.231559 0.029412 0.052288
3 0.631303 0.191410 0.027311 0.039216
3 0.597689 0.123249 0.019958 0.033613
3 0.288340 0.247432 0.036765 0.048553
3 0.333246 0.147993 0.024685 0.040149
3 0.360294 0.086835 0.018908 0.033613
3 0.368435 0.077965 0.013130 0.028945
3 0.375263 0.066760 0.015231 0.027077
3 0.386555 0.078431 0.012605 0.016807
3 0.384191 0.846405 0.086660 0.241830
3 0.348739 0.571895 0.054622 0.122316
3 0.353204 0.373016 0.049895 0.070028
3 0.579044 0.572362 0.050945 0.098973
3 0.445641 0.266106 0.025735 0.050420
3 0.454307 0.206816 0.023109 0.049486
3 0.432773 0.135387 0.023109 0.039216
3 0.408351 0.151727 0.021534 0.036415
3 0.495798 0.042017 0.012605 0.026144
3 0.503151 0.081699 0.016807 0.032680
0 0.871849 0.509337 0.013655 0.058824
3 0.641282 0.221289 0.027311 0.037348
3 0.397847 0.027544 0.013130 0.023343
3 0.463498 0.384220 0.048845 0.088702
3 0.395483 0.300654 0.028361 0.059757
3 0.415179 0.233427 0.023634 0.048553
3 0.490284 0.023343 0.015231 0.026144
3 0.455620 0.166667 0.019433 0.034547
3 0.425158 0.188142 0.021534 0.040149
3 0.465599 0.077965 0.016282 0.027077
4 0.439338 0.065359 0.013130 0.037348
0 0.034926 0.397759 0.015231 0.056022
9 0.522847 0.172736 0.013130 0.037348
9 0.533876 0.161531 0.011029 0.041083
1 0.524422 0.169001 0.013130 0.044818
3 0.471113 0.031746 0.014706 0.026144
1 0.535977 0.166200 0.013130 0.037348