9 0.886292 0.452381 0.032038 0.040149
1 0.881828 0.438842 0.014706 0.039216
9 0.843487 0.424837 0.027311 0.033613
1 0.850053 0.409430 0.009979 0.038282
0 0.833246 0.291783 0.015231 0.043884
3 0.724002 0.298319 0.037290 0.055089
3 0.715074 0.259104 0.028887 0.043884
0 0.815389 0.389356 0.011029 0.048553
0 0.799632 0.387488 0.011029 0.052288
3 0.596376 0.936975 0.073004 0.124183
3 0.684874 0.197479 0.024160 0.038282
3 0.652574 0.122782 0.015231 0.027077
3 0.362395 0.236695 0.034664 0.047619
3 0.388655 0.146125 0.022059 0.032680
3 0.420693 0.085434 0.018908 0.034547
3 0.429359 0.072829 0.014181 0.022409
3 0.436450 0.067227 0.012605 0.020542
3 0.485557 0.035014 0.016282 0.028945
3 0.506040 0.256303 0.032038 0.068161
3 0.461397 0.257703 0.027836 0.050420
3 0.458771 0.214753 0.026786 0.042951
3 0.501838 0.321662 0.030987 0.060691
3 0.511555 0.183473 0.018908 0.028945
3 0.513130 0.162932 0.018908 0.028945
3 0.453782 0.304388 0.034664 0.076564
3 0.462447 0.146125 0.018382 0.032680
3 0.597952 0.212418 0.025735 0.047619
3 0.696954 0.427638 0.092437 0.080299
0 0.860557 0.394491 0.015231 0.051354
3 0.702468 0.226891 0.026786 0.039216
1 0.839023 0.410364 0.011029 0.032680
3 0.459296 0.019141 0.012080 0.021475
3 0.508141 0.210551 0.021534 0.034547
3 0.467700 0.191410 0.025735 0.044818
3 0.481355 0.169468 0.021534 0.032680
3 0.554097 0.203081 0.026261 0.047619
3 0.513393 0.136788 0.016282 0.028945
3 0.493697 0.133520 0.018908 0.033613
3 0.569590 0.058357 0.018382 0.038282
3 0.572742 0.099440 0.017332 0.028945
3 0.563813 0.011671 0.013130 0.023343
2 0.602153 0.152194 0.018382 0.037348
1 0.603992 0.151261 0.014706 0.033613
3 0.117910 0.436508 0.078256 0.071895
3 0.552521 0.118581 0.021008 0.037348
3 0.293592 0.447246 0.092437 0.080299
9 0.857405 0.464986 0.030987 0.035481
1 0.856880 0.448179 0.009979 0.041083
0 0.188288 0.318394 0.011029 0.052288
1 0.195641 0.319328 0.011029 0.048553
3 0.628414 0.058357 0.012080 0.021475
2 0.593487 0.437908 0.037815 0.041083
1 0.594275 0.422035 0.013130 0.059757
0 0.251838 0.372082 0.014181 0.049486
9 0.718750 0.902894 0.037290 0.100840
9 0.531513 0.486461 0.033613 0.041083
1 0.722164 0.894958 0.015756 0.086835
1 0.528887 0.472456 0.014706 0.056022