0 0.968750 0.228175 0.020833 0.078042
0 0.878348 0.222884 0.018601 0.070106
0 0.948661 0.311508 0.029762 0.101852
0 0.370908 0.148810 0.014137 0.062169
0 0.332589 0.154101 0.014881 0.067460
0 0.400298 0.168651 0.016369 0.051587
0 0.185268 0.106481 0.016369 0.048942
0 0.912202 0.265212 0.023810 0.064815
1 0.566592 0.022487 0.014137 0.026455
2 0.569568 0.035053 0.027530 0.025132
1 0.600818 0.036376 0.011161 0.025132
9 0.602307 0.052910 0.024554 0.021164
0 0.567708 0.503307 0.037202 0.146825
0 0.818824 0.290344 0.023065 0.107143
0 0.675967 0.190476 0.017113 0.068783
0 0.712798 0.636905 0.052083 0.210317
0 0.359375 0.530423 0.037202 0.164021
0 0.593378 0.412698 0.031994 0.145503
0 0.177827 0.444444 0.025298 0.153439
0 0.332589 0.466270 0.032738 0.138889
0 0.476562 0.503968 0.033482 0.156085
0 0.340402 0.595899 0.034970 0.178571
0 0.543527 0.679233 0.058780 0.212963
0 0.485491 0.412698 0.031994 0.142857
0 0.219866 0.355820 0.024554 0.126984
0 0.285342 0.328042 0.031994 0.111111
0 0.411458 0.309524 0.017857 0.100529
0 0.559152 0.214286 0.018601 0.084656
0 0.904018 0.309524 0.032738 0.113757
0 0.418899 0.294974 0.022321 0.108466
1 0.796131 0.282407 0.020833 0.085979
0 0.815476 0.278439 0.023810 0.083333
0 0.491071 0.193122 0.016369 0.039683
1 0.974330 0.943783 0.048363 0.107143
1 0.545015 0.334656 0.023065 0.063492
0 0.528274 0.302249 0.020833 0.083333
0 0.587054 0.177249 0.017857 0.058201
1 0.127232 0.343254 0.022321 0.041005
1 0.097098 0.324735 0.031994 0.056878
2 0.435268 0.355159 0.037202 0.072751
1 0.144345 0.154762 0.010417 0.029101
0 0.191220 0.138228 0.016369 0.046296
0 0.788318 0.187831 0.018601 0.052910
0 0.465402 0.114418 0.014137 0.051587
0 0.399926 0.095238 0.011161 0.044974
1 0.140253 0.115079 0.015625 0.029101
1 0.117932 0.123016 0.015625 0.029101
0 0.270461 0.125661 0.011161 0.037037
0 0.822917 0.225529 0.019345 0.083333
0 0.970982 0.232804 0.023810 0.066138
0 0.602307 0.105159 0.011161 0.041005
0 0.598586 0.085317 0.011161 0.033069
1 0.907366 0.191138 0.020089 0.038360
1 0.950521 0.199074 0.020089 0.033069
1 0.937128 0.197090 0.018601 0.034392