9 0.728609 0.729497 0.034598 0.044974
9 0.787016 0.591601 0.022693 0.073413
6 0.559152 0.324405 0.012649 0.029762
6 0.611979 0.391204 0.025298 0.041667
6 0.671875 0.305225 0.026786 0.044312
9 0.748698 0.240410 0.011533 0.029762
0 0.526042 0.318452 0.007440 0.029762
9 0.069382 0.658730 0.034598 0.034392
3 0.068080 0.639881 0.031250 0.036376
3 0.068080 0.625000 0.036458 0.034392
9 0.770275 0.208003 0.012277 0.027116
6 0.796131 0.195767 0.018601 0.029101
3 0.322173 0.776455 0.084077 0.085979
3 0.531994 0.680556 0.075893 0.080688
3 0.458519 0.789352 0.096354 0.086640
3 0.741629 0.443452 0.039807 0.053571
6 0.473772 0.696759 0.040551 0.053571
9 0.859189 0.350198 0.014509 0.037698
2 0.833519 0.307540 0.019717 0.038360
9 0.329427 0.431548 0.016741 0.032407
9 0.250558 0.404762 0.021205 0.033069
9 0.207031 0.379630 0.020461 0.029101
9 0.516555 0.526455 0.025670 0.038360
9 0.795201 0.860450 0.028646 0.055556
0 0.925967 0.461971 0.012649 0.045635
9 0.807664 0.452381 0.012649 0.043651
9 0.495164 0.688492 0.030506 0.041005
9 0.137091 0.347553 0.020461 0.027116
9 0.469680 0.485450 0.024182 0.043651
2 0.275856 0.690146 0.027158 0.048280
9 0.446429 0.711640 0.025298 0.038360
6 0.329799 0.625331 0.062872 0.069444
9 0.586496 0.772156 0.040551 0.048280
9 0.637463 0.783730 0.033854 0.038360
9 0.792039 0.459325 0.012649 0.041667
9 0.391183 0.421627 0.027158 0.031085
9 0.501116 0.515542 0.013393 0.048280
2 0.446243 0.955357 0.026414 0.061508
9 0.724330 0.256614 0.011905 0.034392
0 0.590216 0.954365 0.015253 0.055556
1 0.330915 0.430886 0.008557 0.046958
1 0.535342 0.535053 0.011905 0.048942
1 0.208705 0.372354 0.014137 0.044974
1 0.498884 0.501984 0.016369 0.044974
1 0.476749 0.330026 0.032366 0.039683
0 0.537946 0.348545 0.006696 0.027778
9 0.541295 0.364087 0.013393 0.037698
0 0.611049 0.271825 0.007068 0.034392
9 0.578869 0.403108 0.014881 0.042989
9 0.444382 0.698743 0.012277 0.040344
9 0.093192 0.323743 0.018973 0.029762
9 0.118304 0.342923 0.021577 0.028439
6 0.155692 0.349537 0.022693 0.025794
0 0.151600 0.502976 0.011533 0.040344
9 0.203311 0.635913 0.026414 0.036376
9 0.230469 0.637235 0.016741 0.046958
4 0.397321 0.591601 0.066220 0.090608
3 0.326823 0.555886 0.056920 0.073413
3 0.212984 0.443783 0.056176 0.054233
3 0.144345 0.406746 0.051339 0.055556
3 0.240141 0.490741 0.056176 0.076720
3 0.171503 0.741071 0.043155 0.085317
0 0.128720 0.756614 0.015625 0.050265
0 0.833519 0.660714 0.012277 0.038360
0 0.819382 0.666667 0.014509 0.044974
0 0.861421 0.710317 0.015253 0.050265
0 0.851562 0.703042 0.019345 0.054233
0 0.265067 0.913360 0.017485 0.055556
0 0.272507 0.915344 0.016741 0.055556
0 0.373140 0.553571 0.012649 0.039683
0 0.361421 0.547950 0.009301 0.041667
5 0.645461 0.388558 0.048363 0.083995
3 0.678385 0.360780 0.032366 0.053571
3 0.705543 0.324405 0.035342 0.050926
3 0.735305 0.290013 0.031622 0.045635
3 0.759859 0.268519 0.035342 0.043651
3 0.785342 0.233796 0.031250 0.037698
3 0.806734 0.211310 0.029390 0.042989
3 0.824591 0.183532 0.029390 0.041667
5 0.874628 0.119378 0.032738 0.056217
3 0.893415 0.140212 0.023438 0.039683
3 0.908482 0.112434 0.020089 0.031746
3 0.597656 0.322421 0.039062 0.048280
3 0.116443 0.306878 0.046131 0.043651
7 0.210193 0.353175 0.033482 0.043651
7 0.302083 0.383267 0.036458 0.052249
6 0.277902 0.548942 0.028274 0.055556
0 0.327939 0.698743 0.015253 0.048280
9 0.499256 0.509590 0.015625 0.040344
9 0.494420 0.504299 0.019345 0.045635
9 0.530878 0.545635 0.018601 0.044974
7 0.555432 0.437169 0.031250 0.067460
7 0.568824 0.443122 0.021577 0.050265
2 0.685640 0.427249 0.016369 0.027778
9 0.495908 0.975529 0.034226 0.046296
9 0.553013 0.916005 0.023438 0.059524
0 0.480283 0.411706 0.006696 0.035053
9 0.859933 0.196098 0.007812 0.028439
6 0.029576 0.751653 0.059152 0.089286
0 0.406250 0.394841 0.010417 0.039683
9 0.255766 0.692791 0.034598 0.052249
9 0.240885 0.362103 0.015253 0.033730