3 0.490809 0.196545 0.083508 0.075630
9 0.249212 0.450047 0.034139 0.097106
0 0.012342 0.437442 0.014181 0.062558
0 0.285452 0.497199 0.016282 0.073763
0 0.026523 0.421569 0.011029 0.043884
9 0.224527 0.330999 0.027836 0.023343
0 0.228204 0.316060 0.014181 0.047619
0 0.133141 0.347806 0.012080 0.045752
9 0.138393 0.318861 0.011029 0.040149
1 0.210872 0.310458 0.008929 0.036415
0 0.322742 0.455182 0.012080 0.045752
4 0.492910 0.562558 0.094013 0.183940
3 0.568540 0.680205 0.109769 0.210084
0 0.199842 0.367414 0.015231 0.049486
2 0.229517 0.337068 0.035714 0.074697
9 0.309086 0.348273 0.024685 0.069094
0 0.450105 0.450514 0.019958 0.068161
9 0.359506 0.391690 0.034139 0.066293
0 0.213498 0.429505 0.016282 0.072829
0 0.191702 0.437442 0.014706 0.068161
3 0.639968 0.129318 0.062500 0.077498
0 0.293330 0.470121 0.016282 0.071895
0 0.195116 0.411298 0.015231 0.070028
3 0.675683 0.080766 0.047794 0.064426
0 0.216649 0.402894 0.015231 0.066293
3 0.691964 0.380486 0.077206 0.131653
0 0.061712 0.448646 0.022584 0.077498
3 0.601628 0.381886 0.080357 0.119514
3 0.667279 0.261905 0.061450 0.088702
3 0.750788 0.278711 0.056197 0.086835
3 0.356880 0.495331 0.097164 0.159664
0 0.480567 0.279178 0.023109 0.074697
9 0.148372 0.327264 0.016282 0.051354
9 0.449055 0.464052 0.030462 0.048553
3 0.469275 0.358077 0.086660 0.111111
9 0.377889 0.347806 0.046744 0.055089
3 0.722952 0.165733 0.064601 0.109244
9 0.358193 0.298319 0.034664 0.060691
9 0.465336 0.260971 0.038866 0.055089
3 0.599002 0.190943 0.060399 0.077498
3 0.769695 0.096639 0.044643 0.068161
3 0.795431 0.056489 0.041492 0.053221
2 0.197216 0.520075 0.037290 0.069094