3 0.794905 0.376284 0.023634 0.031746
3 0.759191 0.468254 0.030987 0.042017
5 0.840861 0.387488 0.036765 0.061625
3 0.787553 0.429038 0.024685 0.034547
3 0.799107 0.412232 0.023634 0.032680
4 0.817752 0.389356 0.015756 0.037348
3 0.822479 0.377684 0.019958 0.027077
3 0.837710 0.365079 0.015756 0.026144
5 0.785189 0.476190 0.042017 0.070962
3 0.603204 0.647059 0.062500 0.072829
3 0.095851 0.906162 0.153887 0.165266
6 0.719275 0.424370 0.012080 0.023343
3 0.741859 0.432306 0.028887 0.033613
4 0.616597 0.534547 0.043067 0.064426
3 0.062237 0.813725 0.124475 0.142857
3 0.552258 0.492530 0.042542 0.045752
3 0.636029 0.452848 0.032563 0.039216
3 0.694590 0.421569 0.027836 0.032680
4 0.697216 0.396359 0.023634 0.038282
3 0.730830 0.399627 0.023634 0.031746
3 0.755777 0.384220 0.022059 0.027077
3 0.772059 0.352474 0.017857 0.025210
0 0.227679 0.592904 0.018382 0.061625