3 0.748162 0.910831 0.079307 0.088702
3 0.596639 0.615780 0.017857 0.027077
3 0.518120 0.962185 0.068803 0.073763
5 0.157563 0.757703 0.142857 0.219421
5 0.290966 0.645658 0.050420 0.071895
3 0.815389 0.720822 0.043592 0.042951
3 0.625525 0.660131 0.029412 0.042951
5 0.892857 0.662932 0.113445 0.087768
3 0.398372 0.715686 0.024685 0.047619
3 0.404674 0.699813 0.027836 0.043884
5 0.334821 0.655929 0.054097 0.120448
5 0.374737 0.612045 0.043592 0.070028
3 0.474002 0.714753 0.024685 0.049486
5 0.412027 0.637255 0.021534 0.049486
3 0.470063 0.693744 0.022059 0.042951
3 0.872111 0.892624 0.091912 0.082166
3 0.716649 0.701681 0.043592 0.055089
3 0.764443 0.734827 0.049895 0.056022
3 0.630252 0.635387 0.025210 0.030812