3 0.763393 0.508870 0.032038 0.052288
3 0.753414 0.480392 0.026786 0.038282
0 0.831670 0.529412 0.006828 0.033613
0 0.806460 0.534080 0.008929 0.029879
3 0.445903 0.456583 0.029412 0.042951
3 0.480305 0.395892 0.021534 0.033613
3 0.503939 0.351541 0.016282 0.028945
3 0.510242 0.343604 0.014181 0.024276
3 0.517332 0.337535 0.012605 0.023343
3 0.134716 0.506069 0.050945 0.048553
3 0.575368 0.468721 0.026786 0.052288
3 0.543067 0.458917 0.019958 0.042017
3 0.559349 0.399160 0.015756 0.028945
3 0.572742 0.514939 0.026786 0.051354
3 0.775998 0.660131 0.063550 0.056022
3 0.581145 0.420168 0.016282 0.028011
3 0.752363 0.767974 0.055147 0.098039
3 0.584034 0.402894 0.015756 0.028945
3 0.533876 0.500467 0.025735 0.059757
3 0.542017 0.395892 0.018908 0.033613
0 0.831145 0.535481 0.006828 0.028945
0 0.495273 0.546218 0.008403 0.041083
0 0.492910 0.553688 0.008929 0.041083
3 0.742122 0.455649 0.024160 0.033613
1 0.488445 0.556022 0.011555 0.043884
2 0.486082 0.568161 0.021534 0.025210
9 0.630252 0.575163 0.023109 0.033613
1 0.627889 0.567227 0.011029 0.038282
0 0.925420 0.549020 0.007353 0.041083
0 0.812763 0.499533 0.011029 0.044818
0 0.931460 0.547152 0.008929 0.029879
3 0.534139 0.301587 0.013655 0.024276
3 0.577468 0.443978 0.020483 0.038282
3 0.572216 0.358077 0.016282 0.025210
3 0.586134 0.381419 0.014706 0.023343
3 0.505515 0.505135 0.025735 0.046685
3 0.831145 0.611111 0.077206 0.066293
2 0.555147 0.742297 0.030462 0.041083
1 0.552521 0.731559 0.016807 0.053221
2 0.405725 0.594304 0.025735 0.028945
1 0.405987 0.584500 0.011555 0.052288
0 0.302258 0.544351 0.008929 0.041083
0 0.315389 0.542484 0.008929 0.039216
0 0.823267 0.508870 0.008929 0.037348
0 0.495536 0.553688 0.008929 0.041083
0 0.623687 0.508870 0.008929 0.037348