3 0.153646 0.933862 0.073661 0.129630
3 0.246280 0.907407 0.073661 0.129630
3 0.315662 0.863426 0.074777 0.114418
3 0.385231 0.838294 0.072545 0.109127
3 0.429129 0.774471 0.071801 0.099206
5 0.487351 0.963624 0.109375 0.070106
4 0.529762 0.914683 0.098958 0.137566
3 0.319568 0.602844 0.033482 0.061508
3 0.760417 0.536706 0.069940 0.052249
3 0.671503 0.542989 0.078869 0.059524
3 0.199963 0.406085 0.046503 0.033069
4 0.744978 0.473545 0.070312 0.059524
3 0.504464 0.489749 0.061012 0.045635
3 0.564174 0.469577 0.058408 0.044974
3 0.030506 0.467593 0.049851 0.043651
3 0.142299 0.462963 0.062128 0.038360
3 0.358445 0.492725 0.056176 0.043651
3 0.217262 0.421296 0.046131 0.038360
3 0.397693 0.471561 0.057292 0.042328
3 0.209263 0.493056 0.064360 0.042989
3 0.216704 0.473876 0.059896 0.039021
3 0.083147 0.452712 0.059896 0.040344
3 0.280134 0.426257 0.049107 0.040344
3 0.084263 0.510913 0.076265 0.046958
3 0.071801 0.484458 0.061012 0.040344
3 0.151786 0.385582 0.024554 0.034392
8 0.223214 0.428902 0.129464 0.076058
3 0.494234 0.425595 0.056920 0.037698
3 0.580543 0.420304 0.050223 0.035053
8 0.516555 0.435185 0.126860 0.091270
3 0.353609 0.443122 0.047991 0.038360
3 0.388951 0.425265 0.046503 0.038360
3 0.646949 0.420304 0.054315 0.040344
3 0.719308 0.410053 0.059152 0.039683
3 0.695126 0.440146 0.059896 0.039021
3 0.792783 0.392196 0.052083 0.034392
3 0.801153 0.413690 0.053199 0.035053
3 0.846540 0.389550 0.045015 0.038360
0 0.076637 0.691138 0.019345 0.060847
0 0.037202 0.712302 0.019345 0.054233
2 0.267671 0.660053 0.028646 0.030423
1 0.266555 0.643849 0.015253 0.050926
2 0.194382 0.553571 0.026414 0.027778
1 0.191406 0.537368 0.015253 0.032407
2 0.133743 0.540013 0.025670 0.029762
1 0.130580 0.531415 0.012649 0.037698
0 0.163876 0.580026 0.014509 0.039683
2 0.669085 0.707011 0.023438 0.054233
1 0.671317 0.694114 0.014509 0.057540
9 0.738467 0.831019 0.030506 0.058862
0 0.790365 0.782077 0.017485 0.077381
0 0.816964 0.823743 0.020833 0.070767
0 0.784970 0.891534 0.021577 0.070106
0 0.847284 0.784061 0.015997 0.072090
0 0.861421 0.776124 0.019717 0.078704
6 0.815104 0.922619 0.049107 0.054233
2 0.859189 0.948413 0.029390 0.066138
2 0.631882 0.783730 0.026414 0.054233
1 0.634301 0.769511 0.018601 0.064153
0 0.810268 0.620370 0.014881 0.056878
0 0.798363 0.617063 0.011905 0.056878
0 0.885231 0.786045 0.019717 0.068122
0 0.797433 0.696759 0.014509 0.061508
0 0.804501 0.694775 0.014509 0.064153
0 0.770275 0.565146 0.016741 0.049603
0 0.871838 0.660384 0.015997 0.068122
2 0.608817 0.909061 0.044271 0.053571
2 0.763207 0.875000 0.032366 0.059524
2 0.782366 0.889881 0.032738 0.052249