0 0.516406 0.505093 0.006771 0.021296
3 0.488542 0.590278 0.017708 0.036111
3 0.487500 0.425463 0.011458 0.025000
4 0.213802 0.967130 0.055729 0.062037
8 0.254167 0.886111 0.067708 0.153704
4 0.619792 0.957870 0.064583 0.058333
3 0.592708 0.859722 0.066667 0.069444
3 0.584896 0.817130 0.057292 0.052778
3 0.598437 0.791667 0.059375 0.050000
3 0.615625 0.731481 0.038542 0.048148
3 0.144010 0.806481 0.060937 0.048148
3 0.420833 0.668519 0.022917 0.050000
3 0.445573 0.531944 0.014063 0.030556
0 0.556510 0.876852 0.009896 0.040741
9 0.292187 0.971296 0.016667 0.046296
0 0.702865 0.977778 0.015104 0.044444
2 0.688021 0.826852 0.015625 0.029630
0 0.456510 0.526852 0.006771 0.022222
0 0.461198 0.523611 0.006771 0.021296
3 0.525260 0.667130 0.020313 0.045370
8 0.504948 0.488889 0.018229 0.040741
3 0.317969 0.738426 0.030729 0.058333
3 0.337240 0.674537 0.030729 0.060185
3 0.363542 0.635648 0.025000 0.050926
3 0.375781 0.604630 0.029687 0.033333
3 0.378906 0.578241 0.027604 0.036111
3 0.391406 0.559259 0.019271 0.031481
3 0.403385 0.526852 0.016146 0.029630
3 0.420052 0.530556 0.011979 0.027778
9 0.364844 0.700000 0.017188 0.035185
3 0.395313 0.618056 0.023958 0.037963
3 0.516406 0.703704 0.023438 0.046296
3 0.522656 0.592593 0.018229 0.042593
3 0.523177 0.825463 0.027604 0.063889
0 0.475000 0.581019 0.008333 0.030556
3 0.588281 0.614815 0.032813 0.033333
3 0.595052 0.591667 0.021354 0.042593
3 0.209375 0.730093 0.042708 0.054630
3 0.229427 0.738889 0.035937 0.057407
4 0.269271 0.731944 0.040625 0.073148
3 0.608333 0.549074 0.034375 0.029630
3 0.411979 0.481481 0.014583 0.025926
3 0.603646 0.527778 0.028125 0.027778
6 0.256510 0.536574 0.026562 0.032407
3 0.543490 0.516667 0.029687 0.025926
4 0.536198 0.503704 0.028646 0.025926
5 0.594010 0.477315 0.016146 0.036111
0 0.507031 0.553704 0.007812 0.022222