3 0.889509 0.745040 0.104167 0.078704
3 0.807850 0.631614 0.074777 0.056878
3 0.790923 0.579696 0.065476 0.045635
3 0.766741 0.545635 0.066964 0.043651
3 0.753720 0.524471 0.063244 0.046296
3 0.739211 0.494709 0.049107 0.039683
3 0.729911 0.389550 0.026786 0.027778
3 0.713728 0.375000 0.024182 0.023810
4 0.420573 0.364418 0.019717 0.035714
3 0.300409 0.360119 0.024182 0.029762
5 0.336496 0.347222 0.029390 0.064815
9 0.754650 0.926918 0.042039 0.050926
1 0.753906 0.909061 0.017485 0.064153
0 0.814732 0.817460 0.018601 0.070106
0 0.760789 0.666997 0.017857 0.056217
0 0.807478 0.672288 0.010789 0.050926
0 0.858445 0.679233 0.009301 0.058201
0 0.864397 0.693122 0.013021 0.050265
0 0.844866 0.708003 0.012649 0.042989
3 0.525112 0.346230 0.013765 0.021825
3 0.522321 0.841270 0.048363 0.117725
3 0.426339 0.743386 0.037946 0.089947
3 0.443824 0.629299 0.034226 0.061508
3 0.543899 0.580688 0.027530 0.048942
3 0.502046 0.545635 0.026414 0.044974
3 0.459449 0.545635 0.027530 0.048942
3 0.518415 0.450397 0.021205 0.034392
3 0.477493 0.410384 0.021205 0.036376
3 0.490141 0.478505 0.023438 0.041667
3 0.489769 0.331349 0.017485 0.029101
3 0.479911 0.362434 0.018601 0.034392
3 0.524554 0.394841 0.016369 0.029101
3 0.505208 0.383929 0.018601 0.029762
3 0.491071 0.306878 0.015625 0.027778
3 0.508371 0.349537 0.016741 0.025794
3 0.544271 0.492394 0.027530 0.045635
3 0.635417 0.923611 0.074405 0.122354
3 0.863839 0.913029 0.075149 0.099868
3 0.719494 0.829034 0.065476 0.102513
3 0.549479 0.396825 0.018601 0.027778
3 0.616071 0.602844 0.034226 0.054894
3 0.576079 0.472884 0.026414 0.038360
3 0.380766 0.559524 0.034598 0.060847
3 0.172619 0.612103 0.053571 0.078704
3 0.962612 0.931548 0.074033 0.085317
3 0.193452 0.753638 0.063244 0.101190
3 0.199963 0.652116 0.046503 0.076720
3 0.332403 0.565807 0.035342 0.062831
3 0.397693 0.514550 0.030506 0.064815
3 0.310268 0.527116 0.034970 0.054233
3 0.264137 0.491733 0.038690 0.049603
3 0.411272 0.478505 0.024182 0.041667
3 0.416853 0.442460 0.023438 0.033069
3 0.376674 0.468585 0.026414 0.045635
3 0.369978 0.423942 0.026414 0.038360
3 0.321243 0.414352 0.026414 0.036376
3 0.953869 0.875331 0.087054 0.083995
3 0.926153 0.829034 0.106027 0.094577
3 0.915923 0.780423 0.113839 0.082011