0 0.555935 0.209617 0.007878 0.036415
2 0.874737 0.381419 0.029937 0.036415
3 0.202994 0.309991 0.080357 0.061625
0 0.751576 0.339869 0.012605 0.050420
6 0.261292 0.278711 0.033088 0.049486
9 0.361870 0.307190 0.015756 0.039216
9 0.372374 0.313725 0.015756 0.044818
9 0.386029 0.320261 0.013655 0.044818
3 0.416492 0.316060 0.037815 0.064426
3 0.477679 0.296919 0.045693 0.067227
4 0.733981 0.233894 0.033088 0.070028
9 0.685662 0.163866 0.020483 0.021475
4 0.270221 0.464052 0.106618 0.115780
9 0.879727 0.373016 0.012605 0.053221
3 0.960872 0.505135 0.076155 0.095238
0 0.565914 0.214753 0.008929 0.044818
2 0.915966 0.929038 0.070378 0.078431
1 0.918592 0.910831 0.022059 0.088702
6 0.941176 0.840336 0.082983 0.091503
1 0.955357 0.833333 0.022059 0.064426
9 0.139968 0.339869 0.029937 0.039216
1 0.144170 0.337068 0.017332 0.050420
9 0.159926 0.332400 0.033088 0.039216
1 0.166229 0.323996 0.017332 0.050420
6 0.348214 0.389356 0.048319 0.044818
1 0.339023 0.376751 0.014181 0.047619
2 0.863183 0.861345 0.053046 0.053221
1 0.862920 0.837535 0.024160 0.063492
2 0.245536 0.348739 0.029937 0.036415
1 0.246849 0.338936 0.012605 0.046685
2 0.877889 0.396359 0.029937 0.036415
1 0.882090 0.383754 0.014181 0.052288
0 0.887342 0.321195 0.014181 0.050420
2 0.979779 0.442110 0.037290 0.042017
3 0.060662 0.270775 0.070903 0.056022
4 0.541492 0.579832 0.103992 0.126984
9 0.018908 0.774510 0.037815 0.045752
9 0.010504 0.893091 0.021008 0.034547
3 0.872637 0.056489 0.019433 0.032680
3 0.852153 0.018674 0.017332 0.031746
3 0.829569 0.096639 0.023634 0.040149
9 0.696691 0.151261 0.017332 0.022409
3 0.692752 0.441176 0.081933 0.079365
4 0.872637 0.232493 0.029937 0.061625