3 0.735863 0.613426 0.037946 0.029762
0 0.593936 0.729497 0.008557 0.039683
3 0.511719 0.836971 0.033110 0.065476
3 0.525670 0.957341 0.042411 0.081349
0 0.027716 0.892526 0.013021 0.049603
0 0.066592 0.832672 0.009673 0.046296
2 0.020833 0.797619 0.013393 0.034392
1 0.174665 0.740410 0.010045 0.037698
2 0.175223 0.750331 0.011161 0.031085
1 0.203683 0.809854 0.011533 0.035053
9 0.203869 0.824074 0.014137 0.037037
0 0.206287 0.812169 0.007812 0.043651
3 0.576079 0.618386 0.049479 0.038360
3 0.623698 0.595569 0.042783 0.025794
3 0.138393 0.632275 0.047619 0.029101
3 0.130208 0.608796 0.046131 0.029762
0 0.255022 0.687500 0.009301 0.033730
1 0.494978 0.672619 0.008557 0.031746
2 0.493862 0.681548 0.019717 0.019180
1 0.234747 0.683201 0.009673 0.031746
2 0.238467 0.693783 0.017857 0.023810
1 0.190848 0.692791 0.008185 0.025794
2 0.201451 0.688823 0.021205 0.020503
1 0.515067 0.661045 0.008557 0.025794
9 0.514695 0.671296 0.020461 0.018519
0 0.512649 0.721230 0.009673 0.037698
3 0.193452 0.617394 0.047619 0.020503
3 0.191778 0.604828 0.044271 0.025794
3 0.494048 0.619048 0.046131 0.031746
3 0.550037 0.604497 0.042783 0.035714
3 0.615885 0.579696 0.042039 0.024471
3 0.494606 0.594246 0.042783 0.032407
3 0.057664 0.541336 0.022321 0.025794
1 0.606585 0.731481 0.007812 0.026455
3 0.609747 0.742394 0.017113 0.019180
3 0.019159 0.576720 0.038318 0.026455
3 0.609747 0.517526 0.031994 0.019180
0 0.334263 0.529101 0.004836 0.021164
1 0.303199 0.578373 0.006696 0.024471
2 0.301525 0.589616 0.010045 0.012566
0 0.559524 0.771164 0.007440 0.039683
0 0.549293 0.743386 0.007068 0.042328
0 0.680060 0.737103 0.008929 0.032407
0 0.571801 0.720238 0.005952 0.034392
0 0.571429 0.718585 0.006696 0.035053
0 0.584449 0.712302 0.007440 0.035714
0 0.739211 0.555886 0.005952 0.024471
0 0.539993 0.730159 0.006324 0.035714
0 0.558966 0.718585 0.007068 0.032407
0 0.548921 0.732804 0.008557 0.038360
1 0.266927 0.711640 0.007068 0.031746
2 0.266183 0.723876 0.013765 0.017857
0 0.591890 0.723876 0.006696 0.031085
1 0.646019 0.638889 0.007068 0.026455
3 0.132440 0.837302 0.041667 0.071429
3 0.377790 0.606481 0.045759 0.031746
8 0.193080 0.645172 0.145089 0.083995
1 0.379278 0.675265 0.008557 0.025132
2 0.382068 0.685516 0.021577 0.019180
3 0.422433 0.569444 0.034598 0.023810
3 0.496466 0.544643 0.031622 0.023148
3 0.524554 0.553571 0.034970 0.025132
3 0.599516 0.539021 0.028646 0.018519
3 0.749070 0.526455 0.027158 0.018519
8 0.731399 0.594246 0.093006 0.066799
3 0.461310 0.555886 0.031250 0.023148
3 0.597470 0.548280 0.029762 0.021164
3 0.611421 0.554563 0.030134 0.023148
3 0.691406 0.545304 0.032366 0.025794
3 0.154762 0.628307 0.046875 0.031746
3 0.068638 0.656415 0.050967 0.036376
3 0.737537 0.549934 0.033854 0.021825
3 0.760417 0.541667 0.028274 0.018519
3 0.788504 0.527778 0.027902 0.021164
8 0.690290 0.524140 0.064360 0.039021
0 0.889509 0.766204 0.006696 0.040344
0 0.874442 0.712302 0.009301 0.037037
0 0.886719 0.717262 0.007812 0.041667
0 0.886347 0.686839 0.008557 0.036376
1 0.652158 0.638558 0.006696 0.032407
2 0.654204 0.646164 0.018229 0.018519
1 0.573289 0.904762 0.011161 0.043651
2 0.573475 0.905423 0.007812 0.058201
2 0.556734 0.675595 0.021205 0.023148
1 0.554501 0.670304 0.010789 0.032407
0 0.645275 0.901124 0.013765 0.053571
0 0.599516 0.729828 0.010045 0.039021
0 0.615141 0.754630 0.009301 0.041005
0 0.682478 0.735450 0.010045 0.044974
2 0.187314 0.703373 0.022693 0.023148
0 0.185454 0.691468 0.011533 0.033730
3 0.500558 0.755291 0.030878 0.050265
3 0.460379 0.920635 0.034598 0.074074
3 0.403274 0.937500 0.037946 0.080026
3 0.464844 0.842262 0.027902 0.056217
4 0.603237 0.656415 0.039807 0.045635
3 0.410900 0.854828 0.033854 0.066799
3 0.728795 0.955688 0.099702 0.072751
0 0.640811 0.830357 0.013021 0.054894
3 0.718378 0.915675 0.081845 0.052249
3 0.696057 0.857474 0.076637 0.060185
3 0.680060 0.825066 0.066964 0.048280
3 0.670201 0.799272 0.065104 0.041667
0 0.816034 0.975860 0.014509 0.046958
3 0.861979 0.825728 0.083333 0.050926
3 0.845796 0.796627 0.072545 0.052249
0 0.985305 0.922950 0.010789 0.048280
0 0.735119 0.737434 0.006696 0.043651
0 0.864211 0.757606 0.007440 0.035053
0 0.848772 0.759921 0.009301 0.039683
0 0.852865 0.752315 0.007068 0.036376
0 0.598028 0.835317 0.008557 0.037037
4 0.632254 0.707341 0.051711 0.042989
3 0.679501 0.686839 0.039807 0.041667
3 0.705729 0.681878 0.037202 0.039683
3 0.735677 0.672950 0.037574 0.037698
3 0.759859 0.670635 0.033854 0.042328
3 0.785714 0.665344 0.034970 0.039683
3 0.811570 0.665344 0.040551 0.042328
4 0.832031 0.660714 0.041295 0.042328
0 0.829985 0.701058 0.007440 0.035714
0 0.837054 0.703042 0.007440 0.034392
0 0.875744 0.654431 0.007440 0.036376
3 0.809710 0.617063 0.032366 0.033069
3 0.712612 0.651124 0.039062 0.027116
3 0.118118 0.591270 0.043527 0.025132
3 0.142671 0.570767 0.043527 0.027778
3 0.318266 0.569444 0.034598 0.019841
3 0.802827 0.554563 0.029018 0.016534
0 0.859747 0.671958 0.005952 0.034392
0 0.866071 0.670966 0.008185 0.031085
0 0.864397 0.650463 0.008557 0.029762
0 0.858817 0.636574 0.006324 0.032407
0 0.838356 0.625661 0.005580 0.025132
3 0.819382 0.588955 0.038318 0.028439