3 0.712185 0.428105 0.030462 0.040149
3 0.704569 0.406162 0.025735 0.029879
3 0.578782 0.662932 0.061975 0.080299
3 0.418330 0.830532 0.099265 0.112979
3 0.759716 0.394024 0.023634 0.028011
3 0.750788 0.376751 0.019433 0.027077
9 0.791229 0.500000 0.012080 0.036415
3 0.779937 0.443978 0.029412 0.036415
3 0.476103 0.521008 0.043592 0.044818
0 0.451681 0.489729 0.015756 0.047619
3 0.065914 0.821662 0.107668 0.125117
3 0.528624 0.518674 0.047794 0.049486
3 0.625525 0.453315 0.031513 0.040149
3 0.578256 0.529412 0.049370 0.054155
4 0.618960 0.477591 0.034139 0.051354