5 0.626313 0.524276 0.037290 0.070028
5 0.506040 0.532680 0.033088 0.077498
5 0.559611 0.300187 0.015231 0.038282
5 0.903361 0.329599 0.072479 0.050420
3 0.416229 0.273109 0.012080 0.021475
5 0.434086 0.256769 0.018382 0.031746
6 0.555672 0.559757 0.018908 0.043884
5 0.575368 0.422969 0.137080 0.059757
3 0.384191 0.426704 0.042542 0.033613
4 0.503676 0.311391 0.014706 0.030812
3 0.557511 0.269374 0.015231 0.032680
0 0.541754 0.256303 0.008929 0.021475
3 0.499212 0.262838 0.008929 0.015873
3 0.510242 0.394491 0.015231 0.038282
1 0.549107 0.551354 0.015231 0.021475
3 0.320641 0.595238 0.024685 0.042017
3 0.454569 0.278711 0.008929 0.015873
3 0.573792 0.291783 0.034139 0.027077
3 0.283876 0.297852 0.020483 0.022409
3 0.448792 0.268441 0.012080 0.015873
3 0.460084 0.253968 0.011555 0.014939