9 0.337447 0.526611 0.021534 0.046685
1 0.340599 0.496265 0.014181 0.040149
0 0.994223 0.911765 0.009454 0.086835
3 0.416229 0.206816 0.016282 0.025210
3 0.424107 0.186275 0.017332 0.021475
3 0.542805 0.758170 0.106618 0.128852
6 0.090861 0.746032 0.045168 0.085901
1 0.097164 0.716620 0.021008 0.060691
8 0.165179 0.463585 0.085609 0.129785
2 0.808298 0.849673 0.033613 0.082166
0 0.848214 0.792717 0.025210 0.089636
1 0.804622 0.828198 0.027311 0.065359
3 0.778361 0.604108 0.077731 0.085901
3 0.714286 0.524276 0.060924 0.068161
9 0.667805 0.535481 0.018382 0.043884
1 0.668330 0.519608 0.015231 0.038282
1 0.632878 0.462652 0.015756 0.043884
0 0.644958 0.436975 0.011555 0.044818
0 0.633929 0.435574 0.011555 0.049486
6 0.686450 0.477124 0.037815 0.048553
3 0.668592 0.445845 0.036765 0.049486
3 0.645221 0.409430 0.034139 0.047619
3 0.539916 0.367880 0.025210 0.039216
3 0.201418 0.388889 0.051996 0.049486
3 0.240021 0.334267 0.052521 0.042951
9 0.510242 0.371148 0.012080 0.032680
3 0.293855 0.321662 0.026786 0.042017
3 0.107405 0.329132 0.053046 0.040149
3 0.325893 0.270308 0.017332 0.023343
3 0.442752 0.291317 0.021008 0.031746
3 0.438550 0.245565 0.017857 0.028011
3 0.474002 0.242297 0.015231 0.027077
3 0.516807 0.286181 0.022059 0.032680
3 0.510767 0.261905 0.014181 0.023343
7 0.346376 0.272176 0.012080 0.027077
2 0.632616 0.475724 0.016282 0.043884
9 0.490546 0.223156 0.006303 0.013072
1 0.491334 0.215686 0.007878 0.014939
3 0.483981 0.162465 0.009979 0.016807
3 0.365021 0.689076 0.060924 0.128852
6 0.057248 0.911765 0.072479 0.098039
3 0.473739 0.153595 0.007353 0.012138
3 0.488708 0.152194 0.008929 0.011204
9 0.487920 0.228291 0.006303 0.021475