9 0.182248 0.946779 0.040966 0.074697
9 0.199317 0.973389 0.032038 0.053221
9 0.228729 0.966853 0.028887 0.066293
3 0.290704 0.935574 0.063550 0.123249
3 0.427784 0.899627 0.087710 0.193277
2 0.679359 0.955649 0.027836 0.062558
1 0.688813 0.929505 0.024685 0.084967
9 0.953519 0.957516 0.020483 0.062558
4 0.912290 0.676004 0.059874 0.164332
9 0.762342 0.409897 0.025735 0.022409
3 0.848739 0.390289 0.040966 0.095238
3 0.928834 0.285247 0.029937 0.062558
3 0.924107 0.215219 0.026786 0.047619
0 0.873162 0.109711 0.005777 0.025210
0 0.850053 0.054155 0.005777 0.026144
0 0.843487 0.061158 0.006303 0.021475
2 0.892857 0.122782 0.008403 0.021475
3 0.982668 0.222222 0.029412 0.050420
3 0.923845 0.083100 0.022059 0.037348
3 0.927258 0.052754 0.016282 0.027077
3 0.927521 0.033613 0.015756 0.026144
0 0.902048 0.056022 0.004727 0.018674
1 0.903624 0.019141 0.009979 0.014006
9 0.881565 0.022876 0.009979 0.027077
9 0.875788 0.052754 0.011029 0.015873
9 0.982143 0.033147 0.005252 0.014006
1 0.983981 0.026144 0.004727 0.014939
0 0.991334 0.025677 0.005777 0.023343
1 0.876838 0.048086 0.007878 0.025210
3 0.911502 0.535481 0.043592 0.112979
3 0.920431 0.429038 0.036239 0.077498
9 0.633141 0.708217 0.038340 0.047619
9 0.768382 0.376284 0.023109 0.022409
2 0.856092 0.213819 0.007353 0.024276
0 0.857931 0.201681 0.007878 0.026144
3 0.884716 0.086368 0.026786 0.032680
0 0.892857 0.109244 0.007353 0.022409
3 0.928834 0.178805 0.020483 0.034547
3 0.934611 0.138655 0.020483 0.043884
3 0.960347 0.020542 0.016282 0.020542
3 0.960347 0.040616 0.016282 0.028945
9 0.900473 0.068627 0.007878 0.012138
9 0.957195 0.926704 0.024685 0.077498
9 0.901523 0.029412 0.007878 0.023343
1 0.884191 0.013539 0.007878 0.021475
3 0.900473 0.342204 0.030987 0.066293
0 0.867384 0.117180 0.007878 0.025210
3 0.832721 0.525677 0.048845 0.138189