4 0.535189 0.274043 0.071429 0.055089
3 0.425683 0.366480 0.051996 0.083100
3 0.460347 0.330065 0.040441 0.062558
3 0.531775 0.266106 0.056197 0.037348
3 0.228466 0.557890 0.149160 0.098039
3 0.295168 0.121849 0.019958 0.030812
4 0.547532 0.227358 0.048845 0.045752
3 0.560662 0.234827 0.043592 0.032680
3 0.264181 0.425303 0.109244 0.077498
3 0.283613 0.386088 0.093487 0.060691
3 0.290704 0.359944 0.094013 0.049486
3 0.318540 0.323996 0.082458 0.054155
3 0.332721 0.308590 0.070903 0.043884
3 0.354779 0.297852 0.059349 0.052288
3 0.367910 0.273109 0.065651 0.047619
3 0.383666 0.257236 0.059349 0.055089
3 0.399160 0.255836 0.043067 0.033613
3 0.435399 0.237162 0.052521 0.039216
0 0.801733 0.312325 0.012080 0.055089
0 0.760242 0.471989 0.021534 0.077498
0 0.730042 0.491130 0.018908 0.076564
0 0.732931 0.467320 0.015231 0.077498
0 0.713761 0.650794 0.030462 0.100840
0 0.472952 0.590103 0.021534 0.085901
3 0.345851 0.089169 0.014181 0.021475
3 0.052521 0.287115 0.059874 0.060691
3 0.108981 0.246965 0.054097 0.064426
3 0.131565 0.177871 0.027836 0.043884
3 0.082983 0.186741 0.033613 0.042951
3 0.336922 0.096172 0.018382 0.024276
9 0.321429 0.120915 0.008403 0.028945
3 0.226628 0.195612 0.034139 0.043884
0 0.107143 0.422502 0.018908 0.077498
0 0.081933 0.429505 0.024160 0.082166
0 0.078256 0.423436 0.018908 0.066293
3 0.132353 0.644725 0.175420 0.183940
0 0.674107 0.221755 0.013130 0.040149
0 0.681460 0.268441 0.014181 0.045752
0 0.697216 0.209617 0.008929 0.036415
0 0.713235 0.219888 0.006303 0.036415
0 0.713498 0.217087 0.007878 0.042017
0 0.738971 0.215686 0.007353 0.041083
0 0.750525 0.219421 0.009454 0.039216
0 0.648634 0.227824 0.011555 0.033613
0 0.695116 0.220355 0.009979 0.033613
0 0.436975 0.296452 0.013655 0.043884
3 0.228992 0.164799 0.025210 0.034547
0 0.851103 0.357143 0.011029 0.047619
9 0.174370 0.195145 0.014706 0.033613
3 0.838235 0.922035 0.146008 0.150327
3 0.677784 0.856676 0.119223 0.267974
3 0.534926 0.831466 0.155987 0.256769
0 0.550420 0.834734 0.044118 0.089636
3 0.413340 0.770308 0.090336 0.209150
3 0.272584 0.788982 0.138655 0.225957
5 0.985294 0.626984 0.027311 0.142857
0 0.952468 0.616246 0.019433 0.089636
0 0.572479 0.794585 0.017857 0.087768
0 0.487132 0.770308 0.024685 0.115780
3 0.144695 0.733894 0.165441 0.201681
3 0.773109 0.613445 0.153361 0.110177
3 0.598214 0.584967 0.137605 0.103641
9 0.329044 0.563959 0.018382 0.074697
3 0.588761 0.532213 0.139706 0.082166
3 0.907038 0.471989 0.112395 0.075630
3 0.673057 0.487862 0.109769 0.083100
3 0.525735 0.498133 0.108193 0.094304
3 0.501576 0.461718 0.109244 0.071895
3 0.491859 0.406629 0.103466 0.068161
3 0.148897 0.269841 0.053046 0.061625
0 0.747374 0.440243 0.017857 0.071895
3 0.621849 0.449580 0.103992 0.083100
3 0.867384 0.438375 0.113971 0.073763
3 0.602153 0.413632 0.094013 0.059757
3 0.828519 0.409430 0.110819 0.066293
3 0.801471 0.376751 0.080882 0.056956
3 0.782038 0.359477 0.084034 0.054155
3 0.580620 0.387021 0.087710 0.066293
3 0.551471 0.349673 0.079832 0.056956
3 0.568540 0.365079 0.076155 0.048553
3 0.546744 0.323063 0.068277 0.044818
3 0.533088 0.289449 0.068277 0.039216