3 0.365993 0.932026 0.051838 0.108497
3 0.482904 0.732026 0.037868 0.069281
3 0.501287 0.969281 0.051103 0.058824
3 0.544669 0.766340 0.042279 0.077778
3 0.621691 0.779085 0.039706 0.070588
8 0.653125 0.910784 0.111397 0.175817
3 0.882904 0.685948 0.070221 0.062092
3 0.754963 0.642157 0.058456 0.041176
3 0.670037 0.613399 0.064338 0.054248
8 0.937684 0.640523 0.123897 0.121569
3 0.567647 0.594771 0.064706 0.049673
3 0.582169 0.579739 0.056250 0.048366
3 0.477022 0.574510 0.058456 0.043137
3 0.462684 0.551634 0.054779 0.039216
3 0.372426 0.533007 0.054412 0.046405
3 0.574632 0.491176 0.033088 0.032026
3 0.447610 0.365686 0.014338 0.021569
3 0.007169 0.641503 0.014338 0.051634
3 0.072610 0.597712 0.034191 0.055556
3 0.019853 0.458824 0.036765 0.037908
3 0.102206 0.410458 0.036029 0.028758
8 0.006250 0.455882 0.012500 0.058170
3 0.083456 0.494444 0.041912 0.032026
3 0.039706 0.535621 0.059559 0.050327
0 0.077022 0.754902 0.012132 0.060131
0 0.056618 0.772549 0.013235 0.065359
0 0.069301 0.767974 0.012868 0.056209
3 0.238419 0.648366 0.038603 0.065359
3 0.434743 0.336601 0.012868 0.020915
3 0.430331 0.300327 0.010662 0.018954
3 0.484191 0.381046 0.015441 0.023529
3 0.256066 0.566013 0.034191 0.048366
3 0.242463 0.537908 0.025368 0.044444
3 0.320772 0.501961 0.023162 0.040523
4 0.274816 0.475490 0.020956 0.045098
3 0.305147 0.458170 0.020588 0.033987
3 0.284007 0.439542 0.017279 0.030719
3 0.319853 0.410458 0.016912 0.027451
3 0.391544 0.415033 0.017647 0.027451
3 0.344301 0.401634 0.016544 0.025490
3 0.366544 0.398693 0.015441 0.030065
3 0.456434 0.386928 0.017279 0.027451
9 0.130147 0.771569 0.019118 0.050327
1 0.129044 0.758497 0.015441 0.047712
9 0.620772 0.683007 0.011397 0.031373
1 0.620772 0.665686 0.011397 0.028105
9 0.587316 0.650654 0.012132 0.029412
1 0.585846 0.636928 0.011397 0.030719
2 0.603493 0.662418 0.012132 0.028105
1 0.604779 0.648693 0.012500 0.034641
2 0.606434 0.680719 0.017279 0.037255
1 0.608088 0.670261 0.012500 0.034641
3 0.417647 0.299673 0.011029 0.017647
1 0.789338 0.976144 0.016176 0.046405
1 0.760110 0.927124 0.014338 0.050327
1 0.794669 0.929412 0.015809 0.050980
0 0.934743 0.875490 0.017279 0.069935
0 0.971140 0.881373 0.018015 0.062092
0 0.959007 0.882680 0.015074 0.056863
1 0.842096 0.984641 0.015809 0.029412
1 0.836213 0.956536 0.015809 0.046405
1 0.749081 0.863725 0.012132 0.039869
1 0.741728 0.833007 0.012868 0.042484
1 0.773346 0.850654 0.015809 0.042484
1 0.746875 0.814706 0.012132 0.039869
0 0.840993 0.857190 0.012868 0.051634
0 0.902390 0.896405 0.015809 0.059477
0 0.922243 0.850654 0.015809 0.058170
0 0.957169 0.862418 0.015074 0.054248
0 0.973346 0.850000 0.016544 0.055556
1 0.932169 0.947386 0.018750 0.055556
9 0.929596 0.961765 0.031985 0.054248
1 0.960846 0.799020 0.015074 0.051634
0 0.933640 0.787908 0.012132 0.054248
0 0.947610 0.802288 0.016544 0.054248
0 0.900184 0.808170 0.015809 0.050327
0 0.894118 0.802288 0.014706 0.056863
3 0.499632 0.844118 0.039706 0.083007
3 0.571324 0.959477 0.051471 0.079739
3 0.720404 0.559150 0.058456 0.046405
3 0.489522 0.363725 0.015074 0.017647
3 0.484375 0.363072 0.012868 0.020261
3 0.436581 0.961438 0.046691 0.073203
3 0.545221 0.673529 0.038971 0.055556
3 0.441360 0.802941 0.037132 0.072549
3 0.497794 0.662418 0.033824 0.056863
3 0.435110 0.670915 0.031985 0.060784
3 0.465625 0.338235 0.012132 0.017647
3 0.456801 0.320588 0.013603 0.015033
3 0.440257 0.297712 0.011397 0.015033