3 0.123698 0.305225 0.031622 0.032407
1 0.275856 0.438492 0.009301 0.031746
2 0.276600 0.447421 0.013021 0.028439
2 0.295945 0.440146 0.010789 0.025794
1 0.294829 0.430886 0.010045 0.033730
9 0.309710 0.442791 0.012277 0.032407
1 0.308780 0.428902 0.012649 0.032407
3 0.456659 0.715608 0.051711 0.105820
4 0.460007 0.553902 0.037574 0.076058
4 0.539249 0.537368 0.040551 0.074735
3 0.471354 0.390873 0.027530 0.043651
1 0.669829 0.651786 0.012277 0.032407
1 0.669829 0.639220 0.015253 0.048280
2 0.669457 0.652116 0.016741 0.048942
8 0.509115 0.328704 0.044271 0.099206
5 0.259859 0.751323 0.097098 0.174603
4 0.345424 0.747354 0.066592 0.148148
3 0.350260 0.473214 0.032366 0.064153
3 0.421875 0.356812 0.019345 0.042989
8 0.364397 0.340939 0.038318 0.110450
3 0.401414 0.329034 0.020833 0.048280
3 0.554501 0.434193 0.046503 0.053571
4 0.836496 0.592923 0.083705 0.087963
3 0.959821 0.664683 0.078869 0.078042
4 0.715960 0.521495 0.071801 0.070767
6 0.557478 0.379299 0.016741 0.050926
1 0.559896 0.377315 0.010417 0.031085
2 0.493118 0.241071 0.007812 0.025794
5 0.063802 0.347884 0.050967 0.050265
4 0.890067 0.225860 0.018229 0.037698
0 0.912016 0.259590 0.008557 0.032407
4 0.960007 0.329034 0.027158 0.039021
3 0.944754 0.307209 0.024182 0.031085
3 0.935826 0.295966 0.021205 0.035053
3 0.404762 0.288690 0.018601 0.035053
3 0.400856 0.260582 0.017485 0.029101
3 0.397507 0.243056 0.015997 0.028439
4 0.372582 0.260251 0.015997 0.031085
4 0.375186 0.231812 0.015253 0.027116
4 0.391927 0.223545 0.013765 0.023810
3 0.366629 0.212302 0.016741 0.021164
4 0.362909 0.198082 0.011533 0.023148
3 0.358259 0.186839 0.013393 0.024471
4 0.353237 0.177579 0.011533 0.027116
3 0.397135 0.211310 0.014509 0.020503
5 0.386719 0.196098 0.018973 0.028439
3 0.375186 0.186177 0.014509 0.021825
4 0.378162 0.175595 0.010045 0.020503
5 0.254278 0.186508 0.024926 0.044974