2 0.006565 0.338469 0.011029 0.049486
9 0.617910 0.164799 0.020483 0.019608
2 0.749737 0.281513 0.009979 0.027077
9 0.672532 0.248833 0.032038 0.038282
0 0.680410 0.117180 0.008929 0.040149
0 0.684611 0.118114 0.006828 0.036415
8 0.676733 0.372082 0.164391 0.129785
3 0.633141 0.670868 0.083508 0.140990
3 0.352416 0.513539 0.112395 0.078431
3 0.544118 0.521008 0.084034 0.072829
3 0.727679 0.516807 0.094013 0.083100
3 0.341649 0.401027 0.083508 0.073763
3 0.370011 0.350607 0.076155 0.066293
3 0.460609 0.407563 0.086134 0.062558
3 0.212185 0.501867 0.105042 0.083100
1 0.662027 0.774510 0.020483 0.055089
0 0.708508 0.748366 0.017857 0.068161
0 0.748424 0.767974 0.023109 0.073763
0 0.731618 0.731092 0.019958 0.065359
1 0.598739 0.609244 0.023109 0.055089
9 0.171481 0.625584 0.036239 0.050420
9 0.900998 0.635854 0.036239 0.046685
1 0.482931 0.552288 0.015231 0.055089
2 0.486082 0.562558 0.046744 0.040149
1 0.494748 0.541550 0.014706 0.037348
9 0.249212 0.300187 0.027836 0.034547
1 0.202731 0.373950 0.017857 0.055089
1 0.237395 0.358543 0.012605 0.050420
2 0.203519 0.387955 0.036239 0.042017
9 0.232405 0.366480 0.036239 0.036415
1 0.663340 0.343137 0.012605 0.040149
9 0.670168 0.358543 0.031513 0.031746
0 0.515756 0.222689 0.012605 0.045752
0 0.458246 0.038749 0.006828 0.034547
9 0.355830 0.192810 0.022584 0.030812
0 0.883666 0.263772 0.009979 0.034547
0 0.878414 0.259104 0.011029 0.038282
0 0.287027 0.226424 0.006828 0.042017
0 0.316439 0.190009 0.009979 0.040149
2 0.012868 0.339402 0.018382 0.043884
3 0.176471 0.840336 0.108193 0.194211
3 0.486082 0.204949 0.023634 0.066293
3 0.938813 0.816527 0.120273 0.170868
3 0.588498 0.197479 0.030987 0.055089
3 0.438025 0.061158 0.023109 0.040149
3 0.039653 0.504669 0.079307 0.092437
3 0.645221 0.136788 0.050945 0.043884
3 0.581670 0.015406 0.042542 0.028945
4 0.447216 0.021942 0.020483 0.036415
6 0.666492 0.799720 0.038866 0.111111
0 0.924632 0.674136 0.023634 0.067227
9 0.683561 0.289916 0.008929 0.036415
2 0.751838 0.300654 0.015231 0.031746
9 0.790179 0.293184 0.009979 0.041083
9 0.807248 0.290850 0.012605 0.036415
9 0.862920 0.306256 0.009454 0.035481
9 0.895746 0.281513 0.015231 0.036415
2 0.909139 0.309057 0.012605 0.037348
9 0.959821 0.312792 0.023634 0.050420
0 0.332721 0.807190 0.020483 0.073763
0 0.351103 0.807656 0.028887 0.078431
1 0.486345 0.262838 0.014706 0.030812
6 0.485294 0.270775 0.019958 0.046685
1 0.403624 0.296452 0.015231 0.045752
9 0.403887 0.308123 0.023109 0.041083
1 0.161239 0.638655 0.021008 0.054155
9 0.163078 0.656863 0.037290 0.043884
4 0.478204 0.581699 0.088761 0.095238
1 0.901786 0.624183 0.023109 0.049486
9 0.336922 0.250700 0.026786 0.034547
9 0.387342 0.178805 0.025735 0.030812
9 0.389968 0.154528 0.024685 0.028945
0 0.121061 0.330999 0.013130 0.045752
0 0.532826 0.118581 0.009979 0.041083
0 0.561712 0.261905 0.014181 0.045752
0 0.467700 0.046218 0.007878 0.038282
1 0.166754 0.606909 0.020483 0.054155
2 0.598739 0.625117 0.040966 0.043884
0 0.366597 0.274977 0.012605 0.049486
0 0.351103 0.284314 0.013130 0.043884
9 0.251838 0.316060 0.027836 0.030812
9 0.086922 0.340336 0.017332 0.042017
1 0.230305 0.356209 0.015231 0.045752
1 0.487658 0.268908 0.015231 0.028011
3 0.521796 0.092904 0.025735 0.045752
9 0.727416 0.583567 0.038866 0.041083
1 0.726891 0.569094 0.019958 0.055089
0 0.752626 0.766573 0.016807 0.054155
5 0.245011 0.436508 0.112920 0.092437
1 0.678571 0.339402 0.010504 0.036415