9 0.380882 0.482353 0.007353 0.023529
9 0.390809 0.489542 0.009559 0.027451
9 0.384926 0.444444 0.009559 0.023529
0 0.299632 0.527451 0.011029 0.037908
0 0.162132 0.455556 0.012500 0.032680
0 0.277574 0.403922 0.009559 0.028758
9 0.425000 0.464706 0.008824 0.022222
9 0.405147 0.403268 0.007353 0.027451
9 0.431985 0.374510 0.009559 0.022222
7 0.205515 0.522222 0.043382 0.045752
5 0.337132 0.372549 0.021324 0.041830
3 0.513235 0.381046 0.016176 0.030065
6 0.232721 0.490850 0.047794 0.037908
6 0.364338 0.428105 0.018382 0.027451
7 0.516912 0.544444 0.020588 0.050980
0 0.551838 0.524837 0.011029 0.032680
3 0.282353 0.526144 0.033824 0.043137
3 0.713971 0.550327 0.048529 0.039216
3 0.699265 0.515033 0.050000 0.041830
7 0.320956 0.526144 0.024265 0.043137
5 0.680515 0.487582 0.052206 0.036601
3 0.593750 0.422222 0.018382 0.026144
3 0.647794 0.448366 0.035294 0.026144
3 0.414706 0.368627 0.014706 0.026144
4 0.327574 0.446405 0.033088 0.037908
3 0.385662 0.405882 0.025735 0.030065
7 0.356250 0.474510 0.021324 0.036601
0 0.288971 0.596078 0.011765 0.044444
3 0.318382 0.411765 0.044118 0.028758
0 0.609191 0.439869 0.008088 0.024837
9 0.340441 0.479739 0.033824 0.036601
3 0.333088 0.386928 0.030882 0.026144
7 0.255882 0.475817 0.022059 0.044444
7 0.273529 0.483660 0.038235 0.041830
7 0.267647 0.543791 0.035294 0.044444
3 0.601838 0.404575 0.037500 0.035294
3 0.362132 0.356209 0.028676 0.022222
7 0.231985 0.477124 0.019853 0.041830
4 0.559191 0.650980 0.031618 0.065359
6 0.358456 0.442484 0.021324 0.032680
3 0.345221 0.338562 0.021324 0.023529
3 0.344485 0.324837 0.019853 0.024837
0 0.312868 0.530065 0.011029 0.035294
3 0.613235 0.366667 0.032353 0.030065
0 0.275368 0.404575 0.009559 0.027451
6 0.331250 0.349020 0.016912 0.023529
1 0.548529 0.379085 0.007353 0.023529
1 0.599632 0.467974 0.009559 0.026144
0 0.628676 0.494771 0.010294 0.032680
0 0.492279 0.637908 0.011029 0.044444
3 0.907353 0.948366 0.083824 0.100654
3 0.417647 0.430719 0.019118 0.030065
0 0.063603 0.641176 0.016912 0.048366
0 0.087132 0.641176 0.015441 0.048366
0 0.797059 0.887582 0.014706 0.054902
6 0.162132 0.481046 0.041912 0.039216
6 0.170588 0.526144 0.041176 0.037908