3 0.266741 0.623016 0.048363 0.084656
4 0.262277 0.472222 0.048363 0.063492
3 0.056176 0.357804 0.024554 0.038360
1 0.366257 0.400463 0.010789 0.028439
9 0.367560 0.407407 0.017857 0.023810
9 0.087426 0.330026 0.012649 0.019841
3 0.151786 0.373016 0.035714 0.034392
2 0.311942 0.317130 0.009301 0.025794
4 0.281064 0.409061 0.047247 0.042989
3 0.333705 0.457011 0.054315 0.046296
9 0.409226 0.410053 0.016369 0.023810
1 0.409598 0.402116 0.009673 0.026455
1 0.414807 0.407407 0.009673 0.023810
4 0.421875 0.447751 0.053571 0.043651
3 0.483259 0.511243 0.061756 0.054233
3 0.553943 0.492725 0.063244 0.046296
5 0.659598 0.570106 0.094494 0.079365
5 0.756324 0.542989 0.098958 0.083333
7 0.709077 0.511905 0.037202 0.058201
3 0.955729 0.689153 0.085565 0.087302
3 0.970424 0.623347 0.055432 0.056217
1 0.964286 0.582011 0.016369 0.047619
3 0.436756 0.355159 0.020833 0.035714
3 0.401414 0.233466 0.015625 0.019841
3 0.116815 0.332011 0.031250 0.031746
2 0.302641 0.350198 0.008557 0.025794
2 0.311012 0.349206 0.011905 0.031746
3 0.416667 0.959656 0.064732 0.079365
3 0.424851 0.828042 0.052083 0.134921
1 0.696801 0.968915 0.020089 0.048942
0 0.687500 0.958995 0.016369 0.076720
2 0.700149 0.960317 0.022321 0.074074
8 0.551153 0.865410 0.103795 0.267857
5 0.354539 0.321429 0.023065 0.042328
4 0.383929 0.324735 0.020833 0.033069
3 0.355283 0.298942 0.017113 0.026455
3 0.389137 0.308862 0.014881 0.027778
8 0.351376 0.271495 0.030134 0.061508
3 0.380022 0.296627 0.015997 0.029762
6 0.384673 0.192460 0.011905 0.019841
2 0.960565 0.595238 0.038690 0.034392
3 0.381696 0.281746 0.017857 0.026455
3 0.372396 0.269180 0.017113 0.025132
3 0.368676 0.259259 0.012649 0.021164
3 0.337612 0.234458 0.014509 0.027116
4 0.314546 0.197751 0.014509 0.019841
4 0.297991 0.179894 0.012649 0.015873
5 0.359561 0.227183 0.018229 0.031085
3 0.345052 0.220569 0.013021 0.023148
5 0.235677 0.229828 0.027158 0.042989