3 0.125186 0.301918 0.031622 0.032407
1 0.281808 0.420635 0.009301 0.027778
2 0.282924 0.430225 0.013021 0.028439
2 0.300409 0.423611 0.010789 0.025794
1 0.299293 0.415675 0.010045 0.033730
9 0.313058 0.421627 0.012277 0.032407
1 0.312872 0.410384 0.011161 0.032407
3 0.455171 0.775463 0.056176 0.119709
4 0.458891 0.595569 0.040551 0.086640
4 0.549479 0.587632 0.043899 0.082672
3 0.479353 0.422619 0.030134 0.048942
1 0.674293 0.666997 0.012277 0.032407
1 0.674293 0.656415 0.015253 0.048280
2 0.673735 0.668981 0.017113 0.052249
8 0.516183 0.348214 0.045015 0.106481
5 0.294457 0.645833 0.074033 0.136905
4 0.371838 0.625331 0.051711 0.115741
3 0.357887 0.432209 0.029018 0.060185
3 0.422061 0.344577 0.018973 0.039683
8 0.368304 0.316468 0.032738 0.098545
3 0.403460 0.314815 0.019717 0.041005
3 0.578869 0.449405 0.052827 0.054894
4 0.836496 0.588294 0.083705 0.087963
3 0.960007 0.659722 0.078497 0.078704
4 0.758743 0.532077 0.072545 0.072090
6 0.554688 0.367394 0.017113 0.046958
1 0.558036 0.366733 0.009673 0.028439
2 0.494048 0.243056 0.008185 0.025794
5 0.046875 0.331680 0.038690 0.049603
4 0.890067 0.223876 0.018229 0.037698
0 0.915365 0.259590 0.008557 0.032407
4 0.958147 0.326389 0.027158 0.039021
3 0.942522 0.304563 0.024182 0.031085
3 0.934710 0.294643 0.021205 0.035053
3 0.404948 0.278108 0.018229 0.033730
3 0.400484 0.252646 0.017485 0.027778
3 0.396391 0.234788 0.015997 0.026455
4 0.373326 0.249008 0.015997 0.031085
4 0.374814 0.225198 0.015253 0.027116
4 0.390067 0.217593 0.013021 0.022487
3 0.365141 0.206349 0.016741 0.021164
4 0.362165 0.190807 0.011533 0.023148
3 0.358259 0.184193 0.012649 0.024471
4 0.353237 0.174934 0.011533 0.025794
3 0.397135 0.208664 0.014509 0.020503
5 0.386347 0.193783 0.018229 0.029101
3 0.374442 0.184193 0.014509 0.021825
4 0.377790 0.172950 0.010045 0.020503
5 0.255022 0.184854 0.024926 0.044312