3 0.604167 0.818783 0.053571 0.121693
4 0.658110 0.835979 0.058780 0.140212
3 0.570312 0.484788 0.031994 0.062169
3 0.376860 0.481481 0.026042 0.066138
6 0.304688 0.458333 0.023065 0.046296
3 0.323289 0.357804 0.026042 0.046296
3 0.350818 0.382275 0.023065 0.052910
7 0.301711 0.429894 0.020089 0.044974
3 0.328497 0.318122 0.021577 0.038360
0 0.455357 0.335979 0.007440 0.026455
3 0.476190 0.220238 0.014881 0.025132
3 0.450149 0.187831 0.014881 0.026455
3 0.397321 0.167328 0.014881 0.025132
3 0.455357 0.154101 0.013393 0.022487
3 0.441592 0.137566 0.012649 0.021164
3 0.454985 0.121032 0.011161 0.019841
3 0.358631 0.176587 0.031250 0.019841
3 0.545387 0.886905 0.053571 0.141534
3 0.498512 0.511243 0.026786 0.054233
3 0.477307 0.362434 0.020089 0.042328
3 0.453125 0.214286 0.016369 0.023810
8 0.502976 0.216270 0.034226 0.083333
4 0.509673 0.359127 0.020833 0.038360
3 0.433408 0.189153 0.021577 0.023810
3 0.457589 0.233466 0.013393 0.027778
7 0.639509 0.695106 0.051339 0.101852