0 0.365284 0.260504 0.012080 0.042951
6 0.592962 0.366947 0.027311 0.057890
3 0.512342 0.682540 0.054097 0.143791
3 0.491334 0.346872 0.039391 0.077498
4 0.558824 0.225023 0.033613 0.069094
2 0.543592 0.293184 0.011555 0.031746
1 0.544380 0.276377 0.008929 0.026144
3 0.489233 0.198413 0.025735 0.047619
9 0.502889 0.102708 0.008929 0.022409
3 0.506565 0.132586 0.024685 0.044818
4 0.646796 0.731559 0.057248 0.155929
3 0.832195 0.889356 0.169643 0.139122
3 0.750263 0.715686 0.110819 0.112979
3 0.885242 0.671802 0.098214 0.161531
0 0.786502 0.625584 0.018382 0.065359
0 0.802784 0.629785 0.015231 0.071895
0 0.812237 0.627451 0.017332 0.065359
2 0.349790 0.610644 0.018908 0.057890
1 0.350053 0.572362 0.016282 0.074697
3 0.427784 0.357610 0.041492 0.097106
0 0.697742 0.462652 0.016282 0.060691
3 0.663866 0.422969 0.087185 0.078431
0 0.067489 0.482726 0.018382 0.070962
0 0.077206 0.472923 0.017857 0.058824
3 0.073004 0.914099 0.146008 0.113912
6 0.150735 0.764706 0.164916 0.115780
3 0.472426 0.043417 0.024685 0.036415
3 0.395221 0.076097 0.040441 0.036415
0 0.503151 0.089169 0.009454 0.015873