3 0.207983 0.414566 0.115546 0.102708
3 0.440126 0.365546 0.101891 0.099907
3 0.334821 0.333800 0.095063 0.088702
3 0.748162 0.323063 0.044643 0.089636
3 0.755777 0.262838 0.039916 0.075630
3 0.779937 0.223623 0.032563 0.066293
3 0.785452 0.178805 0.026786 0.047619
3 0.796744 0.150327 0.024160 0.048553
6 0.585872 0.408030 0.074055 0.070962
9 0.735557 0.502801 0.016282 0.047619
1 0.731092 0.512605 0.013655 0.042951
3 0.576418 0.337068 0.084559 0.089636
3 0.597426 0.303922 0.079307 0.066293
3 0.600053 0.275910 0.089811 0.056956
3 0.596639 0.241830 0.061975 0.042951
3 0.624475 0.235761 0.081933 0.056956
5 0.644958 0.209150 0.074580 0.052288
3 0.678309 0.207750 0.062500 0.043884
3 0.696691 0.172269 0.062500 0.038282
3 0.721376 0.111578 0.053046 0.032680
3 0.738183 0.089169 0.049895 0.032680
0 0.747637 0.147526 0.008929 0.031746
0 0.755777 0.155929 0.008403 0.031746
1 0.784401 0.113445 0.008929 0.027077
0 0.761292 0.118114 0.008929 0.032680
0 0.770746 0.116246 0.008929 0.032680
0 0.685137 0.397292 0.021534 0.075630
2 0.682511 0.417367 0.047794 0.042951
3 0.028887 0.447246 0.057773 0.117647
3 0.448004 0.835201 0.181723 0.178338
3 0.115284 0.386555 0.105567 0.098973
3 0.027048 0.335668 0.053046 0.094304
3 0.174895 0.477124 0.122899 0.123249
3 0.867647 0.163866 0.024160 0.047619
9 0.663078 0.645658 0.063550 0.070028
1 0.667279 0.629318 0.028887 0.084034
3 0.705620 0.142857 0.049895 0.039216
1 0.564338 0.403828 0.018382 0.066293
0 0.882616 0.504669 0.015231 0.049486
0 0.903099 0.503735 0.015231 0.066293
0 0.898897 0.467320 0.012080 0.043884
6 0.880777 0.470588 0.031513 0.093371