3 0.501116 0.501323 0.029018 0.063492
3 0.539435 0.438492 0.025298 0.046296
3 0.617932 0.678571 0.033482 0.089947
3 0.826265 0.716270 0.064732 0.112434
3 0.711682 0.541005 0.060268 0.047619
3 0.671503 0.501984 0.061756 0.043651
3 0.321429 0.828042 0.061012 0.140212
3 0.552455 0.351852 0.021577 0.034392
3 0.454613 0.518519 0.037202 0.076720
3 0.411458 0.492725 0.032738 0.064815
3 0.379464 0.406085 0.031250 0.050265
3 0.404390 0.351852 0.026042 0.042328
3 0.422247 0.312831 0.020089 0.038360
3 0.655878 0.310847 0.020089 0.037037
3 0.431920 0.289683 0.021577 0.037037
3 0.441592 0.267857 0.021577 0.035714
3 0.629092 0.265873 0.033482 0.029101
3 0.640253 0.247354 0.034970 0.029101
3 0.562128 0.212302 0.014137 0.030423
3 0.541295 0.241402 0.014137 0.030423
3 0.555432 0.626984 0.034970 0.084656
3 0.413318 0.331349 0.023065 0.035714