1 0.492188 0.386905 0.009673 0.017196
1 0.497396 0.446429 0.008185 0.022487
0 0.236979 0.626984 0.009673 0.029101
0 0.243676 0.623016 0.009673 0.034392
3 0.488467 0.861772 0.030506 0.085979
3 0.539435 0.875661 0.035714 0.087302
3 0.587798 0.855159 0.025298 0.078042
3 0.512649 0.737434 0.026786 0.056878
3 0.461310 0.652116 0.020833 0.044974
3 0.551339 0.611111 0.023810 0.044974
3 0.367560 0.831349 0.031250 0.085979
6 0.308780 0.883598 0.017857 0.060847
3 0.272321 0.628968 0.026786 0.056878
3 0.312500 0.554894 0.041667 0.027778
3 0.482887 0.558862 0.017857 0.033069
3 0.488095 0.513228 0.017857 0.031746
3 0.460565 0.492063 0.014881 0.029101
4 0.404390 0.512566 0.015625 0.043651
3 0.475074 0.439153 0.014137 0.029101
3 0.389509 0.470238 0.011161 0.025132
3 0.473586 0.407407 0.012649 0.021164
3 0.454613 0.398810 0.010417 0.019841
1 0.305432 0.882937 0.008185 0.025132
1 0.310268 0.884921 0.007440 0.023810
0 0.321429 0.455026 0.005952 0.018519
3 0.387277 0.362434 0.023065 0.018519
3 0.369792 0.358466 0.020833 0.015873
3 0.459077 0.964947 0.034226 0.064815
3 0.333705 0.367725 0.024554 0.018519
0 0.344494 0.453042 0.005952 0.022487
0 0.340402 0.443783 0.008185 0.025132
1 0.444196 0.510582 0.008929 0.015873
1 0.621652 0.872354 0.011161 0.030423
9 0.401786 0.419974 0.005952 0.017196
0 0.527158 0.417989 0.006696 0.015873
0 0.580357 0.548280 0.007440 0.027778
9 0.498140 0.444444 0.006696 0.018519
9 0.492932 0.386243 0.006696 0.015873
9 0.437872 0.350529 0.006696 0.015873
0 0.300595 0.458333 0.007440 0.022487