3 0.033351 0.287115 0.066702 0.086835
0 0.607405 0.718487 0.022584 0.066293
1 0.631303 0.714753 0.022059 0.042017
0 0.610557 0.685341 0.021534 0.072829
0 0.090074 0.142857 0.021534 0.059757
0 0.107143 0.093838 0.021008 0.066293
0 0.046481 0.064893 0.022584 0.060691
0 0.047006 0.150794 0.023634 0.071895
6 0.100053 0.042484 0.043592 0.038282
9 0.050158 0.097572 0.015231 0.060691
6 0.809086 0.690943 0.076155 0.160598
2 0.270746 0.059757 0.021534 0.063492
1 0.274422 0.055556 0.019433 0.056956
0 0.624475 0.115780 0.013655 0.052288
0 0.582983 0.132120 0.014706 0.058824
0 0.594275 0.126517 0.012080 0.053221
0 0.585347 0.115313 0.013130 0.058824
1 0.695378 0.139589 0.018908 0.034547
0 0.717700 0.145191 0.019433 0.056956
9 0.861345 0.871148 0.060924 0.076564
2 0.865546 0.885154 0.060924 0.056022
3 0.375525 0.300654 0.114496 0.085901
3 0.757090 0.484127 0.116071 0.139122
3 0.661502 0.216153 0.097164 0.083100
3 0.412815 0.148459 0.070378 0.091503
3 0.228992 0.400093 0.123950 0.105509
6 0.366334 0.427171 0.071954 0.092437
9 0.789391 0.915500 0.048319 0.083100
1 0.805410 0.933240 0.023634 0.053221
1 0.793330 0.906629 0.037290 0.061625
9 0.314076 0.085901 0.018908 0.048553
1 0.314338 0.074230 0.016282 0.053221
0 0.627889 0.112512 0.015231 0.060691
1 0.381828 0.404295 0.038866 0.065359