3 0.499628 0.498677 0.034970 0.084656
3 0.535714 0.323413 0.034226 0.059524
3 0.546131 0.158730 0.020833 0.034392
3 0.554688 0.971561 0.048363 0.051587
3 0.820685 0.944444 0.122024 0.105820
3 0.024554 0.831349 0.049107 0.101852
3 0.052083 0.726190 0.098214 0.079365
3 0.085565 0.654762 0.098214 0.074074
3 0.123884 0.602513 0.091518 0.072751
5 0.264137 0.661376 0.099702 0.206349
7 0.122024 0.894180 0.084821 0.134921
3 0.289062 0.507275 0.049851 0.099206
3 0.273065 0.457672 0.046131 0.079365
3 0.765997 0.541667 0.058780 0.088624
3 0.364583 0.323413 0.037202 0.064815
3 0.382068 0.272487 0.034970 0.044974
3 0.419271 0.221561 0.030506 0.043651
3 0.416295 0.189153 0.026042 0.039683
3 0.629464 0.317460 0.031250 0.058201
3 0.650298 0.264550 0.044643 0.044974
3 0.500744 0.158069 0.022321 0.035714
6 0.331845 0.781746 0.038690 0.108466
3 0.267485 0.329365 0.037946 0.066138
3 0.783482 0.359788 0.035714 0.058201
3 0.761161 0.313492 0.043155 0.058201
0 0.763393 0.398810 0.010417 0.038360
0 0.834449 0.552249 0.011161 0.030423
0 0.844866 0.555556 0.014137 0.044974
3 0.575893 0.122354 0.016369 0.035714
3 0.547247 0.526455 0.036458 0.095238
3 0.574777 0.197090 0.023065 0.039683