3 0.757353 0.522876 0.031513 0.052288
3 0.747111 0.495798 0.026786 0.037348
0 0.794118 0.506536 0.007353 0.032680
0 0.770746 0.509337 0.005777 0.030812
3 0.642857 0.463585 0.026261 0.043884
3 0.430147 0.914566 0.060924 0.122316
3 0.477416 0.739496 0.045168 0.100840
4 0.495536 0.650794 0.028887 0.067227
3 0.612658 0.412232 0.018382 0.032680
3 0.615284 0.389356 0.018382 0.028011
3 0.546481 0.723623 0.040441 0.087768
4 0.555672 0.591970 0.026261 0.076564
3 0.516282 0.595705 0.025210 0.054155
3 0.527311 0.525210 0.024160 0.051354
3 0.613183 0.348739 0.016282 0.027077
3 0.614496 0.327731 0.012605 0.024276
3 0.515494 0.476657 0.023634 0.038282
3 0.517069 0.864146 0.044643 0.140990
3 0.441702 0.471989 0.029412 0.042017
3 0.476628 0.410831 0.021534 0.033613
3 0.500263 0.367414 0.015231 0.028945
3 0.504989 0.358543 0.014181 0.024276
3 0.512605 0.351074 0.012605 0.022409
3 0.132616 0.522876 0.050945 0.048553
3 0.573004 0.466853 0.024160 0.046685
3 0.558298 0.404762 0.016807 0.028945
3 0.566964 0.345472 0.014181 0.028011
3 0.571691 0.522876 0.021534 0.042951
3 0.579569 0.408497 0.016282 0.027077
3 0.585084 0.390756 0.015756 0.028945
3 0.543592 0.458917 0.023109 0.051354
3 0.538078 0.409897 0.018382 0.033613
9 0.976891 0.760037 0.027311 0.041083
1 0.975578 0.752568 0.014181 0.052288
9 0.792542 0.629318 0.021008 0.048553
9 0.646796 0.424837 0.013130 0.044818
9 0.658876 0.423436 0.011029 0.040149
1 0.647321 0.422035 0.008929 0.041083
1 0.659664 0.421102 0.010504 0.041083
0 0.813288 0.525677 0.011029 0.037348
0 0.785189 0.501401 0.007353 0.029879
0 0.646796 0.566293 0.008929 0.040149
0 0.660452 0.576097 0.008929 0.041083
3 0.737132 0.471522 0.026786 0.031746
1 0.715074 0.582166 0.012080 0.043884
2 0.715074 0.593371 0.020483 0.025210
9 0.468750 0.583100 0.015231 0.032680
1 0.468225 0.574230 0.011029 0.037348
2 0.233193 0.840336 0.016807 0.048553
1 0.235032 0.816527 0.015231 0.043884
0 0.939601 0.566760 0.007353 0.041083
0 0.859506 0.540616 0.011029 0.044818
0 0.949317 0.568627 0.008929 0.029879
1 0.792805 0.619981 0.017332 0.037348
3 0.530725 0.314192 0.013130 0.023343
3 0.576943 0.434641 0.019433 0.032680
3 0.584296 0.367414 0.013130 0.023343
3 0.539916 0.430439 0.022059 0.029879
0 0.874737 0.548086 0.008929 0.037348
0 0.661502 0.575630 0.008929 0.042017
0 0.668592 0.491130 0.008403 0.037348