3 0.498140 0.508598 0.036458 0.085979
3 0.515625 0.339286 0.031250 0.054233
3 0.547247 0.236111 0.024554 0.043651
3 0.543527 0.949735 0.048363 0.095238
3 0.733259 0.597884 0.082589 0.076720
3 0.030134 0.577381 0.052827 0.107143
3 0.083705 0.580688 0.048363 0.089947
3 0.157738 0.537037 0.086310 0.079365
3 0.187500 0.484127 0.075893 0.063492
3 0.211310 0.446429 0.069940 0.064815
3 0.231771 0.419312 0.067708 0.060847
3 0.442708 0.542328 0.035714 0.105820
5 0.339286 0.447090 0.062500 0.129630
7 0.259301 0.568783 0.049851 0.089947
3 0.351190 0.361111 0.035714 0.058201
3 0.333333 0.332672 0.032738 0.056878
3 0.718750 0.382275 0.038690 0.060847
9 0.406994 0.499339 0.016369 0.056878
6 0.424479 0.379630 0.020089 0.058201
3 0.300967 0.238095 0.023065 0.037037
3 0.321057 0.255291 0.026042 0.042328
0 0.896205 0.601852 0.014137 0.050265
3 0.742560 0.270503 0.025298 0.046296
3 0.725074 0.239418 0.031994 0.039683
0 0.727679 0.308201 0.011905 0.039683
3 0.577009 0.154101 0.017113 0.035714
3 0.519345 0.632937 0.046131 0.117725
3 0.579985 0.228836 0.023065 0.039683