4 0.498162 0.752568 0.028887 0.056022
5 0.946954 0.799720 0.102941 0.170868
3 0.879202 0.814192 0.050420 0.056022
3 0.565914 0.744164 0.023634 0.042951
5 0.373424 0.713352 0.074580 0.132586
5 0.421744 0.677404 0.054622 0.086835
4 0.563550 0.755836 0.026261 0.047619
5 0.809349 0.702148 0.082983 0.104575
3 0.508666 0.706816 0.016282 0.029879
3 0.561975 0.698413 0.016807 0.028011
5 0.811712 0.754435 0.042542 0.070962
5 0.614233 0.571429 0.008929 0.016807
3 0.580620 0.668067 0.018382 0.027077
3 0.557511 0.686275 0.016282 0.029879
3 0.666754 0.701681 0.019433 0.032680
3 0.653624 0.670868 0.021534 0.034547
3 0.566702 0.674136 0.014706 0.028011
5 0.517332 0.639589 0.031513 0.065359
3 0.498424 0.740430 0.024160 0.054155
3 0.507616 0.716620 0.016282 0.028945
5 0.431197 0.723156 0.049370 0.105509
5 0.472689 0.668067 0.038866 0.071895
3 0.566702 0.723156 0.021008 0.038282
5 0.518645 0.666200 0.033088 0.073763
3 0.562763 0.714286 0.022584 0.028011
3 0.931723 0.850607 0.061975 0.061625