3 0.038866 0.063959 0.077731 0.073763
9 0.201418 0.030345 0.011029 0.047619
9 0.216387 0.042951 0.009454 0.044818
9 0.230305 0.037348 0.009979 0.050420
3 0.262080 0.037348 0.045168 0.074697
3 0.320641 0.019608 0.053046 0.039216
4 0.903624 0.241363 0.098214 0.092437
0 0.961660 0.637255 0.022059 0.051354
0 0.978204 0.633520 0.015231 0.053221
0 0.876838 0.088235 0.015231 0.043884
0 0.685924 0.028011 0.009454 0.048553
0 0.835347 0.136788 0.015231 0.047619
0 0.245798 0.942577 0.023109 0.051354
0 0.101628 0.036415 0.011029 0.052288
3 0.689863 0.362745 0.095063 0.129785
0 0.848477 0.126984 0.013130 0.044818
0 0.978992 0.144258 0.015756 0.043884
1 0.398372 0.854809 0.027836 0.047619
2 0.400473 0.878151 0.045693 0.051354
0 0.828519 0.891223 0.023634 0.056956
1 0.839023 0.854809 0.020483 0.043884
0 0.870536 0.830532 0.022584 0.047619
1 0.893645 0.790383 0.024685 0.058824
0 0.856355 0.761905 0.026786 0.056022
0 0.937237 0.859477 0.028887 0.053221
0 0.671481 0.034080 0.006828 0.040149
0 0.674107 0.024743 0.006828 0.032680
9 0.436187 0.043417 0.016282 0.027077
1 0.435399 0.029879 0.008403 0.041083
0 0.816439 0.866947 0.018382 0.053221
3 0.765231 0.172736 0.085084 0.097106
0 0.238971 0.599440 0.014706 0.056022
9 0.252363 0.375817 0.033088 0.038282
1 0.243435 0.363679 0.011029 0.040149
9 0.796481 0.283380 0.035189 0.038282
1 0.800158 0.282446 0.016282 0.051354
9 0.672532 0.165733 0.022584 0.042017
1 0.678834 0.159664 0.018382 0.044818
6 0.126313 0.329132 0.039391 0.038282
1 0.131040 0.321662 0.013130 0.045752
2 0.698792 0.149393 0.021534 0.052288
9 0.850578 0.553221 0.038340 0.043884
1 0.854254 0.541083 0.021534 0.047619
9 0.724527 0.043417 0.027836 0.036415
0 0.728729 0.033147 0.008929 0.038282
2 0.769695 0.097572 0.028887 0.025210
3 0.035977 0.239029 0.070903 0.089636