9 0.277574 0.023343 0.006828 0.022409
1 0.278099 0.022409 0.011029 0.026144
4 0.268120 0.027544 0.016282 0.027077
0 0.005252 0.803455 0.010504 0.068161
3 0.307248 0.073296 0.017857 0.028945
2 0.162815 0.824463 0.030462 0.069094
3 0.122637 0.627918 0.110819 0.090570
3 0.888918 0.188142 0.042542 0.036415
3 0.703519 0.056489 0.026786 0.025210
4 0.709821 0.089169 0.026786 0.027077
3 0.946166 0.219888 0.043592 0.032680
3 0.942489 0.193277 0.039391 0.035481
3 0.974527 0.157796 0.037290 0.039216
3 0.342174 0.401027 0.041492 0.068161
4 0.296218 0.249767 0.032563 0.070028
5 0.372899 0.325397 0.039916 0.073763
3 0.413340 0.470588 0.057773 0.069094
3 0.625263 0.627451 0.079307 0.113912
3 0.438813 0.388889 0.035189 0.064426
4 0.377363 0.133053 0.020483 0.036415
3 0.340074 0.253968 0.027836 0.050420
3 0.263393 0.178338 0.021534 0.039216
3 0.243697 0.109711 0.023109 0.030812
3 0.254202 0.080299 0.017857 0.024276
3 0.370798 0.202614 0.026261 0.041083
3 0.248162 0.051821 0.020483 0.030812
3 0.331145 0.138189 0.022584 0.031746
3 0.274947 0.062558 0.016282 0.026144
0 0.133666 0.774510 0.023634 0.075630
0 0.189863 0.755369 0.021534 0.078431
0 0.152836 0.686275 0.018908 0.061625
1 0.170956 0.696545 0.016282 0.039216
9 0.054097 0.733894 0.028361 0.061625
1 0.047269 0.711485 0.018908 0.056022
0 0.007616 0.785247 0.015231 0.069094
3 0.921744 0.209150 0.039916 0.035481
3 0.919380 0.178805 0.036239 0.032680
4 0.854254 0.170401 0.037290 0.032680
4 0.835872 0.163866 0.032038 0.036415
4 0.851628 0.147993 0.036239 0.034547
4 0.835347 0.139589 0.035189 0.032680
3 0.823792 0.159197 0.036239 0.028945
3 0.803309 0.148926 0.033088 0.030812
3 0.781775 0.147059 0.027836 0.027077
3 0.772847 0.139589 0.027836 0.025210
3 0.855830 0.111578 0.027836 0.025210
3 0.837447 0.107843 0.026786 0.028945
3 0.829044 0.098506 0.032038 0.030812
3 0.813288 0.095705 0.025735 0.027077
3 0.800158 0.089169 0.030987 0.032680
3 0.764968 0.076097 0.029937 0.027077
3 0.722426 0.061158 0.026786 0.028945