2 0.047269 0.590103 0.053571 0.063492
0 0.042279 0.597572 0.033088 0.076564
3 0.138918 0.288049 0.113971 0.086835
0 0.528887 0.668534 0.027311 0.072829
1 0.549632 0.667134 0.025735 0.040149
0 0.531250 0.644725 0.021534 0.071895
9 0.943015 0.531279 0.054097 0.054155
6 0.937763 0.472456 0.074055 0.065359
1 0.953519 0.472923 0.021534 0.060691
1 0.926208 0.468254 0.021534 0.049486
0 0.091124 0.139589 0.021534 0.060691
0 0.134716 0.085901 0.020483 0.065359
0 0.099527 0.052288 0.021534 0.059757
0 0.050158 0.139589 0.022584 0.070028
1 0.944853 0.522409 0.024160 0.066293
6 0.102679 0.039216 0.043592 0.039216
9 0.052521 0.094771 0.015756 0.060691
3 0.052784 0.244631 0.105567 0.104575
6 0.815389 0.687208 0.076155 0.160598
2 0.276523 0.056956 0.021534 0.063492
1 0.275735 0.053688 0.018908 0.056956
0 0.563550 0.083567 0.013655 0.051354
0 0.584296 0.130252 0.015231 0.058824
0 0.594800 0.117180 0.012080 0.053221
0 0.593487 0.116246 0.012605 0.058824
1 0.700105 0.135854 0.018908 0.034547
0 0.721901 0.142857 0.019433 0.056022
9 0.870798 0.873016 0.060924 0.076564
2 0.879464 0.889823 0.061450 0.056022
3 0.384979 0.579832 0.120798 0.201681
3 0.635242 0.303922 0.113971 0.084967
3 0.657300 0.755369 0.080357 0.248366
3 0.187237 0.360878 0.130777 0.105509
6 0.225053 0.558824 0.080357 0.114846
0 0.564338 0.081232 0.015231 0.059757
1 0.240546 0.524743 0.039916 0.059757