0 0.836660 0.565359 0.017857 0.060691
2 0.935399 0.512138 0.016807 0.060691
1 0.939338 0.502801 0.017332 0.055089
2 0.962973 0.514006 0.029937 0.036415
4 0.339811 0.606909 0.117647 0.123249
3 0.110032 0.406629 0.106618 0.070028
0 0.431460 0.491597 0.014181 0.058824
6 0.227679 0.372549 0.033088 0.050420
9 0.349790 0.406629 0.016807 0.047619
9 0.361082 0.419701 0.017332 0.045752
9 0.377626 0.420635 0.013655 0.058824
3 0.415704 0.417367 0.045693 0.089636
3 0.486345 0.397759 0.053571 0.084034
9 0.712447 0.274977 0.014181 0.034547
1 0.712973 0.261438 0.009979 0.037348
3 0.636817 0.785247 0.149685 0.132586
4 0.786239 0.316060 0.038866 0.084967
9 0.721376 0.221755 0.020483 0.027077
3 0.829044 0.077498 0.023634 0.046685
3 0.863445 0.056489 0.016807 0.036415
3 0.872111 0.311391 0.036239 0.066293
9 0.977416 0.504669 0.012605 0.053221
0 0.943540 0.021942 0.008929 0.027077
0 0.863445 0.570495 0.018908 0.067227
2 0.977679 0.543884 0.034139 0.036415
1 0.986082 0.530812 0.012080 0.053221
3 0.022584 0.354809 0.045168 0.063492
3 0.151523 0.515873 0.111870 0.092437
2 0.964548 0.607843 0.020483 0.061625
1 0.965599 0.592904 0.019433 0.067227
1 0.791492 0.408964 0.012605 0.050420
3 0.805410 0.238562 0.026786 0.060691
9 0.373162 0.885621 0.049895 0.056956
1 0.368435 0.852941 0.021534 0.073763
3 0.916229 0.018674 0.019433 0.031746
3 0.823792 0.190009 0.024685 0.047619
1 0.921481 0.235761 0.013130 0.034547
9 0.918330 0.251634 0.018382 0.019608
9 0.738183 0.200280 0.018382 0.021475
3 0.898897 0.044351 0.017332 0.036415
5 0.874212 0.484594 0.068803 0.121382
9 0.788340 0.416900 0.015756 0.047619
4 0.951155 0.309991 0.038866 0.067227
3 0.821166 0.141457 0.023634 0.045752
3 0.809086 0.113912 0.027836 0.046685