4 0.488708 0.774043 0.032038 0.056022
5 0.952994 0.827264 0.090861 0.162465
3 0.875788 0.845938 0.056197 0.054155
3 0.557511 0.762372 0.023634 0.043884
5 0.364233 0.735761 0.076155 0.134454
5 0.415441 0.686275 0.057773 0.084034
4 0.556460 0.779645 0.026786 0.050420
5 0.837447 0.729225 0.089811 0.110177
3 0.500000 0.725490 0.016807 0.029879
3 0.555147 0.711485 0.016807 0.028011
5 0.826418 0.790850 0.042542 0.069094
5 0.610294 0.579365 0.014706 0.023343
3 0.575368 0.682073 0.018382 0.027077
3 0.550158 0.695612 0.016282 0.029879
3 0.650473 0.698413 0.022584 0.033613
3 0.491334 0.756769 0.024685 0.043884
3 0.498687 0.734360 0.016282 0.028945
5 0.424107 0.740896 0.049895 0.107376
5 0.462973 0.680672 0.039391 0.072829
3 0.556723 0.737162 0.023109 0.032680
5 0.511292 0.684874 0.033088 0.073763
3 0.553309 0.726424 0.016282 0.031746
3 0.938025 0.896825 0.061975 0.066293