0 0.577994 0.296452 0.007878 0.042017
2 0.873162 0.287582 0.011029 0.041083
1 0.872899 0.280112 0.010504 0.039216
2 0.876313 0.383287 0.029937 0.036415
3 0.205620 0.311858 0.080357 0.061625
0 0.611345 0.348739 0.012605 0.053221
6 0.269170 0.278245 0.033088 0.050420
9 0.368697 0.309991 0.015756 0.039216
9 0.378151 0.315593 0.015756 0.044818
9 0.392857 0.316527 0.013655 0.044818
3 0.425945 0.311391 0.037815 0.064426
3 0.483981 0.299720 0.045693 0.067227
3 0.181197 0.434641 0.095588 0.090570
4 0.742910 0.235761 0.033088 0.070028
9 0.693540 0.165733 0.020483 0.021475
3 0.632616 0.462652 0.102416 0.088702
9 0.884454 0.376751 0.012605 0.053221
3 0.469013 0.581699 0.108193 0.106443
3 0.967700 0.505135 0.062500 0.095238
0 0.602416 0.308123 0.009454 0.046685
6 0.028887 0.288515 0.044118 0.044818
1 0.023897 0.281513 0.014181 0.047619
2 0.891019 0.401027 0.029937 0.036415
1 0.897321 0.390289 0.014181 0.052288
0 0.913866 0.374416 0.012605 0.050420
2 0.985294 0.446779 0.027311 0.042017
3 0.070641 0.267040 0.070903 0.056022
2 0.115021 0.479925 0.024160 0.065359
1 0.113971 0.470588 0.015756 0.050420
1 0.116597 0.484594 0.015756 0.046685
2 0.836397 0.364146 0.015231 0.052288
1 0.837973 0.357143 0.015231 0.047619
2 0.846376 0.280579 0.011029 0.042017
1 0.846639 0.271242 0.009454 0.042017
1 0.787553 0.141457 0.009979 0.036415
3 0.809611 0.061625 0.018382 0.039216
9 0.021796 0.776377 0.043592 0.045752
9 0.014443 0.894958 0.028887 0.034547
3 0.882616 0.060224 0.019433 0.032680
3 0.864758 0.010271 0.018382 0.020542
3 0.829832 0.022876 0.017857 0.028945
9 0.707721 0.150794 0.017332 0.021475
3 0.822216 0.170401 0.025735 0.051354
9 0.786502 0.148459 0.011029 0.031746
4 0.885242 0.237162 0.029937 0.061625