9 0.774947 0.444911 0.032038 0.038282
1 0.777836 0.435574 0.009454 0.051354
9 0.837447 0.460317 0.027836 0.037348
1 0.838498 0.443511 0.011029 0.037348
0 0.729779 0.269841 0.011029 0.044818
3 0.964548 0.450514 0.067752 0.066293
3 0.668592 0.292250 0.036765 0.056022
3 0.652311 0.255836 0.029412 0.042951
0 0.772321 0.405229 0.011029 0.048553
0 0.754464 0.402428 0.011029 0.052288
3 0.619485 0.804855 0.083508 0.197946
3 0.531250 0.643324 0.060399 0.145658
3 0.631303 0.193744 0.024160 0.038282
3 0.596376 0.116246 0.015231 0.027077
3 0.286765 0.242297 0.034664 0.047619
3 0.334821 0.153128 0.021534 0.033613
3 0.361345 0.091503 0.018908 0.033613
3 0.366597 0.078431 0.013655 0.024276
3 0.375000 0.066760 0.013655 0.019608
3 0.404149 0.041083 0.016282 0.028011
3 0.450368 0.283380 0.035189 0.075630
3 0.406513 0.273576 0.028361 0.072829
3 0.397847 0.234360 0.026786 0.042951
3 0.446691 0.399627 0.035189 0.089636
3 0.454307 0.187675 0.019958 0.031746
3 0.455882 0.163866 0.018908 0.028945
3 0.394170 0.350607 0.040441 0.107376
3 0.408351 0.149393 0.021534 0.033613
3 0.522847 0.137255 0.025735 0.041083
3 0.548057 0.309524 0.040441 0.066293
0 0.812763 0.405696 0.012080 0.045752
3 0.642595 0.228291 0.026786 0.038282
1 0.831670 0.444444 0.011029 0.033613
3 0.396796 0.017274 0.012080 0.021475
3 0.449580 0.227824 0.027311 0.050420
3 0.415441 0.203548 0.026261 0.042951
3 0.426208 0.169935 0.021534 0.033613
3 0.492122 0.122782 0.018908 0.036415
3 0.457721 0.140523 0.016282 0.028945
3 0.432248 0.149393 0.018908 0.033613
3 0.509454 0.047619 0.015756 0.033613
3 0.506040 0.014472 0.016282 0.027077
2 0.535452 0.102708 0.018382 0.037348
1 0.534139 0.105042 0.015756 0.036415
3 0.488183 0.049953 0.013130 0.030812
0 0.090074 0.341737 0.011029 0.052288
1 0.084296 0.346405 0.011029 0.048553
3 0.572216 0.056489 0.012080 0.021475
2 0.368697 0.429505 0.037815 0.041083
1 0.368697 0.415966 0.012605 0.056956
0 0.142595 0.391223 0.013130 0.048553
9 0.586922 0.553221 0.017332 0.066293
9 0.564076 0.400093 0.024160 0.040149
1 0.591912 0.544351 0.013655 0.059757
1 0.560662 0.394958 0.015231 0.056022