3 0.020483 0.333800 0.027311 0.071895
3 0.017595 0.267974 0.030987 0.065359
3 0.727153 0.053221 0.024685 0.052288
8 0.390756 0.864146 0.074580 0.189542
3 0.699317 0.250700 0.022584 0.056956
3 0.685924 0.172736 0.030462 0.061625
4 0.458246 0.665266 0.027836 0.064426
3 0.623162 0.381419 0.030987 0.062558
2 0.172532 0.190943 0.014181 0.017740
0 0.493435 0.361811 0.012080 0.017740
0 0.573267 0.861345 0.012080 0.025210
0 0.714023 0.296452 0.007878 0.014006
0 0.313025 0.695145 0.007353 0.014006
3 0.639706 0.233894 0.027311 0.058824
3 0.566964 0.322596 0.030987 0.062558
3 0.597952 0.298786 0.026786 0.057890
3 0.639706 0.146592 0.027311 0.061625
3 0.306460 0.589169 0.040441 0.039216
3 0.325368 0.554622 0.037290 0.046685
3 0.332983 0.514939 0.038866 0.043884
3 0.252101 0.558357 0.038866 0.046685
3 0.279149 0.529412 0.037290 0.041083
3 0.285189 0.482260 0.038866 0.045752
3 0.209821 0.526611 0.035189 0.039216
4 0.230042 0.497666 0.039916 0.044818
3 0.240284 0.451447 0.034139 0.038282
3 0.164128 0.504669 0.040441 0.043884
3 0.182248 0.467787 0.039916 0.048553
3 0.198529 0.430906 0.037815 0.043884
3 0.717437 0.672736 0.039916 0.043884
3 0.721113 0.627918 0.035714 0.045752
3 0.726891 0.579832 0.035714 0.039216
3 0.748162 0.552288 0.040441 0.043884
3 0.754464 0.700747 0.034139 0.036415
3 0.776786 0.662932 0.039916 0.046685
3 0.781250 0.613445 0.041492 0.046685
3 0.804359 0.583567 0.043592 0.048553
3 0.793592 0.721289 0.038866 0.043884
3 0.829569 0.645658 0.040441 0.043884
3 0.842437 0.752101 0.039916 0.043884
3 0.920168 0.696545 0.043067 0.044818
3 0.884716 0.775444 0.042542 0.045752
3 0.929097 0.798319 0.039916 0.046685
3 0.517857 0.851074 0.036765 0.062558
5 0.565126 0.484127 0.039916 0.105509
3 0.450368 0.820261 0.030987 0.070028
5 0.487395 0.649393 0.025210 0.070028
3 0.495798 0.397759 0.035714 0.046685
3 0.149160 0.402894 0.039916 0.043884
3 0.132616 0.439776 0.040441 0.042951
3 0.105567 0.476657 0.040966 0.047619
3 0.097426 0.379552 0.040441 0.038282
3 0.062500 0.442577 0.040966 0.048553
3 0.077994 0.261905 0.040441 0.049486
3 0.138655 0.302521 0.045168 0.048553
4 0.051208 0.290383 0.035189 0.048553
3 0.570116 0.387021 0.030987 0.066293
3 0.672269 0.124183 0.025210 0.061625
5 0.576681 0.570962 0.055672 0.111111
0 0.565389 0.243697 0.012080 0.022409
9 0.584296 0.190943 0.009979 0.025210
8 0.010767 0.146125 0.021534 0.083100
4 0.975053 0.825397 0.044643 0.048553
3 0.035452 0.401027 0.024685 0.066293
3 0.008403 0.409897 0.016807 0.042951