4 0.480042 0.770775 0.032563 0.056956
5 0.963235 0.825397 0.071429 0.126984
3 0.864496 0.835201 0.051471 0.053221
3 0.547532 0.758637 0.023634 0.043884
5 0.354254 0.727358 0.076155 0.134454
5 0.406250 0.683940 0.066702 0.088702
4 0.545956 0.774977 0.026786 0.052288
5 0.860819 0.752568 0.096639 0.125117
3 0.494748 0.723156 0.017857 0.030812
3 0.548057 0.700280 0.017332 0.028011
5 0.822479 0.785714 0.044118 0.056956
5 0.604779 0.580766 0.016282 0.024276
3 0.566439 0.674603 0.016282 0.027077
3 0.538603 0.690009 0.015231 0.029879
3 0.635504 0.673203 0.022059 0.039216
3 0.481355 0.751167 0.024685 0.043884
3 0.488708 0.730626 0.016282 0.028945
5 0.414128 0.739963 0.049895 0.109244
5 0.455095 0.678338 0.042542 0.071895
3 0.546744 0.731559 0.022059 0.034547
5 0.501313 0.680205 0.033088 0.073763
3 0.545431 0.715219 0.016282 0.031746
3 0.957721 0.920635 0.073004 0.072829