9 0.583508 0.014006 0.012605 0.026144
3 0.643908 0.037815 0.049370 0.045752
0 0.731880 0.098506 0.012080 0.045752
1 0.629727 0.139589 0.014706 0.064426
1 0.761817 0.331933 0.013130 0.060691
1 0.774685 0.334734 0.016807 0.049486
3 0.286765 0.451914 0.127101 0.138189
0 0.260767 0.736228 0.020483 0.073763
0 0.267332 0.703548 0.023109 0.096172
3 0.244748 0.587768 0.029412 0.086835
9 0.307511 0.572362 0.034139 0.102708
3 0.603992 0.310924 0.057773 0.100840
0 0.793330 0.703081 0.023634 0.098973
0 0.923319 0.858077 0.033613 0.097106
0 0.950368 0.935574 0.035189 0.108310
0 0.952206 0.893557 0.034664 0.100840
4 0.569590 0.175537 0.040441 0.076564
4 0.381303 0.269374 0.053571 0.129785
3 0.559086 0.101307 0.036239 0.058824
3 0.477416 0.698413 0.076681 0.237162
3 0.558824 0.044818 0.029412 0.050420
9 0.478466 0.478992 0.018908 0.072829
1 0.477941 0.455649 0.018908 0.078431
1 0.628939 0.145658 0.017332 0.050420
3 0.497899 0.362745 0.050420 0.114846
6 0.415704 0.120915 0.022584 0.053221
0 0.383666 0.165266 0.015231 0.054155
3 0.497899 0.219888 0.042017 0.084967
3 0.501050 0.128852 0.034664 0.070962
2 0.591124 0.053221 0.012080 0.039216
6 0.718750 0.382353 0.026786 0.081232
1 0.590861 0.041083 0.012605 0.031746
1 0.717437 0.363679 0.016807 0.045752
0 0.730042 0.380019 0.019958 0.072829
9 0.780725 0.428105 0.041492 0.049486
0 0.770221 0.316993 0.015231 0.064426
0 0.810662 0.373016 0.017332 0.077498
9 0.769433 0.348739 0.035714 0.047619
0 0.784926 0.314659 0.015231 0.063492
9 0.746324 0.358077 0.038866 0.045752
0 0.685399 0.130719 0.012605 0.050420
0 0.694065 0.127451 0.009979 0.055089
0 0.614496 0.049020 0.012605 0.040149
3 0.687500 0.072362 0.067227 0.058824
0 0.630252 0.070495 0.012605 0.040149
0 0.751313 0.228291 0.017332 0.064426
0 0.633666 0.058357 0.012080 0.036415