2 0.095326 0.244164 0.011029 0.034547
2 0.108981 0.248833 0.011029 0.036415
2 0.122111 0.246032 0.012080 0.038282
3 0.150473 0.226891 0.042542 0.067227
3 0.193015 0.187208 0.046744 0.062558
0 0.228729 0.342204 0.012080 0.047619
3 0.669118 0.269841 0.065126 0.059757
0 0.559611 0.084034 0.006828 0.026144
0 0.563813 0.076097 0.007878 0.023343
3 0.051733 0.308590 0.071954 0.053221
0 0.497374 0.141923 0.008403 0.041083
0 0.608718 0.154995 0.014706 0.033613
6 0.460872 0.220822 0.023634 0.062558
0 0.662027 0.725023 0.016282 0.028945
0 0.653887 0.699346 0.015756 0.041083
0 0.648897 0.464052 0.011029 0.041083
0 0.662553 0.469188 0.011029 0.043884
0 0.639443 0.455649 0.008929 0.037348
0 0.902048 0.904295 0.017332 0.043884
6 0.544380 0.913632 0.021534 0.090570
0 0.488971 0.143791 0.009454 0.037348
0 0.648897 0.719421 0.014181 0.043884
3 0.568277 0.243231 0.066176 0.066293
0 0.793330 0.348739 0.014181 0.040149
3 0.596901 0.922502 0.045693 0.151261
2 0.616859 0.326331 0.023634 0.032680
3 0.295693 0.457983 0.079832 0.098039
3 0.358718 0.655462 0.058824 0.130719
3 0.401261 0.964519 0.047269 0.070962
3 0.413866 0.361811 0.039916 0.107376
0 0.632616 0.972923 0.015231 0.039216
2 0.695641 0.901961 0.034139 0.037348
2 0.679097 0.809991 0.031513 0.040149
2 0.035977 0.966853 0.037290 0.043884
2 0.015756 0.894958 0.031513 0.042017
2 0.305410 0.666200 0.018382 0.043884
6 0.243435 0.621382 0.036239 0.096172
3 0.350578 0.317927 0.035189 0.103641
3 0.362658 0.190943 0.028887 0.086835
3 0.979254 0.557890 0.040441 0.068161
3 0.684874 0.346405 0.071429 0.059757
2 0.462973 0.119048 0.009979 0.055089
0 0.775735 0.344071 0.010504 0.043884
2 0.135504 0.685808 0.021008 0.053221
0 0.242122 0.125584 0.009454 0.042017
2 0.478204 0.142857 0.011029 0.044818
2 0.489233 0.221289 0.013130 0.048553
2 0.547532 0.385621 0.011029 0.044818
0 0.605567 0.433707 0.010504 0.047619
0 0.559611 0.391223 0.008929 0.041083
0 0.594800 0.549020 0.011029 0.044818
2 0.488183 0.178338 0.017332 0.044818
0 0.675683 0.552754 0.011029 0.041083
2 0.505515 0.269841 0.015231 0.041083
2 0.568540 0.349206 0.021534 0.041083
2 0.442489 0.284314 0.017332 0.040149
2 0.442489 0.256769 0.017332 0.044818
2 0.600840 0.307656 0.024160 0.032680
0 0.395746 0.186741 0.008929 0.044818
9 0.769695 0.967320 0.042542 0.063492
0 0.712447 0.983193 0.015231 0.031746
0 0.743697 0.908964 0.022059 0.049486
0 0.748950 0.883287 0.010504 0.042951
0 0.725840 0.893091 0.014706 0.056956
0 0.735032 0.877218 0.009979 0.056956
2 0.884191 0.973856 0.033088 0.039216
2 0.892857 0.963119 0.031513 0.040149
2 0.850053 0.908964 0.029937 0.042017
2 0.849002 0.891223 0.032038 0.028945
2 0.867384 0.892157 0.024685 0.028945
2 0.870273 0.859477 0.038866 0.042017
0 0.884454 0.778711 0.024160 0.042951
2 0.835084 0.828665 0.016807 0.070028
0 0.767595 0.774043 0.015231 0.046685
0 0.760504 0.760037 0.015756 0.046685
2 0.884979 0.663866 0.024160 0.056022
2 0.903361 0.662465 0.016807 0.058824
2 0.921481 0.669001 0.023634 0.045752
0 0.601628 0.117180 0.012080 0.038282
0 0.610819 0.109711 0.008403 0.027077
0 0.611870 0.098973 0.006303 0.026144
0 0.591649 0.091036 0.012080 0.032680