3 0.434710 0.430886 0.050223 0.046958
1 0.196615 0.290675 0.010789 0.028439
9 0.195499 0.297950 0.018229 0.016534
3 0.015067 0.233135 0.020461 0.035053
2 0.401228 0.303902 0.009301 0.025794
3 0.103981 0.274802 0.035342 0.039021
3 0.961124 0.652447 0.077009 0.090608
9 0.280692 0.319114 0.016741 0.021825
1 0.279948 0.311177 0.010045 0.027116
1 0.283668 0.313161 0.010045 0.024471
3 0.240513 0.323082 0.040551 0.044312
3 0.349516 0.362765 0.051711 0.039021
5 0.471540 0.396825 0.068824 0.059524
3 0.594680 0.369378 0.034598 0.040344
1 0.780320 0.475198 0.016741 0.048280
3 0.503534 0.239087 0.016741 0.031085
9 0.663132 0.441468 0.030878 0.029762
1 0.666109 0.435516 0.013021 0.041667
3 0.445126 0.153108 0.012277 0.020503
8 0.760603 0.496032 0.141741 0.132275
3 0.266555 0.378638 0.036830 0.041667
3 0.219680 0.288690 0.031622 0.032407
2 0.396763 0.313161 0.008557 0.025794
2 0.404576 0.311177 0.009301 0.032407
3 0.494048 0.938823 0.069196 0.118386
3 0.508743 0.790675 0.052455 0.135582
1 0.786272 0.962632 0.018229 0.049603
0 0.772879 0.950066 0.023438 0.077381
2 0.784040 0.957341 0.022693 0.078704
8 0.632999 0.851190 0.099330 0.294974
5 0.448847 0.289352 0.023438 0.042989
3 0.474144 0.290675 0.021205 0.033730
3 0.449591 0.264550 0.017485 0.027778
3 0.480469 0.276124 0.015253 0.028439
8 0.444382 0.241071 0.026414 0.068122
3 0.470796 0.262235 0.015997 0.029762
6 0.504278 0.178241 0.012277 0.020503
2 0.780506 0.484127 0.027530 0.031746
3 0.474144 0.251984 0.018229 0.027778
3 0.467076 0.237765 0.017485 0.025794
3 0.463728 0.227844 0.013021 0.027116
3 0.434338 0.204696 0.014509 0.027116
4 0.426897 0.184524 0.013765 0.021164
4 0.420945 0.171958 0.013021 0.017196
5 0.455543 0.196759 0.018229 0.031085
3 0.442894 0.187831 0.013021 0.022487
5 0.334635 0.194444 0.027902 0.042328