8 0.478466 0.726891 0.082983 0.193277
5 0.534664 0.620915 0.088235 0.140056
3 0.412290 0.252568 0.031513 0.049486
3 0.375263 0.183473 0.030987 0.042017
3 0.356355 0.213352 0.027836 0.040149
3 0.307773 0.125117 0.026261 0.031746
3 0.283351 0.092904 0.021534 0.030812
4 0.349790 0.097106 0.023109 0.033613
3 0.438550 0.448646 0.048319 0.079365
3 0.408613 0.534547 0.052521 0.096172
3 0.383403 0.362745 0.042017 0.070028
3 0.295431 0.243231 0.028887 0.049486
3 0.259191 0.019608 0.016282 0.026144
3 0.291229 0.050887 0.034139 0.023343
3 0.186712 0.077965 0.021534 0.040149
0 0.238971 0.746499 0.018908 0.075630
0 0.216649 0.739029 0.020483 0.075630
0 0.300420 0.646592 0.026261 0.066293
1 0.316702 0.640990 0.013655 0.034547
9 0.049107 0.716620 0.028887 0.073763
1 0.048319 0.707750 0.026261 0.054155
0 0.012342 0.776377 0.024685 0.073763
3 0.918330 0.207283 0.036239 0.037348
3 0.917279 0.178805 0.035189 0.032680
4 0.850840 0.168067 0.036765 0.033613
3 0.835084 0.161998 0.031513 0.036415
4 0.849527 0.144725 0.035189 0.033613
8 0.833771 0.139122 0.035189 0.035481
3 0.821429 0.158263 0.033613 0.028945
3 0.801996 0.147993 0.033613 0.032680
3 0.809349 0.140990 0.030462 0.035481
3 0.780725 0.142857 0.028887 0.028011
3 0.771008 0.135854 0.028361 0.027077
3 0.779937 0.121382 0.034664 0.029879
4 0.756303 0.103641 0.031513 0.031746
3 0.853729 0.108310 0.026786 0.024276
3 0.834296 0.104108 0.025735 0.027077
3 0.826681 0.095238 0.029412 0.028011
3 0.811712 0.093371 0.025735 0.028011
3 0.798057 0.087768 0.029937 0.031746
3 0.762868 0.072829 0.029937 0.026144
4 0.721376 0.058824 0.026786 0.028011