3 0.727307 0.517857 0.026042 0.038360
4 0.853795 0.708995 0.021577 0.026455
4 0.837798 0.675265 0.026786 0.033069
4 0.872024 0.593254 0.019345 0.046296
3 0.887649 0.643519 0.020833 0.048942
3 0.124628 0.600529 0.029018 0.034392
3 0.197917 0.490079 0.025298 0.033069
3 0.011533 0.619709 0.021577 0.046296
3 0.853423 0.172619 0.026786 0.033069
5 0.959821 0.114418 0.031250 0.041005
4 0.713170 0.149471 0.023065 0.042328
4 0.739211 0.228836 0.030506 0.029101
3 0.296503 0.230820 0.018601 0.054233
3 0.258185 0.208995 0.019345 0.047619
3 0.249628 0.156085 0.018601 0.052910
3 0.282738 0.151455 0.017857 0.043651
3 0.332217 0.179233 0.023065 0.048942
4 0.158482 0.647487 0.028274 0.038360
3 0.193824 0.625661 0.027530 0.031746
8 0.743676 0.296958 0.063244 0.030423
3 0.594122 0.170635 0.026042 0.039683
9 0.341146 0.243386 0.009673 0.029101
3 0.062872 0.675926 0.021577 0.031746
3 0.281250 0.507275 0.026786 0.038360
4 0.319940 0.445767 0.017857 0.042328
3 0.353423 0.658069 0.028274 0.035714
3 0.249256 0.589947 0.029762 0.034392
3 0.529018 0.729497 0.028274 0.038360
5 0.601935 0.742063 0.029762 0.026455
5 0.669271 0.716931 0.024554 0.037037
3 0.151786 0.612434 0.028274 0.034392
4 0.257440 0.557540 0.023810 0.030423
3 0.319196 0.520503 0.028274 0.035714
9 0.309896 0.500000 0.012649 0.018519
3 0.374256 0.492063 0.026786 0.037037
3 0.640253 0.652116 0.024554 0.039683
4 0.655878 0.679894 0.026042 0.039683
3 0.668527 0.607143 0.023065 0.039683
3 0.681548 0.636243 0.023810 0.039683
4 0.698661 0.562169 0.025298 0.037037
4 0.709077 0.594577 0.023810 0.035714
7 0.742932 0.158069 0.014137 0.033069
3 0.037946 0.218915 0.028274 0.038360
7 0.811384 0.496032 0.021577 0.037037
0 0.030506 0.661376 0.013393 0.018519