3 0.911086 0.783069 0.108631 0.085979
3 0.827195 0.660384 0.080729 0.061508
3 0.808408 0.605159 0.069196 0.048942
3 0.780320 0.565476 0.071057 0.043651
3 0.765811 0.542659 0.066592 0.046958
3 0.750744 0.510251 0.053571 0.039021
3 0.734375 0.398148 0.028274 0.030423
3 0.717448 0.381614 0.024182 0.023810
4 0.417225 0.377646 0.019717 0.035714
3 0.293155 0.367063 0.024554 0.029101
5 0.329427 0.353836 0.029390 0.064815
9 0.781064 0.980159 0.041295 0.038360
1 0.782180 0.970238 0.017485 0.058201
0 0.841332 0.865741 0.018229 0.074074
0 0.785900 0.704365 0.017485 0.055556
0 0.827381 0.701720 0.012649 0.050265
0 0.880022 0.712963 0.012277 0.058201
0 0.885975 0.726190 0.013021 0.050265
0 0.872768 0.747685 0.012649 0.042989
3 0.528088 0.346230 0.013765 0.021825
3 0.524182 0.843915 0.048363 0.117725
3 0.426711 0.756283 0.040179 0.090608
3 0.443824 0.632937 0.034226 0.062169
3 0.545945 0.585648 0.028646 0.052249
3 0.503534 0.542989 0.026414 0.044974
3 0.460938 0.543651 0.027530 0.048942
3 0.520275 0.448743 0.021205 0.035053
3 0.480097 0.408399 0.021205 0.036376
3 0.493862 0.477183 0.023438 0.041667
3 0.492746 0.331349 0.017485 0.029101
3 0.483259 0.361111 0.018601 0.034392
3 0.528274 0.391534 0.016369 0.029101
3 0.507812 0.383929 0.018601 0.029762
3 0.492932 0.304894 0.015625 0.027778
3 0.509115 0.346230 0.016741 0.025794
3 0.547247 0.493056 0.027530 0.045635
3 0.629650 0.937169 0.073289 0.121693
3 0.890253 0.958333 0.081101 0.078042
3 0.742001 0.887897 0.075521 0.117063
3 0.550967 0.397487 0.018601 0.027778
3 0.625930 0.628968 0.037574 0.062169
3 0.578683 0.478836 0.026414 0.038360
3 0.378906 0.578704 0.034598 0.060847
3 0.151228 0.648479 0.061384 0.087963
3 0.146391 0.858135 0.079985 0.125000
3 0.162202 0.727513 0.057292 0.087302
3 0.317150 0.612765 0.043527 0.070767
3 0.396949 0.531085 0.030506 0.064815
3 0.292411 0.569775 0.040179 0.062831
3 0.250000 0.517857 0.041667 0.052910
3 0.409412 0.487434 0.024182 0.048942
3 0.416481 0.455688 0.023438 0.033069
3 0.368862 0.492725 0.030134 0.048942
3 0.362351 0.443452 0.028274 0.041667
3 0.312128 0.430225 0.027530 0.040344
3 0.969680 0.929233 0.059152 0.092593
3 0.948103 0.875331 0.103051 0.105159
3 0.939360 0.822751 0.119792 0.087302