5 0.614758 0.485994 0.017332 0.038282
3 0.532300 0.399160 0.026786 0.083100
3 0.123950 0.382820 0.026261 0.024276
3 0.584559 0.706349 0.026261 0.053221
3 0.660189 0.859010 0.045168 0.065359
3 0.772321 0.396825 0.026786 0.024276
9 0.541754 0.512138 0.011029 0.032680
1 0.540966 0.511204 0.008403 0.028945
3 0.832195 0.286648 0.021534 0.028011
4 0.542279 0.328198 0.008929 0.021475
3 0.409664 0.568627 0.017857 0.039216
3 0.450893 0.400093 0.013130 0.027077
5 0.429097 0.189076 0.014706 0.030812
3 0.506303 0.284314 0.012605 0.017740
3 0.398372 0.439776 0.016282 0.033613
3 0.414128 0.383287 0.014181 0.027077
5 0.492384 0.249767 0.012080 0.025210
3 0.419380 0.339402 0.012080 0.021475
3 0.445641 0.341270 0.012080 0.021475
4 0.466649 0.265640 0.013130 0.032680
5 0.542279 0.206816 0.014181 0.030812