2 0.430246 0.288690 0.008557 0.029762
3 0.033296 0.207341 0.029390 0.032407
3 0.089472 0.228505 0.030878 0.039021
5 0.153460 0.256283 0.043527 0.048280
3 0.518415 0.178241 0.017485 0.025794
1 0.640253 0.325066 0.014881 0.028439
3 0.487537 0.147156 0.015253 0.025794
9 0.331659 0.310847 0.030878 0.027778
1 0.332775 0.302249 0.013021 0.038360
3 0.399368 0.101521 0.012277 0.020503
8 0.281436 0.298611 0.076265 0.069444
3 0.467448 0.616402 0.065104 0.087302
3 0.254278 0.271495 0.027902 0.032407
2 0.425781 0.297288 0.008557 0.025794
2 0.434338 0.292659 0.009301 0.028439
3 0.520461 0.926257 0.072173 0.144841
4 0.534412 0.769511 0.052455 0.135582
1 0.810082 0.949735 0.021205 0.047619
0 0.798177 0.930225 0.023438 0.077381
2 0.808966 0.944114 0.022693 0.078704
8 0.654576 0.819114 0.084449 0.360450
5 0.475632 0.272487 0.023438 0.042328
3 0.504650 0.276786 0.021205 0.033730
3 0.478981 0.251984 0.017485 0.030423
3 0.512277 0.262566 0.016369 0.029101
8 0.474144 0.219577 0.026414 0.068783
3 0.500372 0.245040 0.016369 0.029762
4 0.944382 0.555556 0.082217 0.080688
6 0.579055 0.211640 0.012277 0.023810
2 0.642299 0.334325 0.015997 0.028439
3 0.504278 0.231812 0.018229 0.028439
3 0.496094 0.219246 0.016741 0.025794
3 0.492188 0.208003 0.012649 0.027116
3 0.462612 0.187169 0.014509 0.023810
4 0.458147 0.170966 0.013021 0.019180
4 0.454985 0.161706 0.012649 0.019180
5 0.485305 0.178902 0.018229 0.029762
3 0.473772 0.173942 0.013021 0.022487
5 0.364397 0.174603 0.027158 0.042328