3 0.032300 0.301587 0.035189 0.059757
3 0.034926 0.239963 0.040441 0.054155
3 0.717437 0.832400 0.037815 0.042017
3 0.540179 0.684874 0.027836 0.060691
3 0.496586 0.871148 0.034139 0.065359
3 0.455620 0.852007 0.034139 0.071895
3 0.632878 0.254435 0.030462 0.064426
9 0.391019 0.841270 0.012080 0.024276
2 0.449842 0.341270 0.016282 0.017740
9 0.371061 0.868347 0.009979 0.022409
0 0.392332 0.660598 0.009454 0.014006
9 0.412553 0.325864 0.016282 0.022409
0 0.638918 0.668067 0.012080 0.025210
0 0.643645 0.522409 0.007878 0.014006
0 0.350053 0.758170 0.007878 0.016807
3 0.309874 0.589169 0.039916 0.039216
3 0.328256 0.556022 0.037815 0.045752
3 0.337710 0.517274 0.037815 0.044818
3 0.255252 0.557423 0.038866 0.044818
3 0.283613 0.529412 0.037815 0.041083
3 0.289391 0.483193 0.038866 0.045752
3 0.214548 0.528945 0.037290 0.038282
4 0.233193 0.497666 0.039916 0.044818
3 0.242122 0.452848 0.033613 0.041083
3 0.168067 0.504202 0.040966 0.044818
3 0.185137 0.469188 0.039391 0.047619
3 0.200630 0.430439 0.037815 0.044818
3 0.717174 0.677404 0.040441 0.043884
3 0.719538 0.637255 0.035714 0.045752
3 0.721113 0.585434 0.035714 0.039216
3 0.743697 0.555089 0.039916 0.043884
3 0.750788 0.702614 0.034139 0.036415
3 0.780462 0.671335 0.039916 0.046685
3 0.825893 0.652194 0.041492 0.045752
3 0.801733 0.593371 0.040441 0.045752
3 0.791229 0.726891 0.038340 0.043884
3 0.837185 0.757703 0.039916 0.043884
3 0.882090 0.781046 0.042542 0.045752
3 0.925420 0.805789 0.039916 0.046685
3 0.098739 0.373483 0.040966 0.039216
3 0.033088 0.353875 0.040966 0.037348
3 0.110294 0.474790 0.040966 0.047619
3 0.068803 0.442577 0.040966 0.048553
3 0.107931 0.282913 0.038340 0.042951
3 0.168855 0.316060 0.043592 0.049486
4 0.066964 0.281979 0.039391 0.042951
8 0.494748 0.652194 0.022059 0.146592
3 0.899685 0.929505 0.039916 0.051354
5 0.608456 0.403361 0.028887 0.061625
5 0.380777 0.946312 0.054622 0.098039
3 0.717174 0.093838 0.025735 0.060691
3 0.643908 0.723623 0.036765 0.063492
3 0.603466 0.633053 0.025210 0.069094
8 0.499212 0.367880 0.083508 0.082166
3 0.756040 0.034080 0.032038 0.056956
3 0.565651 0.432306 0.028361 0.069094
3 0.584821 0.319328 0.028887 0.061625
4 0.973214 0.831933 0.048319 0.048553
3 0.040179 0.400560 0.024685 0.065359
3 0.014181 0.409897 0.028361 0.042951