1 0.464023 0.058824 0.012080 0.031746
1 0.480305 0.064893 0.012080 0.032680
9 0.464286 0.085434 0.015756 0.030812
9 0.479254 0.082633 0.013130 0.032680
0 0.694590 0.049020 0.008929 0.038282
0 0.702468 0.054622 0.008929 0.038282
1 0.710609 0.052754 0.009454 0.043884
0 0.746586 0.039683 0.012080 0.038282
0 0.711922 0.040616 0.012080 0.038282
2 0.728729 0.037815 0.012080 0.030812
3 0.383141 0.209617 0.096113 0.077498
3 0.672006 0.338469 0.097164 0.112979
6 0.516019 0.270308 0.069853 0.083100
3 0.507616 0.164332 0.088761 0.059757
3 0.288603 0.294118 0.118172 0.080299
3 0.819065 0.257703 0.071954 0.087768
3 0.332195 0.253501 0.088761 0.075630
3 0.171744 0.244164 0.108193 0.086835
3 0.173319 0.189076 0.101891 0.064426
0 0.944328 0.497199 0.034664 0.092437
3 0.761555 0.157796 0.088235 0.057890
3 0.909401 0.149860 0.075105 0.064426
3 0.076681 0.288982 0.107143 0.073763
0 0.259716 0.116246 0.013130 0.049486
0 0.272847 0.115780 0.014181 0.056022
2 0.715074 0.550420 0.064601 0.062558
1 0.714023 0.522876 0.024685 0.100840
2 0.858981 0.553688 0.065651 0.059757
1 0.863971 0.524276 0.034664 0.096172
9 0.055935 0.784314 0.039391 0.112045
1 0.048845 0.790383 0.027311 0.062558
1 0.056985 0.762372 0.045693 0.088702
9 0.479254 0.244631 0.033088 0.042951
1 0.477153 0.231559 0.023634 0.056022
3 0.497899 0.034080 0.025210 0.045752
0 0.515756 0.614846 0.025210 0.109244
0 0.525735 0.605042 0.028361 0.110177
1 0.207983 0.047152 0.011555 0.049486
1 0.200630 0.042951 0.008403 0.042951
1 0.194065 0.044351 0.012080 0.043884
1 0.183561 0.049486 0.012080 0.044818
1 0.173582 0.041083 0.012080 0.039216
1 0.166492 0.056956 0.012605 0.042951