3 0.503720 0.477513 0.028274 0.071429
3 0.491815 0.728836 0.050595 0.124339
3 0.564732 0.410714 0.026786 0.062169
3 0.822173 0.422619 0.065476 0.043651
3 0.904762 0.429894 0.063988 0.039683
3 0.472470 0.205026 0.016369 0.034392
3 0.501860 0.195106 0.017113 0.033069
3 0.523810 0.119709 0.013393 0.022487
0 0.731399 0.452381 0.010417 0.044974
0 0.794643 0.446429 0.010417 0.038360
3 0.603051 0.130952 0.014137 0.031746
3 0.546875 0.021164 0.010417 0.015873
3 0.533482 0.015873 0.010417 0.015873
9 0.437872 0.220238 0.009673 0.022487
3 0.688988 0.122354 0.016369 0.027778
3 0.585565 0.166667 0.014881 0.031746
3 0.577753 0.095238 0.014137 0.026455
3 0.552083 0.121693 0.016369 0.029101
3 0.691592 0.358466 0.058780 0.042328
3 0.752976 0.623677 0.068452 0.056878
0 0.743676 0.289021 0.011161 0.030423
0 0.727679 0.290344 0.008929 0.030423
5 0.068080 0.587963 0.104911 0.093915
3 0.655878 0.089947 0.027530 0.018519
3 0.638765 0.081349 0.027530 0.017196
0 0.633929 0.177249 0.010417 0.026455
3 0.650298 0.018519 0.008929 0.018519
1 0.438244 0.208995 0.008929 0.026455
1 0.607143 0.283730 0.005952 0.017196
9 0.606027 0.296296 0.006696 0.021164
9 0.466890 0.113757 0.008185 0.018519
0 0.414435 0.152116 0.005952 0.026455
9 0.096354 0.360450 0.024554 0.027778