9 0.272321 0.018207 0.006828 0.021475
1 0.273372 0.016340 0.011029 0.023343
4 0.260767 0.017274 0.016282 0.025210
0 0.003151 0.804388 0.006303 0.068161
3 0.299895 0.060224 0.017857 0.028945
2 0.162290 0.823529 0.030462 0.069094
3 0.196166 0.623249 0.106618 0.090570
3 0.888918 0.188142 0.042542 0.036415
3 0.703519 0.056489 0.026786 0.025210
4 0.709821 0.089169 0.026786 0.027077
3 0.946166 0.218954 0.043592 0.032680
3 0.941964 0.192344 0.039391 0.035481
3 0.974002 0.156863 0.037290 0.039216
3 0.351103 0.424837 0.043592 0.076564
4 0.306985 0.276844 0.035189 0.077498
5 0.385504 0.350607 0.039916 0.073763
3 0.433036 0.442110 0.047794 0.066293
3 0.551471 0.500467 0.058824 0.082166
3 0.427784 0.342670 0.034139 0.057890
4 0.377363 0.133053 0.020483 0.036415
3 0.350840 0.271709 0.029412 0.052288
3 0.275735 0.209150 0.023109 0.042951
3 0.256828 0.130252 0.024160 0.034547
3 0.254727 0.087768 0.017857 0.026144
3 0.357405 0.176937 0.024685 0.038282
3 0.248162 0.050887 0.020483 0.030812
3 0.320641 0.116713 0.021534 0.031746
3 0.271796 0.056956 0.015231 0.026144
0 0.160977 0.771709 0.023634 0.075630
0 0.207721 0.750700 0.021534 0.078431
0 0.158613 0.686275 0.018908 0.061625
1 0.175158 0.696545 0.016282 0.039216
9 0.053834 0.733894 0.027836 0.061625
1 0.047269 0.709617 0.018908 0.056022
0 0.008141 0.785714 0.016282 0.070028
3 0.921481 0.209150 0.040441 0.035481
3 0.919380 0.178805 0.036239 0.032680
4 0.853729 0.169468 0.037290 0.032680
4 0.835347 0.163866 0.032038 0.036415
4 0.851103 0.147059 0.036239 0.034547
4 0.834821 0.138655 0.035189 0.032680
3 0.823792 0.158263 0.036239 0.028945
3 0.803309 0.147993 0.033088 0.030812
3 0.781775 0.146125 0.027836 0.027077
3 0.772321 0.138655 0.027836 0.025210
3 0.855305 0.110644 0.027836 0.025210
3 0.836922 0.107843 0.026786 0.028945
3 0.828519 0.097572 0.032038 0.030812
3 0.813288 0.095705 0.025735 0.027077
3 0.800158 0.089169 0.030987 0.032680
3 0.764443 0.075163 0.029937 0.027077
3 0.722426 0.061158 0.026786 0.028945