3 0.780987 0.388422 0.024160 0.031746
3 0.736607 0.492997 0.033088 0.048553
5 0.822216 0.408497 0.037290 0.075630
3 0.768382 0.446312 0.027311 0.037348
3 0.786765 0.424370 0.024160 0.032680
4 0.806723 0.400560 0.016807 0.037348
3 0.811975 0.387021 0.021008 0.027077
3 0.830357 0.374883 0.017857 0.027077
5 0.835347 0.360878 0.024685 0.038282
3 0.847164 0.350607 0.014706 0.025210
3 0.809086 0.363212 0.017332 0.026144
5 0.066964 0.790383 0.133929 0.238095
5 0.755252 0.521475 0.056723 0.092437
3 0.496586 0.774977 0.088761 0.100840
3 0.365809 0.690943 0.086660 0.091503
6 0.730567 0.413632 0.011555 0.022409
3 0.712973 0.461718 0.034139 0.040149
4 0.530725 0.609711 0.059349 0.082166
3 0.357143 0.623716 0.073529 0.087768
3 0.616859 0.450514 0.034139 0.040149
3 0.680147 0.415966 0.027311 0.032680
3 0.727679 0.396825 0.023634 0.029879
4 0.732143 0.373483 0.021008 0.029879
3 0.757353 0.381419 0.021008 0.027077
3 0.778361 0.366013 0.019958 0.026144
0 0.204044 0.605976 0.019433 0.063492