0 0.250263 0.912698 0.023634 0.081232
9 0.343487 0.695612 0.024160 0.074697
1 0.344275 0.667134 0.020483 0.060691
6 0.702994 0.899627 0.054097 0.131653
0 0.137868 0.680672 0.020483 0.084034
0 0.120798 0.683940 0.021008 0.079365
9 0.247899 0.660598 0.025210 0.068161
9 0.279149 0.545285 0.020483 0.059757
9 0.724790 0.728758 0.036765 0.036415
9 0.577468 0.742297 0.024685 0.085901
3 0.493172 0.623716 0.049370 0.119514
3 0.491859 0.416900 0.040441 0.083100
9 0.102416 0.626517 0.039916 0.046685
3 0.419380 0.468254 0.046744 0.114846
9 0.336134 0.447712 0.016807 0.051354
1 0.337710 0.427171 0.013655 0.043884
9 0.279412 0.423436 0.032563 0.040149
9 0.287553 0.374883 0.033088 0.034547
3 0.428571 0.288049 0.034664 0.083100
3 0.390231 0.240896 0.035714 0.076564
3 0.458771 0.215219 0.045693 0.060691
3 0.238971 0.268441 0.077731 0.066293
3 0.610557 0.489729 0.057248 0.120448
9 0.563550 0.406162 0.012605 0.042951
1 0.564338 0.385621 0.009979 0.031746
2 0.361082 0.244631 0.022584 0.031746
1 0.358718 0.232493 0.012605 0.048553
9 0.576418 0.317460 0.015231 0.052288
1 0.579832 0.290383 0.013655 0.048553
0 0.169118 0.264706 0.013655 0.051354
0 0.211922 0.220355 0.013130 0.042951
1 0.256565 0.247899 0.013130 0.027077
1 0.234769 0.219888 0.010504 0.045752
1 0.263130 0.238562 0.009454 0.045752
1 0.274685 0.227824 0.014706 0.054155
9 0.330882 0.183940 0.026261 0.035481
1 0.329044 0.178805 0.013130 0.038282
3 0.499475 0.143324 0.024160 0.043884
2 0.406513 0.085434 0.021008 0.032680
1 0.407563 0.073296 0.013655 0.040149
3 0.173057 0.121849 0.046744 0.040149
0 0.203782 0.127451 0.010504 0.038282
0 0.210347 0.126984 0.008929 0.033613
0 0.218750 0.126984 0.008929 0.035481
3 0.423319 0.049953 0.019958 0.036415
4 0.428046 0.017740 0.027311 0.035481
3 0.527574 0.054155 0.019433 0.035481
3 0.518645 0.022409 0.020483 0.041083
0 0.577731 0.720822 0.019958 0.056022
9 0.506565 0.067694 0.008929 0.023343
0 0.274422 0.083100 0.009979 0.039216
9 0.322742 0.089169 0.020483 0.032680
0 0.254989 0.077031 0.020483 0.036415
9 0.621324 0.117647 0.022059 0.033613
9 0.598477 0.109711 0.020483 0.034547
3 0.181985 0.179272 0.064601 0.044818
0 0.505777 0.056022 0.008403 0.016807