3 0.755777 0.526611 0.031513 0.052288
3 0.745536 0.497199 0.026786 0.036415
3 0.648109 0.541550 0.026261 0.056022
3 0.525735 0.804388 0.047269 0.112979
3 0.491597 0.700280 0.039916 0.070962
3 0.510504 0.611111 0.032563 0.066293
4 0.517857 0.558357 0.024160 0.046685
3 0.612920 0.471055 0.021008 0.042017
3 0.615284 0.434641 0.021534 0.038282
3 0.563288 0.589636 0.026786 0.055089
4 0.562500 0.528011 0.024160 0.060691
3 0.531250 0.524743 0.022584 0.042951
3 0.541229 0.479925 0.020483 0.039216
3 0.194065 0.588702 0.068803 0.047619
3 0.612658 0.386088 0.016282 0.027077
3 0.613183 0.358077 0.016282 0.028945
3 0.529674 0.439776 0.021534 0.031746
3 0.546481 0.657330 0.028887 0.089636
3 0.620273 0.329599 0.013655 0.024276
3 0.611607 0.336134 0.016282 0.024276
3 0.440126 0.477124 0.029412 0.041083
3 0.475053 0.412698 0.021534 0.033613
3 0.498687 0.370215 0.015231 0.028945
3 0.503414 0.361345 0.014181 0.024276
3 0.510504 0.352007 0.012605 0.022409
3 0.132090 0.525677 0.050945 0.048553
3 0.574055 0.449113 0.023109 0.042951
3 0.559874 0.391690 0.013655 0.023343
3 0.570116 0.492530 0.021534 0.038282
3 0.577994 0.403361 0.016282 0.024276
3 0.584559 0.387955 0.015756 0.028945
3 0.545693 0.445845 0.021008 0.038282
3 0.536239 0.413632 0.017857 0.033613
9 0.777048 0.759104 0.034139 0.041083
1 0.774422 0.749767 0.015231 0.052288
9 0.801471 0.726891 0.021008 0.047619
9 0.648372 0.477124 0.013130 0.044818
9 0.662553 0.478525 0.011029 0.040149
1 0.648897 0.475257 0.008929 0.041083
1 0.661765 0.474323 0.010504 0.041083
0 0.818277 0.552288 0.013655 0.049486
0 0.677784 0.573763 0.008929 0.040149
0 0.698267 0.580299 0.008929 0.040149
3 0.735032 0.474790 0.026786 0.032680
1 0.715861 0.588702 0.011555 0.043884
2 0.712973 0.598973 0.021534 0.025210
9 0.466912 0.586368 0.013655 0.029879
1 0.466912 0.576564 0.010504 0.038282
9 0.218225 0.982260 0.019433 0.031746
1 0.218225 0.971055 0.017332 0.044818
2 0.292805 0.745098 0.015231 0.048553
1 0.295168 0.730159 0.009454 0.044818
0 0.942227 0.569094 0.007353 0.040149
0 0.879464 0.552754 0.011029 0.044818
1 0.802258 0.728291 0.017332 0.063492
1 0.926471 0.977124 0.021008 0.042017
2 0.464023 0.488796 0.011029 0.017740
1 0.462710 0.487395 0.007353 0.026144
3 0.528624 0.315126 0.013130 0.023343
3 0.577206 0.426704 0.018908 0.031746
3 0.585347 0.352474 0.013130 0.023343
3 0.555672 0.416900 0.016807 0.028945
0 0.892857 0.558357 0.008403 0.037348
0 0.686450 0.580299 0.008403 0.042017
0 0.670693 0.484594 0.008403 0.037348