3 0.034926 0.751167 0.069853 0.107376
3 0.035452 0.535948 0.070903 0.087768
3 0.029149 0.311391 0.041492 0.058824
3 0.042542 0.468254 0.085084 0.077498
3 0.238183 0.302054 0.075105 0.058824
3 0.335872 0.267507 0.066702 0.058824
3 0.360294 0.547152 0.051471 0.123249
4 0.367384 0.188142 0.056197 0.051354
3 0.391019 0.105976 0.039391 0.032680
4 0.399160 0.086368 0.034664 0.040149
3 0.901523 0.473856 0.099265 0.070028
7 0.890494 0.328198 0.054097 0.062558
0 0.898372 0.343137 0.016282 0.043884
7 0.772847 0.310458 0.054097 0.058824
4 0.525998 0.256303 0.030987 0.066293
9 0.733718 0.454248 0.027311 0.036415
1 0.733981 0.453315 0.018382 0.047619
3 0.654674 0.260504 0.058298 0.057890
3 0.640494 0.223623 0.056197 0.051354
3 0.558036 0.158730 0.024685 0.044818
3 0.517595 0.133053 0.022584 0.040149
3 0.546481 0.119981 0.022584 0.040149
3 0.472689 0.161064 0.024160 0.055089
3 0.477941 0.109711 0.017857 0.043884
7 0.433036 0.097106 0.020483 0.041083
9 0.550683 0.081232 0.007878 0.028011
9 0.318803 0.378151 0.026261 0.035481
0 0.320116 0.361811 0.014181 0.043884
9 0.410977 0.335668 0.012080 0.043884
9 0.388655 0.423436 0.014706 0.043884
2 0.128151 0.370215 0.030462 0.028945
1 0.129989 0.357143 0.012080 0.043884
9 0.341387 0.346872 0.019958 0.038282
1 0.340074 0.340336 0.014181 0.051354
9 0.343225 0.426237 0.026786 0.043884
0 0.339548 0.415966 0.016282 0.062558
9 0.257616 0.555089 0.033088 0.040149
1 0.252363 0.538749 0.016282 0.050420
9 0.250788 0.580299 0.039391 0.040149
9 0.381040 0.038749 0.018382 0.017740
3 0.415441 0.040616 0.037815 0.028945
9 0.771271 0.420635 0.041492 0.032680
1 0.774947 0.402894 0.022584 0.040149
1 0.387868 0.401961 0.014181 0.043884
3 0.628939 0.190943 0.049895 0.047619
9 0.754464 0.429972 0.035189 0.032680
1 0.760242 0.411298 0.014181 0.047619
1 0.246061 0.567227 0.014181 0.058824
4 0.465074 0.075163 0.018382 0.047619
1 0.413078 0.318861 0.014181 0.036415
3 0.436187 0.052754 0.018382 0.040149
9 0.876838 0.417367 0.037290 0.035481
1 0.877363 0.402894 0.024685 0.040149
2 0.757878 0.633520 0.042017 0.040149
1 0.761292 0.617647 0.022584 0.058824
9 0.449842 0.074230 0.008929 0.023343
4 0.435137 0.035948 0.019433 0.042017
0 0.362658 0.068627 0.009979 0.036415
9 0.458246 0.060224 0.008929 0.019608