9 0.481027 0.550926 0.027530 0.039683
9 0.560268 0.422288 0.022321 0.062831
6 0.605097 0.288360 0.012277 0.029101
6 0.589844 0.401786 0.027902 0.045635
6 0.590030 0.372354 0.028274 0.050265
9 0.628906 0.344246 0.011533 0.029762
0 0.563058 0.289352 0.007812 0.029762
9 0.058966 0.662037 0.034598 0.034392
3 0.057292 0.644511 0.031250 0.036376
3 0.059524 0.623016 0.036458 0.034392
9 0.726004 0.239749 0.012277 0.027116
6 0.750186 0.229167 0.018973 0.029762
9 0.673735 0.292328 0.011905 0.027778
9 0.753162 0.209987 0.012277 0.020503
3 0.010603 0.958995 0.021205 0.079365
3 0.862537 0.917659 0.097842 0.110450
3 0.910900 0.152447 0.024182 0.037698
6 0.671317 0.849206 0.048735 0.067460
9 0.095424 0.329365 0.016741 0.033069
9 0.467634 0.564153 0.025298 0.038360
9 0.446243 0.500661 0.024182 0.043651
2 0.270089 0.685185 0.024554 0.048942
9 0.729911 0.910714 0.033482 0.050265
6 0.571615 0.784392 0.077753 0.085979
6 0.098772 0.940146 0.063616 0.083995
9 0.216332 0.888558 0.042039 0.070767
9 0.249814 0.821098 0.033854 0.037698
9 0.376674 0.697421 0.025670 0.040344
9 0.089472 0.339616 0.023438 0.035053
9 0.400856 0.604167 0.020461 0.046958
2 0.440104 0.957341 0.027530 0.061508
9 0.616815 0.387566 0.013393 0.037037
1 0.095052 0.326389 0.008557 0.046958
1 0.524554 0.544974 0.011905 0.048942
1 0.478237 0.501323 0.015253 0.044974
1 0.476749 0.330026 0.032366 0.039683
0 0.569382 0.317460 0.006324 0.027778
9 0.531622 0.367394 0.006696 0.037698
9 0.585379 0.461640 0.016741 0.042328
9 0.731213 0.899471 0.012277 0.041005
9 0.194010 0.569114 0.012277 0.042989
9 0.019531 0.974537 0.031622 0.049603
4 0.529018 0.695437 0.078125 0.106481
3 0.431176 0.649802 0.067708 0.080026
3 0.384487 0.562169 0.058408 0.070106
3 0.326079 0.514550 0.062128 0.060847
3 0.268229 0.541667 0.052083 0.083333
3 0.162388 0.745701 0.043527 0.086640
0 0.093564 0.601521 0.011533 0.045635
0 0.115699 0.699735 0.015625 0.050265
0 0.090588 0.560516 0.012277 0.040344
0 0.778646 0.790344 0.019345 0.054233
0 0.797805 0.708995 0.012277 0.038360
0 0.791853 0.731812 0.014509 0.045635
0 0.861979 0.593585 0.010417 0.045635
0 0.850818 0.592923 0.015625 0.053571
0 0.276042 0.842262 0.015625 0.052249
0 0.294643 0.814153 0.016369 0.055556
0 0.325707 0.600529 0.012277 0.039683
0 0.317150 0.600198 0.009301 0.041667
5 0.636533 0.384590 0.048363 0.083995
3 0.670201 0.358466 0.032366 0.054233
3 0.696615 0.323082 0.035342 0.050926
3 0.726004 0.289683 0.031622 0.044974
3 0.751302 0.263889 0.035342 0.043651
3 0.773810 0.232804 0.031250 0.038360
3 0.797061 0.208664 0.029390 0.042989
3 0.816034 0.180225 0.029390 0.041667
5 0.844866 0.142196 0.033482 0.059524
3 0.778460 0.271825 0.033110 0.048942
3 0.815290 0.225529 0.027158 0.044974
3 0.589286 0.320767 0.039435 0.043651
9 0.853609 0.174272 0.011533 0.032407
3 0.104911 0.311508 0.046131 0.043651
7 0.201265 0.356481 0.033482 0.043651
7 0.293527 0.384590 0.036458 0.052249
6 0.317522 0.575066 0.028646 0.056217
6 0.516369 0.576058 0.036458 0.060847
0 0.239583 0.625661 0.015625 0.048942
9 0.192522 0.595569 0.016741 0.041667
9 0.321429 0.877315 0.022321 0.058862
1 0.321429 0.872685 0.020833 0.048280
9 0.395647 0.606812 0.018973 0.045635
9 0.478981 0.513228 0.019717 0.044974
9 0.521763 0.548280 0.018229 0.044974
7 0.545387 0.438823 0.031250 0.068122
7 0.560454 0.443783 0.021205 0.050265
2 0.683408 0.471892 0.018601 0.027116
9 0.278832 0.617725 0.016741 0.043651
9 0.315104 0.670966 0.018601 0.040344
9 0.487351 0.976852 0.034226 0.043651
7 0.546317 0.954034 0.056176 0.090608
9 0.548177 0.906085 0.023438 0.059524
9 0.603609 0.881614 0.018973 0.056878
0 0.596168 0.862434 0.015997 0.051587
0 0.445871 0.432870 0.009301 0.036376
9 0.749442 0.328704 0.009301 0.030423
6 0.025112 0.756944 0.050223 0.089286
0 0.443080 0.379630 0.010417 0.039683
9 0.244234 0.695437 0.027158 0.052249
9 0.232329 0.366071 0.015253 0.033730