3 0.167597 0.524471 0.036830 0.025132
3 0.613839 0.556217 0.037946 0.030423
0 0.585751 0.665013 0.010045 0.040344
3 0.515439 0.885913 0.037574 0.081349
3 0.033482 0.956680 0.066964 0.081349
0 0.073847 0.933532 0.012277 0.053571
0 0.041853 0.816138 0.012277 0.046296
0 0.055804 0.764550 0.009673 0.046296
2 0.024368 0.723876 0.013765 0.033730
1 0.157738 0.698082 0.010417 0.036376
2 0.158668 0.708995 0.009301 0.030423
1 0.207589 0.739087 0.012649 0.035053
9 0.207031 0.750992 0.012277 0.033730
0 0.213542 0.714947 0.006696 0.038360
1 0.222842 0.781085 0.011905 0.039683
2 0.222842 0.792328 0.012649 0.034392
1 0.196615 0.790675 0.010789 0.039021
9 0.196429 0.805886 0.015625 0.039021
3 0.381324 0.578042 0.051339 0.038360
3 0.370536 0.563823 0.048363 0.033730
3 0.451079 0.535053 0.039807 0.026455
3 0.134115 0.560847 0.047991 0.027778
3 0.125186 0.551257 0.043527 0.032407
0 0.251674 0.631283 0.007068 0.035053
1 0.340960 0.625661 0.008557 0.031746
2 0.342820 0.635913 0.021949 0.020503
1 0.234189 0.620040 0.009301 0.031085
2 0.235677 0.629299 0.017485 0.023148
1 0.195499 0.619048 0.008557 0.027778
2 0.196429 0.627646 0.020833 0.021164
1 0.399368 0.612103 0.008557 0.025794
9 0.400112 0.620701 0.020461 0.017857
0 0.430618 0.652447 0.007068 0.037698
3 0.192894 0.556878 0.045759 0.025132
3 0.187872 0.545635 0.044643 0.023810
3 0.226376 0.594907 0.053199 0.032407
3 0.263579 0.576389 0.048735 0.036376
3 0.252418 0.565146 0.048735 0.031085
3 0.124814 0.587302 0.053943 0.042328
3 0.049665 0.500661 0.033110 0.026455
0 0.008929 0.502976 0.006696 0.025794
1 0.485677 0.635251 0.007812 0.025794
3 0.486793 0.645833 0.018229 0.017857
3 0.064918 0.525794 0.036086 0.025132
8 0.198661 0.487103 0.103423 0.066799
3 0.261719 0.513558 0.042783 0.027116
3 0.337798 0.500992 0.034970 0.025794
3 0.325521 0.494048 0.030506 0.021164
3 0.606771 0.460648 0.031994 0.019180
0 0.324405 0.475529 0.003720 0.021164
1 0.296317 0.520833 0.007812 0.024471
2 0.295015 0.526786 0.013393 0.012566
0 0.547247 0.694444 0.007440 0.038360
0 0.538690 0.671958 0.007440 0.041005
0 0.601749 0.656085 0.006324 0.033069
0 0.570126 0.655754 0.006324 0.035053
0 0.561012 0.647156 0.006696 0.035053
0 0.572917 0.639881 0.007440 0.036376
0 0.721726 0.498347 0.005952 0.024471
1 0.737909 0.551257 0.007812 0.020503
9 0.737165 0.561839 0.010789 0.019180
0 0.470052 0.669974 0.006324 0.037037
0 0.486049 0.649802 0.007068 0.032407
0 0.496094 0.667328 0.008557 0.038360
1 0.345796 0.656085 0.007068 0.031746
2 0.343192 0.668320 0.021205 0.019180
0 0.510789 0.658730 0.008185 0.030423
1 0.522135 0.588624 0.007068 0.026455
3 0.030320 0.658069 0.050223 0.047619
1 0.109747 0.655754 0.008929 0.035053
2 0.114397 0.662368 0.026414 0.024471
3 0.638951 0.491071 0.033110 0.016534
3 0.696057 0.471561 0.029018 0.019841
3 0.718192 0.486111 0.032366 0.025132
3 0.752790 0.471561 0.028646 0.018519
3 0.779948 0.487434 0.027158 0.018519
3 0.802083 0.504299 0.037202 0.027116
8 0.568452 0.535053 0.093006 0.066138
4 0.690476 0.522487 0.038690 0.035714
1 0.602865 0.598876 0.007068 0.025794
2 0.603237 0.605159 0.014509 0.019841
1 0.567522 0.583664 0.007068 0.025794
2 0.567150 0.590608 0.015253 0.023810
1 0.533854 0.581349 0.006696 0.031746
2 0.535528 0.587302 0.018229 0.018519
1 0.645833 0.558532 0.007440 0.023148
2 0.647507 0.568452 0.014509 0.019180
1 0.616815 0.577381 0.007440 0.025132
2 0.618490 0.583333 0.014509 0.019841
1 0.717076 0.571098 0.007068 0.024471
9 0.719494 0.578373 0.017857 0.019180
1 0.604167 0.576058 0.006696 0.023810
9 0.603237 0.583003 0.014509 0.017857
2 0.437686 0.616071 0.021205 0.023148
1 0.437314 0.609458 0.010789 0.032407
0 0.615885 0.805225 0.013765 0.037698
3 0.391369 0.961971 0.043899 0.073413
3 0.455357 0.918981 0.038690 0.081349
3 0.503348 0.733466 0.031250 0.055556
3 0.455357 0.833664 0.031250 0.069444
3 0.401786 0.850860 0.031250 0.074735
3 0.459077 0.764881 0.027530 0.056217
4 0.540365 0.622024 0.036086 0.052249
3 0.407366 0.772817 0.031250 0.060185
3 0.967262 0.967593 0.063988 0.062169
3 0.930246 0.886243 0.094122 0.072751
3 0.745908 0.939815 0.090774 0.058201
3 0.708891 0.865410 0.092634 0.066799
0 0.648996 0.811839 0.012277 0.054894
3 0.699033 0.824735 0.078125 0.048942
3 0.678013 0.770833 0.071057 0.053571
3 0.661272 0.744048 0.062872 0.043651
3 0.652716 0.720569 0.059896 0.036376
0 0.807478 0.925595 0.014509 0.058862
9 0.813430 0.934854 0.021205 0.042989
3 0.833333 0.742725 0.075149 0.046296
3 0.817336 0.715939 0.065476 0.045635
0 0.924851 0.791997 0.010417 0.046958
0 0.931548 0.791997 0.008929 0.046958
0 0.910900 0.764220 0.008557 0.049603
0 0.901414 0.766865 0.008929 0.044312
0 0.717634 0.662037 0.007440 0.041005
0 0.838728 0.677249 0.007068 0.035714
0 0.824591 0.682540 0.008557 0.039683
0 0.828869 0.673942 0.006696 0.035714
0 0.599144 0.738757 0.006324 0.038360
4 0.618490 0.634590 0.051711 0.042989
3 0.664062 0.615741 0.040179 0.039683
3 0.688802 0.610119 0.036830 0.039021
3 0.717076 0.601852 0.035342 0.038360
3 0.741071 0.597553 0.033482 0.041667
3 0.762835 0.593585 0.034598 0.039021
3 0.787946 0.591931 0.040179 0.042328
4 0.810640 0.588294 0.036458 0.044312
0 0.808966 0.625992 0.007068 0.035053
0 0.814360 0.625661 0.006696 0.035714
0 0.854353 0.601852 0.007068 0.035714
3 0.783854 0.548280 0.032738 0.030423
3 0.695871 0.578373 0.038318 0.025794
3 0.473958 0.504299 0.036458 0.025794
3 0.451265 0.494709 0.030506 0.026455
3 0.470610 0.484788 0.032738 0.025132
3 0.656994 0.464947 0.025298 0.017196
3 0.705729 0.467593 0.029018 0.019841
3 0.609189 0.482804 0.030878 0.022487
3 0.783854 0.489749 0.029018 0.016534
0 0.837054 0.597222 0.005208 0.035714
0 0.843378 0.597222 0.008185 0.029101
0 0.855841 0.586310 0.008557 0.029762
0 0.858631 0.587963 0.005208 0.031746
0 0.832589 0.561508 0.005208 0.025132
8 0.760603 0.524140 0.088170 0.070767
3 0.672247 0.539683 0.040179 0.031746
3 0.049107 0.539352 0.045387 0.029762