6 0.573004 0.268441 0.021008 0.049486
3 0.502626 0.452381 0.045168 0.094304
4 0.550420 0.159197 0.028361 0.060691
2 0.545168 0.267974 0.011555 0.031746
1 0.545431 0.253501 0.008929 0.027077
3 0.497899 0.259570 0.027311 0.048553
9 0.506565 0.109244 0.008929 0.022409
3 0.508666 0.147059 0.024685 0.045752
4 0.597952 0.479458 0.042542 0.105509
3 0.827468 0.877684 0.139181 0.115780
3 0.769170 0.693277 0.137080 0.098039
3 0.717174 0.561625 0.111870 0.084967
9 0.889706 0.656863 0.045168 0.051354
3 0.777311 0.451447 0.067227 0.107376
0 0.715599 0.444444 0.015231 0.052288
0 0.727941 0.445845 0.012605 0.055089
0 0.735032 0.447246 0.008929 0.048553
3 0.158088 0.743231 0.136555 0.106443
3 0.421218 0.689076 0.059874 0.177404
4 0.445903 0.272176 0.027311 0.083100
3 0.444853 0.113445 0.027311 0.049486
3 0.628151 0.298319 0.069328 0.056956
3 0.195378 0.562558 0.112395 0.081232
6 0.249737 0.490196 0.105567 0.080299
3 0.498162 0.074230 0.024685 0.036415
3 0.462447 0.059290 0.028887 0.032680
0 0.506303 0.097572 0.009454 0.015873