5 0.011029 0.665266 0.022059 0.111111
3 0.109769 0.838469 0.052521 0.093371
3 0.156775 0.700280 0.027836 0.044818
3 0.164653 0.668067 0.026786 0.038282
5 0.091912 0.641457 0.053571 0.113912
5 0.127363 0.594304 0.045693 0.088702
1 0.159139 0.598506 0.007353 0.028011
5 0.180672 0.573296 0.046218 0.076564
3 0.243172 0.692810 0.025210 0.048553
5 0.175683 0.610177 0.027836 0.055089
3 0.239758 0.676004 0.023634 0.044818
3 0.238708 0.659197 0.024685 0.042951
3 0.233718 0.637255 0.021008 0.034547
3 0.206933 0.581699 0.014706 0.022409
3 0.233456 0.622782 0.019433 0.028011
5 0.319853 0.570028 0.027311 0.055089
3 0.371324 0.582633 0.017857 0.022409
3 0.410714 0.584500 0.015756 0.022409
3 0.492910 0.581699 0.022584 0.022409
3 0.562237 0.606909 0.025735 0.022409
3 0.414916 0.603641 0.022059 0.021475
3 0.641282 0.642857 0.031513 0.030812
3 0.514706 0.680672 0.043067 0.042951
3 0.556197 0.710084 0.047269 0.047619
4 0.613445 0.742764 0.051471 0.066293
5 0.677258 0.704482 0.155987 0.144725
3 0.954307 0.781046 0.071429 0.055089
3 0.862132 0.735761 0.056197 0.048553
3 0.780200 0.633520 0.034139 0.027077
4 0.926471 0.671802 0.053571 0.049486
5 0.974527 0.675070 0.046744 0.074697
3 0.948004 0.641457 0.037815 0.035481
3 0.956408 0.624183 0.030462 0.025210
5 0.973739 0.621382 0.028361 0.027077
5 0.942227 0.615313 0.040966 0.042951
3 0.876838 0.634921 0.034139 0.031746
1 0.774160 0.838002 0.017857 0.066293
0 0.794905 0.818394 0.014181 0.066293
0 0.768120 0.826797 0.017332 0.066293
0 0.804359 0.828665 0.017332 0.071895
0 0.802521 0.790850 0.015756 0.076564
0 0.795956 0.835201 0.018382 0.066293
4 0.752626 0.683007 0.046218 0.043884
3 0.385242 0.601774 0.022584 0.030812
5 0.892332 0.659664 0.053571 0.045752
5 0.043855 0.617180 0.059349 0.104575
5 0.100315 0.588235 0.055672 0.104575
3 0.355042 0.580299 0.017857 0.027077