3 0.134716 0.704482 0.027836 0.043884
3 0.141019 0.683007 0.027836 0.040149
5 0.075105 0.643324 0.053571 0.115780
5 0.111607 0.586835 0.046744 0.088702
1 0.142857 0.596172 0.006303 0.027077
5 0.160714 0.578898 0.046218 0.082166
5 0.149422 0.631186 0.030987 0.061625
3 0.223739 0.698880 0.030462 0.043884
3 0.220851 0.681139 0.024685 0.043884
3 0.216387 0.653595 0.021008 0.033613
3 0.184086 0.584967 0.015231 0.021475
3 0.216387 0.630719 0.018908 0.027077
8 0.491334 0.809991 0.116071 0.183940
3 0.394433 0.577031 0.014706 0.020542
3 0.841124 0.738095 0.063550 0.058824
3 0.371061 0.584500 0.020483 0.026144
3 0.495536 0.684874 0.040441 0.049486
4 0.521796 0.697012 0.040441 0.055089
5 0.611082 0.673669 0.141282 0.127918
3 0.759191 0.637255 0.034139 0.027077
4 0.903361 0.667134 0.053571 0.049486
5 0.963498 0.670401 0.070903 0.070962
3 0.948004 0.641457 0.037815 0.035481
3 0.956408 0.624183 0.030462 0.025210
5 0.945641 0.621382 0.027836 0.027077
5 0.915441 0.611578 0.040966 0.042951
3 0.853992 0.634921 0.034664 0.031746
0 0.490284 0.770775 0.012080 0.060691
0 0.517595 0.769841 0.015231 0.060691
0 0.482143 0.767040 0.012605 0.060691
0 0.514706 0.770308 0.014706 0.059757
0 0.520746 0.720355 0.012080 0.049486
0 0.497111 0.772642 0.015231 0.055089
5 0.868172 0.655929 0.053571 0.043884
3 0.452994 0.566293 0.021534 0.027077
5 0.020221 0.637722 0.040441 0.104575
5 0.073267 0.597106 0.068803 0.116713
3 0.331145 0.578431 0.018382 0.027077
4 0.598477 0.747899 0.060399 0.059757
4 0.750525 0.678805 0.046218 0.044818
3 0.213498 0.627918 0.018382 0.032680
3 0.216387 0.613445 0.018908 0.031746
3 0.898372 0.888889 0.089811 0.076564