4 0.488183 0.765173 0.032038 0.056956
3 0.877101 0.837068 0.052521 0.053221
3 0.557511 0.754902 0.023634 0.043884
5 0.364496 0.723156 0.070378 0.133520
5 0.411239 0.680205 0.066176 0.088702
4 0.556985 0.768441 0.025735 0.050420
5 0.886292 0.751167 0.103466 0.118581
3 0.495536 0.722222 0.017332 0.030812
4 0.712447 0.667134 0.017332 0.028945
3 0.559086 0.694678 0.018382 0.028011
5 0.835872 0.785714 0.044643 0.056956
5 0.618960 0.582166 0.017332 0.025210
3 0.579044 0.674603 0.016282 0.027077
3 0.548582 0.686275 0.015231 0.029879
3 0.641019 0.664799 0.021534 0.037348
3 0.492910 0.748366 0.024685 0.043884
3 0.498687 0.726424 0.016282 0.029879
5 0.421218 0.732960 0.050420 0.106443
5 0.462185 0.673669 0.040966 0.070028
3 0.556460 0.723623 0.022584 0.031746
5 0.512868 0.675537 0.033088 0.073763
3 0.555935 0.713352 0.016282 0.031746
3 0.975840 0.938375 0.046218 0.072829