6 0.489233 0.906629 0.041492 0.084034
3 0.821954 0.403828 0.023109 0.030812
3 0.831145 0.420168 0.019433 0.031746
3 0.766807 0.436041 0.027311 0.037348
3 0.165179 0.787582 0.117122 0.118581
3 0.387342 0.640990 0.073004 0.079365
5 0.515494 0.507003 0.065651 0.059757
3 0.623687 0.498599 0.044643 0.052288
3 0.394695 0.701214 0.085609 0.095238
3 0.701943 0.414566 0.024685 0.031746
3 0.712710 0.432306 0.029412 0.041083
3 0.765494 0.394491 0.024685 0.028945
3 0.694328 0.397759 0.022059 0.031746
0 0.425945 0.516807 0.014706 0.053221