1 0.343750 0.420261 0.009559 0.035294
0 0.337500 0.307843 0.010294 0.035294
0 0.205515 0.242484 0.012500 0.032680
7 0.254412 0.296732 0.042647 0.033987
3 0.568015 0.343791 0.027206 0.044444
6 0.281618 0.269281 0.047059 0.033987
6 0.393015 0.222876 0.018382 0.027451
7 0.563603 0.630065 0.033088 0.083660
0 0.516544 0.297386 0.008088 0.032680
3 0.323897 0.301961 0.030147 0.036601
3 0.713235 0.328758 0.047059 0.035294
3 0.700735 0.300654 0.045588 0.031373
7 0.358824 0.301961 0.022059 0.036601
5 0.685294 0.276471 0.048529 0.035294
0 0.765809 0.589542 0.011029 0.049673
3 0.607721 0.220261 0.018382 0.027451
3 0.654779 0.240523 0.033088 0.028758
4 0.359926 0.231373 0.031618 0.031373
7 0.387132 0.250980 0.021324 0.036601
0 0.315441 0.376471 0.008824 0.036601
3 0.347426 0.212418 0.037500 0.027451
0 0.623897 0.235948 0.008088 0.024837
3 0.359191 0.183007 0.028676 0.023529
7 0.296691 0.260131 0.022794 0.044444
7 0.311029 0.265359 0.038235 0.041830
7 0.311029 0.316340 0.033824 0.036601
3 0.620588 0.207190 0.036765 0.035294
7 0.276838 0.258824 0.019853 0.041830
4 0.651838 0.941830 0.062500 0.111111
6 0.386397 0.239869 0.021324 0.027451
1 0.317647 0.537255 0.013235 0.039216
0 0.348897 0.309150 0.011029 0.035294
1 0.577941 0.234641 0.010294 0.024837
1 0.629779 0.303268 0.009559 0.026144
0 0.636397 0.275163 0.009559 0.030065
0 0.510662 0.370588 0.009559 0.037908
3 0.044853 0.522222 0.061765 0.079739
3 0.072426 0.562745 0.050735 0.066667
3 0.976103 0.724837 0.044853 0.095425
3 0.844485 0.622876 0.061029 0.074510
4 0.421691 0.436601 0.028676 0.075817
0 0.162868 0.366667 0.012500 0.040523
0 0.174265 0.366667 0.011765 0.043137
0 0.734559 0.515033 0.011765 0.039216
6 0.211397 0.260784 0.036029 0.037908
6 0.220956 0.298693 0.031618 0.032680