3 0.336581 0.387908 0.019485 0.029412
3 0.325919 0.359804 0.018015 0.024183
0 0.949081 0.593137 0.009191 0.043791
0 0.918934 0.585948 0.010662 0.039869
0 0.906801 0.582680 0.009926 0.043791
0 0.977022 0.528431 0.010662 0.039869
0 0.899449 0.429085 0.008456 0.026797
0 0.832169 0.397059 0.007721 0.025490
0 0.838787 0.400980 0.007721 0.025490
3 0.001287 0.956863 0.002574 0.084967
3 0.204963 0.867974 0.071691 0.137255
3 0.243750 0.759804 0.056618 0.094771
3 0.318199 0.731699 0.043015 0.101307
3 0.222426 0.682026 0.054412 0.079085
3 0.385662 0.453268 0.020588 0.046405
3 0.247059 0.545752 0.030882 0.054902
3 0.308456 0.506536 0.026471 0.056209
3 0.334007 0.444771 0.021691 0.039869
3 0.278125 0.491176 0.030515 0.047712
3 0.354228 0.397712 0.017279 0.026797
3 0.364890 0.378431 0.015074 0.030065
3 0.372610 0.359477 0.011397 0.022222
3 0.379779 0.348039 0.011029 0.021569
3 0.377941 0.347386 0.010294 0.018954
3 0.389706 0.318301 0.013971 0.018301
3 0.344669 0.618627 0.037868 0.077778
3 0.411581 0.334641 0.015074 0.022222
3 0.430882 0.300000 0.011765 0.020915
3 0.438787 0.264052 0.007721 0.011765
3 0.052390 0.772222 0.069485 0.093464
3 0.093750 0.807843 0.076471 0.104575
3 0.164890 0.600980 0.046691 0.073856
3 0.349632 0.357516 0.014706 0.024837
3 0.362132 0.339869 0.012500 0.020915
3 0.370956 0.320588 0.013235 0.018954
3 0.363787 0.308497 0.011397 0.020915
3 0.386397 0.292810 0.010294 0.013072
3 0.393566 0.277451 0.009926 0.016340
3 0.380331 0.269608 0.009926 0.011111
3 0.419301 0.257843 0.007721 0.012418
3 0.416544 0.237908 0.008088 0.015686
3 0.427022 0.251307 0.007721 0.012418
8 0.269301 0.432680 0.056985 0.116340
8 0.299632 0.431046 0.053676 0.115686
8 0.337684 0.328105 0.031250 0.053595
3 0.435846 0.696078 0.037132 0.074510
3 0.515257 0.694444 0.041544 0.073856
3 0.469118 0.563725 0.027941 0.054248
3 0.528309 0.536928 0.027941 0.046405
3 0.483824 0.478431 0.018382 0.036601
3 0.500919 0.402614 0.014338 0.030065
3 0.453309 0.332680 0.012500 0.024837
3 0.470772 0.315686 0.010662 0.020915
3 0.486581 0.301634 0.009926 0.018954
3 0.604779 0.635948 0.034559 0.056209
3 0.586213 0.556863 0.026103 0.045752
3 0.574081 0.505882 0.025368 0.037908
3 0.538603 0.380065 0.015441 0.030719
1 0.560478 0.538889 0.004779 0.020261
2 0.559743 0.549346 0.009191 0.034641
3 0.480882 0.254575 0.011029 0.016340
0 0.036765 0.524837 0.008824 0.040523
1 0.109926 0.520915 0.007353 0.032680
1 0.138235 0.514052 0.008088 0.029412
0 0.186949 0.457843 0.004779 0.028105
0 0.207353 0.421895 0.005147 0.026797
0 0.852022 0.794118 0.007721 0.056209
0 0.866728 0.789216 0.009191 0.051634
0 0.959191 0.856209 0.016176 0.062745
0 0.983272 0.901961 0.014338 0.074510
0 0.939154 0.656863 0.009926 0.043137
0 0.974449 0.633333 0.008456 0.045752
0 0.987316 0.633007 0.006985 0.051634
0 0.910846 0.521242 0.009191 0.028105
0 0.888787 0.491503 0.006250 0.033987
0 0.935294 0.510131 0.008088 0.035948
0 0.980699 0.529412 0.004044 0.032680
0 0.922794 0.581373 0.008824 0.029412
0 0.938419 0.590523 0.009926 0.030719
0 0.953676 0.590196 0.010294 0.028758
0 0.910294 0.580719 0.004412 0.046405
0 0.807353 0.447386 0.008088 0.029412
0 0.809375 0.424510 0.009191 0.015033
0 0.830515 0.396732 0.013235 0.020915
0 0.841544 0.399673 0.006618 0.021569
0 0.904963 0.429085 0.006250 0.028105
2 0.111765 0.537908 0.010294 0.020915
2 0.135110 0.534967 0.008456 0.017647
2 0.186213 0.471895 0.009191 0.016993
2 0.206801 0.439542 0.011397 0.018954
1 0.906066 0.966993 0.018750 0.062092
9 0.904596 0.980719 0.046691 0.037255
0 0.929596 0.777451 0.018015 0.045098
9 0.935110 0.795752 0.035662 0.047712
0 0.902757 0.584641 0.009926 0.038562
0 0.896875 0.576797 0.009191 0.037255
0 0.910846 0.498366 0.010662 0.037255
0 0.870404 0.552941 0.012132 0.041830
1 0.810846 0.587908 0.013603 0.035948
0 0.901838 0.430065 0.008824 0.033987