2 0.059611 0.295051 0.013130 0.033613
2 0.072742 0.296452 0.015231 0.045752
2 0.085084 0.293184 0.011555 0.046685
3 0.118960 0.272642 0.049895 0.080299
3 0.167805 0.225023 0.055147 0.095238
0 0.187237 0.576564 0.012080 0.047619
3 0.693803 0.321195 0.074580 0.067227
0 0.595851 0.160598 0.009979 0.033613
0 0.604254 0.162932 0.007878 0.038282
3 0.027836 0.378618 0.055672 0.064426
0 0.503676 0.169001 0.008403 0.041083
0 0.627363 0.187208 0.015231 0.043884
0 0.692489 0.894024 0.015231 0.043884
0 0.685924 0.865079 0.015756 0.043884
0 0.684086 0.746965 0.011029 0.041083
0 0.701943 0.761905 0.011029 0.044818
0 0.674370 0.732960 0.010504 0.044818
6 0.533613 0.717554 0.031513 0.073763
0 0.495536 0.175537 0.008929 0.037348
0 0.677258 0.900560 0.015231 0.056956
3 0.580620 0.293184 0.068803 0.070962
0 0.919905 0.588235 0.014181 0.039216
2 0.597952 0.356209 0.021534 0.034547
3 0.310924 0.870215 0.080882 0.115780
3 0.448529 0.094771 0.043067 0.088702
2 0.302258 0.973856 0.018382 0.052288
3 0.325893 0.578898 0.046744 0.143791
3 0.336922 0.406162 0.039391 0.126984
3 0.531250 0.385621 0.075105 0.074697
3 0.361082 0.228291 0.036239 0.105509
3 0.321429 0.087768 0.034664 0.089636
0 0.899685 0.598973 0.013655 0.043884
0 0.241071 0.062092 0.009454 0.042017
2 0.299632 0.243231 0.012080 0.047619
2 0.529412 0.337068 0.014706 0.044818
0 0.632353 0.390289 0.010504 0.044818
0 0.543855 0.323063 0.008929 0.041083
0 0.587973 0.892157 0.013130 0.049486
0 0.758403 0.934641 0.013655 0.041083
2 0.485294 0.038749 0.008403 0.036415
2 0.911239 0.635854 0.029412 0.041083
2 0.698004 0.545285 0.031513 0.037348
2 0.746061 0.523810 0.029937 0.041083
2 0.495536 0.232960 0.017332 0.038282
0 0.242122 0.270308 0.013655 0.043884
0 0.871061 0.950514 0.016282 0.046685
0 0.862920 0.929972 0.015756 0.044818
2 0.941439 0.821662 0.024685 0.057890
2 0.964023 0.821662 0.025735 0.070962
2 0.986345 0.820728 0.023109 0.061625
0 0.560137 0.073296 0.012080 0.038282
0 0.573792 0.055556 0.008929 0.027077
0 0.575630 0.040616 0.008403 0.027077
0 0.697742 0.212418 0.012080 0.043884
0 0.587185 0.121382 0.008403 0.035481
0 0.184086 0.094771 0.017332 0.049486