9 0.789993 0.777778 0.034598 0.044974
9 0.803757 0.634590 0.022693 0.073413
6 0.555804 0.326389 0.012649 0.029762
6 0.623884 0.382275 0.024554 0.041005
6 0.685640 0.291997 0.026042 0.042989
9 0.766555 0.226521 0.011533 0.029762
0 0.524926 0.319775 0.007440 0.029762
9 0.070871 0.656415 0.034598 0.035053
3 0.069196 0.637235 0.031250 0.036376
3 0.069196 0.621693 0.036458 0.034392
9 0.775856 0.202050 0.012277 0.027116
3 0.391555 0.755952 0.081473 0.082011
3 0.514137 0.668320 0.075893 0.080026
3 0.511719 0.772817 0.094122 0.082672
3 0.702753 0.500331 0.049107 0.057540
6 0.460938 0.684193 0.040179 0.053571
9 0.851376 0.372685 0.014509 0.037698
9 0.850074 0.329696 0.015625 0.037698
2 0.812686 0.342593 0.019717 0.038360
9 0.367746 0.448743 0.016741 0.032407
9 0.292969 0.421627 0.021205 0.032407
9 0.247582 0.396825 0.020461 0.029101
9 0.531064 0.510582 0.025670 0.038360
9 0.753906 0.790013 0.021205 0.052249
0 0.923735 0.469246 0.012649 0.045635
9 0.798549 0.483796 0.013765 0.044312
9 0.467634 0.666005 0.029018 0.038360
9 0.159040 0.362103 0.023438 0.027116
9 0.479725 0.475860 0.023438 0.042989
2 0.276972 0.688823 0.027158 0.048280
9 0.423177 0.694775 0.024926 0.037698
6 0.290551 0.597884 0.058780 0.070106
9 0.637649 0.770172 0.042411 0.048280
9 0.685826 0.796296 0.035342 0.043651
9 0.786458 0.513889 0.013393 0.047619
9 0.439546 0.422288 0.027158 0.031085
9 0.513951 0.495701 0.013765 0.048280
2 0.446987 0.954034 0.026414 0.061508
9 0.742374 0.241071 0.011533 0.032407
0 0.591704 0.923942 0.015253 0.056878
1 0.368862 0.446759 0.008557 0.046958
1 0.536086 0.535053 0.011905 0.048942
1 0.248512 0.391534 0.014137 0.044974
1 0.500372 0.502646 0.016369 0.044974
1 0.476749 0.330026 0.032366 0.039683
0 0.534598 0.353175 0.006696 0.027778
9 0.541853 0.364087 0.014509 0.037698
0 0.605469 0.274471 0.007068 0.034392
9 0.588542 0.389550 0.014137 0.041005
9 0.421689 0.681548 0.012277 0.040344
9 0.118862 0.333664 0.018973 0.029762
9 0.142299 0.352844 0.023438 0.028439
6 0.176153 0.359458 0.022693 0.025794
0 0.160156 0.508267 0.011533 0.040344
9 0.203683 0.634590 0.026414 0.036376
9 0.222656 0.605489 0.016741 0.046958
4 0.389323 0.581680 0.065848 0.091931
3 0.320499 0.548280 0.056920 0.070106
3 0.190662 0.432540 0.056176 0.054233
3 0.131324 0.395833 0.051339 0.056217
3 0.231957 0.480489 0.056920 0.073413
3 0.172247 0.741071 0.043155 0.085317
0 0.128720 0.753638 0.015625 0.050926
0 0.839472 0.650132 0.012277 0.038360
0 0.822731 0.655754 0.014509 0.045635
0 0.861049 0.729497 0.015253 0.050265
0 0.848958 0.721561 0.019345 0.054233
0 0.263207 0.914683 0.017485 0.055556
0 0.272879 0.913360 0.016741 0.055556
0 0.375744 0.543651 0.012649 0.039683
0 0.365699 0.540675 0.009673 0.041667
5 0.646577 0.386574 0.048363 0.083995
3 0.679129 0.360119 0.032366 0.053571
3 0.707403 0.324405 0.035342 0.050926
3 0.736793 0.289352 0.031622 0.045635
3 0.761719 0.267857 0.035342 0.043651
3 0.787574 0.231812 0.031250 0.037698
3 0.808222 0.210648 0.029390 0.042989
3 0.826451 0.182870 0.029390 0.041667
5 0.881324 0.114418 0.031994 0.054233
3 0.907366 0.123347 0.022321 0.037698
3 0.918527 0.097553 0.019345 0.029762
3 0.599516 0.322421 0.039062 0.048280
3 0.118304 0.306217 0.046131 0.043651
7 0.212054 0.349868 0.033482 0.043651
7 0.304315 0.381283 0.036458 0.052249
6 0.273438 0.542989 0.028274 0.055556
0 0.341890 0.711310 0.015625 0.048280
9 0.513021 0.491733 0.015625 0.040344
9 0.495908 0.503638 0.019345 0.045635
9 0.533110 0.544312 0.018601 0.044974
7 0.563802 0.430886 0.031622 0.062831
7 0.569940 0.443122 0.021577 0.050265
2 0.688988 0.427249 0.016369 0.027778
9 0.497396 0.975198 0.034226 0.046958
9 0.553757 0.921296 0.023438 0.059524
0 0.487723 0.402447 0.006696 0.032407
9 0.874070 0.177910 0.007812 0.027778
6 0.030506 0.751653 0.061012 0.089286
0 0.403646 0.395503 0.010417 0.039683
9 0.258743 0.694775 0.034598 0.052249
9 0.242374 0.360780 0.015253 0.033730