1 0.003939 0.430906 0.007878 0.047619
2 0.010242 0.431839 0.011029 0.049486
0 0.054884 0.429038 0.011029 0.045752
0 0.387868 0.104108 0.006828 0.025210
3 0.466124 0.008870 0.014181 0.012138
3 0.465074 0.024743 0.015231 0.023343
3 0.462973 0.043417 0.014181 0.027077
3 0.460872 0.055556 0.016282 0.028945
3 0.458246 0.076097 0.016282 0.045752
3 0.466649 0.105976 0.019433 0.036415
3 0.548057 0.038282 0.020483 0.042951
3 0.561712 0.081699 0.033088 0.023343
3 0.577994 0.132120 0.034139 0.025210
0 0.602153 0.097572 0.007878 0.036415
9 0.618435 0.288049 0.017332 0.019608
9 0.724002 0.420635 0.009979 0.036415
9 0.675158 0.362745 0.032038 0.038282
1 0.705882 0.382353 0.011555 0.032680
3 0.234506 0.627451 0.101366 0.082166
3 0.445903 0.343604 0.032563 0.065359
3 0.450893 0.282446 0.025735 0.047619
1 0.690651 0.976190 0.028361 0.032680
0 0.966912 0.822596 0.021008 0.065359
0 0.987920 0.811391 0.019958 0.074697
0 0.963498 0.786181 0.019433 0.065359
9 0.254464 0.414099 0.027836 0.034547
1 0.759454 0.593371 0.017857 0.055089
1 0.421481 0.390756 0.009979 0.036415
2 0.758666 0.607376 0.046744 0.045752
9 0.423319 0.405229 0.012605 0.031746
0 0.544380 0.129318 0.006828 0.036415
9 0.364758 0.311391 0.022584 0.030812
0 0.520221 0.275910 0.012080 0.040149
2 0.020221 0.431839 0.018382 0.038282
3 0.174895 0.924370 0.111345 0.147526
3 0.494485 0.261905 0.019433 0.053221
3 0.946954 0.905229 0.103992 0.157796
3 0.590861 0.317927 0.028361 0.045752
3 0.445903 0.191410 0.023109 0.041083
3 0.648372 0.265640 0.050945 0.043884
3 0.585872 0.140523 0.040441 0.027077
4 0.453782 0.151727 0.021008 0.036415
6 0.691176 0.976190 0.033613 0.042017
9 0.688813 0.403828 0.008929 0.036415
2 0.754989 0.415966 0.014181 0.034547
9 0.793067 0.405229 0.009454 0.041083
9 0.814338 0.395892 0.012080 0.037348
9 0.869485 0.412698 0.008929 0.035481
9 0.902574 0.384220 0.015231 0.036415
2 0.915441 0.412698 0.011555 0.037348
9 0.964548 0.415033 0.023634 0.049486
1 0.491597 0.368814 0.012605 0.031746
6 0.491334 0.385621 0.017332 0.044818
1 0.410714 0.414566 0.014706 0.046685
9 0.410714 0.429038 0.023109 0.042017
1 0.151786 0.745098 0.021008 0.067227
9 0.155200 0.760504 0.036239 0.051354
9 0.345326 0.373483 0.026786 0.031746
9 0.395221 0.302988 0.023634 0.034547
9 0.400998 0.276844 0.024685 0.028945
0 0.128414 0.444911 0.013130 0.045752
0 0.541492 0.130719 0.007353 0.037348
0 0.382090 0.105976 0.005777 0.027077
0 0.096376 0.418768 0.011029 0.049486
0 0.070116 0.425303 0.013130 0.043884
9 0.260767 0.427171 0.027836 0.030812
9 0.094800 0.451447 0.013130 0.045752
3 0.762868 0.647059 0.098214 0.080299
3 0.968225 0.715219 0.061450 0.082166
9 0.358981 0.728758 0.041492 0.055089
1 0.357143 0.720822 0.019958 0.072829
3 0.459559 0.126050 0.017857 0.029879
1 0.423319 0.389823 0.012605 0.036415
1 0.491859 0.385154 0.012080 0.027077
3 0.450893 0.407096 0.033088 0.074697
2 0.380777 0.492530 0.032563 0.036415
1 0.385504 0.485994 0.017857 0.049486
2 0.419380 0.468721 0.030987 0.031746
1 0.419643 0.452381 0.017857 0.036415
2 0.420693 0.487395 0.028361 0.031746
1 0.420956 0.470121 0.017332 0.045752
3 0.606355 0.408497 0.069853 0.073763
3 0.636029 0.586835 0.101891 0.088702
3 0.564601 0.516807 0.082983 0.068161
0 0.612658 0.332866 0.009979 0.043884
4 0.761555 0.712885 0.099790 0.098039
3 0.462185 0.500934 0.078782 0.077498
3 0.847426 0.579832 0.097164 0.074697
3 0.713498 0.513072 0.083508 0.068161
3 0.778361 0.469188 0.070378 0.056956
0 0.538866 0.273576 0.010504 0.037348
9 0.173845 0.692810 0.044118 0.044818
1 0.172006 0.677871 0.020483 0.054155
0 0.981355 0.806723 0.013130 0.052288