3 0.536949 0.985294 0.059191 0.028105
3 0.419669 0.241830 0.011397 0.011765
3 0.463419 0.339542 0.017279 0.024183
3 0.316360 0.628431 0.039338 0.064706
3 0.263051 0.624510 0.043015 0.076471
3 0.333456 0.564706 0.030882 0.058824
3 0.021140 0.778105 0.042279 0.093464
3 0.035110 0.848039 0.056985 0.116993
3 0.137500 0.807843 0.069118 0.118954
3 0.300551 0.518954 0.034191 0.054902
3 0.170404 0.603595 0.046691 0.071242
4 0.150919 0.549020 0.054044 0.096732
3 0.220037 0.612418 0.044485 0.071895
4 0.350919 0.478758 0.027574 0.054248
3 0.314154 0.486928 0.027574 0.047059
3 0.271691 0.480065 0.028676 0.055556
3 0.237868 0.481699 0.027941 0.049673
3 0.213051 0.460784 0.034191 0.054902
3 0.297610 0.431699 0.023162 0.038562
3 0.272610 0.419935 0.026103 0.039869
3 0.243750 0.415686 0.024265 0.035294
3 0.311029 0.397386 0.022794 0.030065
3 0.288051 0.393791 0.022426 0.033333
2 0.660846 0.976797 0.040074 0.037255
1 0.666360 0.969281 0.025368 0.036601
0 0.880699 0.806209 0.021691 0.062092
0 0.694118 0.833333 0.019118 0.065359
0 0.697794 0.780392 0.014706 0.054902
0 0.021875 0.646732 0.012868 0.047712
3 0.345588 0.523856 0.029412 0.047712
3 0.289890 0.566013 0.033456 0.052288
3 0.322243 0.447059 0.024632 0.037908
3 0.378493 0.331046 0.017279 0.033333
3 0.332169 0.415686 0.024632 0.037908
3 0.560662 0.632353 0.033088 0.063399
3 0.538235 0.474837 0.024265 0.042484
3 0.529963 0.448693 0.020221 0.049020
3 0.407537 0.855229 0.054779 0.114379
3 0.520772 0.752288 0.040074 0.087582
3 0.408272 0.677124 0.037868 0.065359
3 0.484007 0.600980 0.031985 0.058170
3 0.441544 0.505882 0.024265 0.045752
3 0.431618 0.440850 0.022059 0.039869
3 0.502757 0.375490 0.017279 0.025490
3 0.492096 0.336275 0.016544 0.025490
3 0.473713 0.289869 0.012132 0.022876
1 0.499081 0.416667 0.006985 0.022876