5 0.596113 0.462185 0.017857 0.041083
3 0.617910 0.709150 0.082458 0.129785
3 0.406775 0.854809 0.018382 0.056956
3 0.310137 0.757703 0.034139 0.053221
3 0.561712 0.408030 0.047794 0.042951
5 0.126313 0.895425 0.170693 0.179272
3 0.440914 0.506536 0.016282 0.028945
3 0.690914 0.423903 0.023634 0.028011
3 0.775998 0.285247 0.014181 0.025210
4 0.541229 0.338469 0.008929 0.015873
3 0.456933 0.257703 0.008403 0.016807
3 0.466124 0.233894 0.006828 0.012138
5 0.438550 0.196078 0.013655 0.028011
3 0.474265 0.247899 0.009454 0.015873
3 0.459034 0.212885 0.008403 0.014939
3 0.494223 0.209150 0.009454 0.014939
3 0.463498 0.197012 0.008929 0.016807
3 0.486082 0.192344 0.007878 0.011204
5 0.511292 0.395892 0.014181 0.039216
3 0.469013 0.189076 0.008403 0.015873
3 0.469013 0.218487 0.009454 0.014939
5 0.545168 0.235761 0.012605 0.030812