5 0.246324 0.689076 0.064076 0.098973
3 0.679359 0.650794 0.027836 0.031746
5 0.675683 0.608310 0.064601 0.043884
3 0.391544 0.725023 0.024685 0.047619
3 0.395746 0.705415 0.027836 0.043884
5 0.336660 0.659664 0.050420 0.099907
5 0.367647 0.613912 0.037815 0.071895
3 0.469800 0.719888 0.024685 0.048553
5 0.405725 0.640990 0.021534 0.049486
3 0.466124 0.698413 0.021534 0.039216
3 0.637080 0.679739 0.033613 0.048553
3 0.628676 0.641923 0.022059 0.030812
3 0.722952 0.721755 0.045693 0.046685
3 0.847164 0.812792 0.066176 0.058824
3 0.865809 0.693277 0.034139 0.038282
3 0.813550 0.666200 0.029412 0.034547
3 0.745536 0.782913 0.053046 0.060691
3 0.580357 0.625117 0.027311 0.028945