3 0.472243 0.234314 0.008456 0.009804
4 0.255331 0.910784 0.075368 0.115686
3 0.179412 0.923203 0.088971 0.141830
3 0.024265 0.937255 0.048529 0.122876
3 0.136581 0.852614 0.077574 0.127451
3 0.111765 0.774183 0.069118 0.111765
1 0.838051 0.800980 0.016544 0.049020
0 0.935478 0.718954 0.012132 0.057516
0 0.974081 0.742810 0.015809 0.058170
3 0.113419 0.767320 0.070221 0.095425
3 0.237500 0.759804 0.057353 0.098693
3 0.333456 0.671895 0.050735 0.095425
3 0.181066 0.644118 0.052574 0.077778
3 0.278676 0.657843 0.049265 0.092157
3 0.255699 0.608170 0.044485 0.069935
3 0.308088 0.586275 0.040441 0.064052
3 0.373897 0.517974 0.027206 0.051634
3 0.315074 0.482353 0.031618 0.045752
3 0.406434 0.367974 0.020221 0.033987
3 0.308824 0.430065 0.022794 0.039216
3 0.348713 0.410131 0.020221 0.039869
3 0.324081 0.402614 0.021691 0.032680
3 0.392279 0.314706 0.010294 0.018954
3 0.398713 0.291830 0.011397 0.016340
3 0.386029 0.463725 0.027206 0.045098
3 0.425735 0.290523 0.012500 0.020261
3 0.437684 0.268301 0.010662 0.021569
3 0.443199 0.241176 0.007721 0.011765
3 0.212868 0.521242 0.036029 0.055556
3 0.250184 0.529412 0.040809 0.054902
3 0.264338 0.442810 0.027941 0.042484
3 0.396875 0.270261 0.009191 0.012418
3 0.403493 0.255882 0.009191 0.016340
3 0.417463 0.245425 0.009926 0.011111
3 0.427390 0.242810 0.007721 0.012418
3 0.421691 0.222876 0.008088 0.015686
3 0.428125 0.233660 0.007721 0.012418
8 0.075919 0.680719 0.151838 0.237255
3 0.415074 0.777451 0.046324 0.089542
3 0.521875 0.835948 0.045956 0.111111
3 0.600551 0.862745 0.058456 0.112418
3 0.672978 0.871895 0.064338 0.120261
3 0.644118 0.759804 0.047059 0.096078
3 0.467647 0.595098 0.030882 0.058170
3 0.532169 0.563399 0.027574 0.050980
3 0.476654 0.500327 0.023162 0.038562
3 0.503309 0.428758 0.021324 0.039216
3 0.452022 0.353595 0.015074 0.027451
3 0.468750 0.328105 0.014706 0.027451
3 0.489154 0.307516 0.009926 0.018954
3 0.579963 0.531046 0.026838 0.042484
3 0.567831 0.474837 0.027574 0.045098
3 0.560846 0.445425 0.020221 0.030719
3 0.532537 0.349346 0.017279 0.026797
1 0.548713 0.497386 0.007721 0.032680
2 0.548346 0.497712 0.009191 0.034641
3 0.481066 0.256536 0.011397 0.012418
1 0.009743 0.617647 0.010662 0.044444
0 0.079779 0.567647 0.009559 0.050327
0 0.096140 0.566340 0.007721 0.041176
0 0.101287 0.459804 0.009191 0.041176
1 0.196691 0.427124 0.006618 0.032026
1 0.216912 0.417974 0.008088 0.029412
0 0.245772 0.394771 0.006250 0.030065
0 0.258088 0.366340 0.005147 0.026797
0 0.740257 0.857190 0.016544 0.069935
0 0.777757 0.808170 0.016544 0.063399
0 0.950184 0.842157 0.020221 0.066013
0 0.760110 0.623856 0.010662 0.050327
0 0.768199 0.621895 0.009191 0.049020
0 0.816360 0.661111 0.012868 0.043791
0 0.839154 0.676144 0.012132 0.051634
0 0.920404 0.680065 0.015074 0.052941
0 0.927206 0.480065 0.004412 0.029412
0 0.891728 0.450327 0.005515 0.033987
0 0.904963 0.710458 0.014338 0.056209
0 0.870404 0.653922 0.012132 0.050327
0 0.886213 0.654575 0.011397 0.054248
0 0.836213 0.505229 0.004779 0.030065
0 0.862132 0.509804 0.010294 0.028758
0 0.826654 0.502941 0.006250 0.037255
0 0.764706 0.387582 0.009559 0.015686
0 0.785846 0.356863 0.004779 0.022222
0 0.792647 0.359804 0.006618 0.021569
0 0.841176 0.379412 0.004412 0.028105
1 0.754228 0.803595 0.013603 0.046405
1 0.837316 0.773529 0.018015 0.054248
1 0.852022 0.791830 0.019485 0.054248
3 0.882904 0.847386 0.110662 0.092157
9 0.751287 0.821895 0.016544 0.049020
1 0.781801 0.717320 0.014338 0.050327
9 0.779228 0.729085 0.031250 0.038562
0 0.824081 0.924510 0.019485 0.079085
0 0.845037 0.928431 0.014338 0.063399
0 0.941360 0.725817 0.013603 0.062092
0 0.891912 0.719608 0.011029 0.048366
0 0.891360 0.712745 0.014338 0.056863
0 0.895037 0.655882 0.014338 0.051634
0 0.867463 0.698366 0.012132 0.056863
0 0.875551 0.692484 0.013603 0.049020
1 0.825551 0.824510 0.016544 0.059477
0 0.820037 0.614706 0.015074 0.038562
9 0.823713 0.625163 0.029779 0.038562
0 0.816544 0.496732 0.008824 0.036601
1 0.756250 0.511765 0.013235 0.035294