0 0.255515 0.626797 0.012500 0.045752
0 0.116544 0.520915 0.015441 0.040523
9 0.234926 0.884314 0.022794 0.050980
9 0.309559 0.812418 0.019118 0.048366
9 0.346324 0.674510 0.016176 0.036601
7 0.128309 0.613725 0.061029 0.056209
5 0.342647 0.388889 0.023529 0.043137
9 0.451103 0.371895 0.008088 0.024837
6 0.183456 0.557516 0.072794 0.053595
6 0.367279 0.466013 0.018382 0.037908
0 0.754044 0.749020 0.013971 0.052288
3 0.537132 0.718301 0.038971 0.079739
3 0.234191 0.625490 0.047794 0.064052
3 0.832353 0.683660 0.077941 0.054902
3 0.801471 0.623529 0.069118 0.057516
7 0.283824 0.627451 0.033824 0.065359
5 0.771324 0.569935 0.072059 0.047059
3 0.651103 0.466013 0.022794 0.037908
3 0.720956 0.503922 0.047794 0.035294
3 0.423897 0.418954 0.018382 0.032680
4 0.313971 0.496078 0.044118 0.045752
3 0.393750 0.437908 0.033088 0.039216
7 0.347794 0.537908 0.030882 0.050980
0 0.258088 0.676471 0.016176 0.053595
3 0.309191 0.446405 0.053676 0.037908
9 0.386397 0.524183 0.011029 0.028758
0 0.681250 0.530719 0.012500 0.041830
1 0.106250 0.560131 0.013971 0.035294
9 0.108456 0.577124 0.033088 0.027451
9 0.316912 0.549673 0.035294 0.037908
3 0.334559 0.409804 0.039706 0.030065
7 0.216176 0.544444 0.030882 0.045752
7 0.231618 0.558170 0.054412 0.052288
3 0.388603 0.422876 0.018382 0.035294
7 0.202206 0.658170 0.050000 0.058824
3 0.660662 0.441176 0.037500 0.035294
3 0.376471 0.370588 0.033824 0.030065
7 0.190074 0.542484 0.033088 0.049673
3 0.582721 0.472549 0.024265 0.037908
6 0.354044 0.484314 0.021324 0.037908
3 0.362500 0.353595 0.030882 0.027451
3 0.359926 0.335294 0.025735 0.024837
9 0.352941 0.552288 0.017647 0.030065
0 0.259191 0.630719 0.015441 0.056209
6 0.409559 0.456863 0.013235 0.032680
3 0.672426 0.384967 0.034559 0.030065
0 0.240441 0.418301 0.010294 0.026144
3 0.652941 0.369281 0.032353 0.027451
6 0.338603 0.365359 0.021324 0.024837
1 0.609191 0.391503 0.009559 0.024837
0 0.730882 0.662092 0.014706 0.056209
3 0.558088 0.393464 0.017647 0.031373
3 0.324265 0.592157 0.064706 0.060131
6 0.092279 0.548366 0.056618 0.058824
6 0.080882 0.626797 0.055882 0.056209