3 0.906808 0.702381 0.072545 0.066138
2 0.757068 0.850529 0.017113 0.062169
0 0.815290 0.901124 0.019717 0.066799
0 0.782366 0.752315 0.012649 0.058862
0 0.802269 0.752976 0.013021 0.054894
0 0.771577 0.666997 0.011905 0.048280
0 0.778460 0.596230 0.012277 0.042989
9 0.809710 0.573082 0.012277 0.024471
0 0.746838 0.668651 0.008557 0.048942
2 0.740699 0.616733 0.017113 0.027116
9 0.391741 0.526124 0.016369 0.024471
3 0.906436 0.557870 0.065104 0.041667
3 0.906064 0.537698 0.061384 0.038360
3 0.977679 0.570767 0.042411 0.033069
3 0.960007 0.436177 0.024926 0.037698
3 0.967262 0.480159 0.034226 0.037037
3 0.936942 0.477513 0.029390 0.037037
3 0.449219 0.864749 0.042039 0.107804
3 0.527158 0.773148 0.043155 0.092593
3 0.459263 0.647487 0.032366 0.059524
3 0.496838 0.576720 0.025670 0.044974
3 0.534226 0.504299 0.022321 0.036376
3 0.502418 0.504960 0.020461 0.041667
3 0.454799 0.529762 0.024182 0.044974
3 0.505952 0.432209 0.018601 0.029762
3 0.453125 0.449405 0.019345 0.036376
3 0.484375 0.447421 0.021577 0.031085
4 0.369978 0.952381 0.053943 0.092593
3 0.298549 0.943122 0.059896 0.109788
3 0.088356 0.965278 0.070312 0.065476
3 0.059710 0.915675 0.085938 0.123677
3 0.036458 0.761574 0.072917 0.111772
3 0.317336 0.832672 0.045387 0.083333
3 0.388951 0.833333 0.047247 0.101852
3 0.338542 0.724868 0.042411 0.075397
3 0.398624 0.734127 0.037574 0.071429
3 0.406622 0.665675 0.036458 0.062831
3 0.356399 0.649471 0.040179 0.064815
3 0.185082 0.752646 0.050223 0.091270
3 0.217076 0.828373 0.059896 0.109127
3 0.191778 0.659722 0.046503 0.073413
3 0.118862 0.711971 0.054688 0.086640
3 0.252604 0.603175 0.042411 0.064815
3 0.245908 0.517196 0.034226 0.051587
3 0.296503 0.511905 0.034970 0.050265
3 0.314174 0.545966 0.034598 0.054894
3 0.344122 0.484458 0.029018 0.050926
3 0.284598 0.478836 0.027530 0.044974
3 0.327567 0.446759 0.027158 0.039021
3 0.362909 0.438823 0.024182 0.036376
3 0.318452 0.412037 0.025298 0.038360
3 0.302083 0.402778 0.026786 0.035714
3 0.370722 0.407077 0.021949 0.041667
3 0.352679 0.399140 0.022321 0.031085
3 0.385231 0.385913 0.020461 0.029762
3 0.374070 0.369048 0.021205 0.026455
3 0.455171 0.388228 0.017485 0.029101
3 0.472470 0.410714 0.018601 0.027778
3 0.508743 0.395833 0.016741 0.027116
3 0.485491 0.386243 0.015625 0.027778
3 0.460193 0.353175 0.015625 0.027778
3 0.984003 0.721230 0.030506 0.066799