8 0.251838 0.402428 0.165441 0.128852
3 0.962973 0.575163 0.071954 0.091503
3 0.497637 0.417834 0.066702 0.084967
3 0.633666 0.464986 0.092962 0.072829
3 0.748687 0.423903 0.094013 0.072829
3 0.932248 0.419234 0.084034 0.069094
3 0.071954 0.535014 0.107143 0.091503
3 0.576155 0.099440 0.025210 0.047619
1 0.657563 0.792717 0.024160 0.059757
0 0.435662 0.739963 0.020483 0.064426
0 0.497899 0.767507 0.021008 0.070962
0 0.469275 0.746965 0.022584 0.063492
9 0.846113 0.681139 0.036765 0.045752
0 0.223739 0.514939 0.021008 0.055089
2 0.236607 0.535948 0.041492 0.044818
1 0.235032 0.521942 0.015231 0.041083
9 0.246324 0.313259 0.029412 0.040149
1 0.536765 0.734827 0.017857 0.059757
9 0.536502 0.739029 0.024685 0.075630
0 0.365021 0.238095 0.012605 0.048553
0 0.433036 0.114846 0.007878 0.035481
1 0.040966 0.394024 0.012605 0.041083
9 0.044380 0.410831 0.034139 0.039216
9 0.769170 0.357610 0.029937 0.037348
1 0.772847 0.347339 0.018382 0.044818
9 0.354779 0.197946 0.020483 0.033613
0 0.200105 0.271709 0.014706 0.035481
0 0.184349 0.280579 0.014706 0.045752
2 0.011555 0.349206 0.021008 0.052288
3 0.178571 0.864146 0.110294 0.200747
3 0.484506 0.218954 0.028887 0.064426
5 0.934874 0.836134 0.129202 0.176471
3 0.584296 0.207283 0.030987 0.050420
3 0.477679 0.054155 0.022584 0.044818
3 0.437237 0.072362 0.022584 0.040149
3 0.362658 0.487395 0.096113 0.091503
3 0.649160 0.150327 0.058824 0.041083
3 0.580882 0.020075 0.044118 0.030812
3 0.445641 0.028011 0.022584 0.041083
6 0.662027 0.814192 0.039391 0.098973
0 0.916492 0.690476 0.022059 0.070028
9 0.681197 0.303922 0.011555 0.038282
9 0.718487 0.318861 0.015756 0.042017
9 0.748687 0.310458 0.015231 0.038282
9 0.785452 0.299720 0.009979 0.041083
9 0.803309 0.301120 0.013130 0.038282
9 0.858456 0.319795 0.012080 0.038282
9 0.892332 0.289916 0.014706 0.036415
2 0.904674 0.322596 0.013130 0.040149
9 0.953782 0.322596 0.022059 0.047619
1 0.443803 0.190476 0.012605 0.031746
9 0.443803 0.201214 0.012605 0.042017
0 0.309086 0.696078 0.020483 0.070028
0 0.327468 0.694678 0.018382 0.074697
1 0.485294 0.287115 0.014706 0.040149
6 0.484769 0.295985 0.021008 0.042951
1 0.402574 0.307190 0.015231 0.042951
9 0.403624 0.317927 0.024685 0.038282
1 0.154149 0.661531 0.020483 0.064426
9 0.160189 0.670868 0.038866 0.049486
0 0.064338 0.791783 0.025735 0.063492
0 0.061712 0.803455 0.025735 0.070028
4 0.790704 0.604575 0.088761 0.094304
9 0.336922 0.261905 0.027836 0.032680
9 0.387868 0.194211 0.023634 0.029879
9 0.386817 0.173203 0.024685 0.032680
1 0.691439 0.973389 0.023634 0.047619
9 0.693015 0.974790 0.023634 0.046685
0 0.123424 0.345005 0.019958 0.058824
0 0.416229 0.184874 0.009979 0.037348
1 0.776786 0.500934 0.019958 0.045752
9 0.772059 0.510271 0.035714 0.045752
0 0.405200 0.276844 0.015231 0.045752
0 0.440389 0.117647 0.008929 0.035481
0 0.600840 0.233427 0.012605 0.041083
0 0.598214 0.227358 0.012605 0.040149
1 0.845851 0.666200 0.020483 0.047619
0 0.512868 0.267040 0.015231 0.046685
0 0.503151 0.273109 0.013655 0.042017
9 0.251313 0.330065 0.027836 0.038282
9 0.087710 0.356676 0.019958 0.044818
6 0.659664 0.208217 0.036765 0.050420
9 0.614233 0.178805 0.022584 0.025210