3 0.825735 0.858824 0.064706 0.112418
3 0.916544 0.728758 0.090441 0.066667
7 0.209926 0.855556 0.053676 0.108497
5 0.889706 0.671895 0.073529 0.073203
1 0.795956 0.877778 0.015441 0.048366
0 0.848897 0.509804 0.009559 0.015686
3 0.508088 0.130065 0.010294 0.016993
3 0.527574 0.125490 0.008088 0.018301
2 0.626103 0.395425 0.008088 0.022222
4 0.518750 0.149673 0.011029 0.022222
1 0.619118 0.452941 0.011765 0.022222
3 0.593382 0.174510 0.027941 0.024837
3 0.582721 0.153595 0.028676 0.024837
1 0.516912 0.256209 0.010294 0.023529
0 0.291544 0.777124 0.012500 0.053595
0 0.456618 0.269935 0.008824 0.024837
3 0.668750 0.313072 0.031618 0.022222
3 0.658824 0.288889 0.027941 0.020915
3 0.648162 0.273856 0.034559 0.024837
3 0.625735 0.250327 0.020588 0.024837
3 0.594118 0.218301 0.023529 0.018301
1 0.619118 0.441830 0.007353 0.026144
0 0.630147 0.386275 0.008824 0.027451
0 0.499632 0.316340 0.009559 0.036601
3 0.445588 0.464706 0.023529 0.071895
3 0.445956 0.334641 0.013971 0.031373
3 0.182353 0.608497 0.050000 0.074510
3 0.193750 0.437255 0.033088 0.048366
3 0.216912 0.456863 0.027941 0.045752
3 0.837132 0.536601 0.072794 0.064052
3 0.861397 0.515686 0.066912 0.053595
3 0.741176 0.489542 0.036765 0.048366
0 0.522059 0.373856 0.010294 0.031373