4 0.536239 0.884220 0.138655 0.179272
3 0.241597 0.527077 0.114496 0.103641
3 0.086134 0.485061 0.110294 0.099907
3 0.311975 0.408030 0.094538 0.095238
3 0.216649 0.389823 0.086660 0.075630
3 0.596113 0.347806 0.044118 0.075630
3 0.602416 0.293651 0.040966 0.070028
3 0.623162 0.254902 0.030987 0.056022
3 0.626838 0.229225 0.029937 0.049486
3 0.636817 0.197012 0.024685 0.044818
3 0.652048 0.161064 0.023634 0.043884
3 0.839548 0.452848 0.117122 0.098973
3 0.825893 0.396359 0.097164 0.083100
6 0.456145 0.436975 0.065651 0.061625
0 0.442489 0.552288 0.020483 0.075630
0 0.410189 0.546685 0.017857 0.077498
0 0.423057 0.549020 0.018382 0.072829
9 0.608981 0.569094 0.027836 0.064426
1 0.612920 0.558357 0.016807 0.067227
3 0.446429 0.368347 0.080882 0.077498
3 0.458246 0.345938 0.071954 0.060691
3 0.461397 0.321662 0.081408 0.055089
3 0.465599 0.300187 0.081408 0.043884
3 0.482143 0.283380 0.077731 0.055089
3 0.499737 0.251634 0.071954 0.060691
3 0.529412 0.246965 0.078782 0.066293
3 0.542805 0.222689 0.065651 0.043884
3 0.553834 0.194678 0.059349 0.043884
3 0.567752 0.161064 0.058824 0.038282
3 0.583246 0.143324 0.053046 0.038282
3 0.632090 0.105976 0.018382 0.038282
0 0.571954 0.270308 0.008403 0.043884
0 0.579307 0.274043 0.012605 0.043884
0 0.652574 0.250700 0.015231 0.043884
1 0.589023 0.252568 0.012080 0.032680
0 0.582721 0.220822 0.012080 0.032680
0 0.592174 0.219888 0.012080 0.032680
1 0.686187 0.220822 0.012080 0.032680
2 0.688025 0.238562 0.018908 0.032680
1 0.670956 0.161531 0.008929 0.026144
2 0.670956 0.173203 0.015231 0.021475
3 0.834296 0.288049 0.075105 0.060691
3 0.827468 0.274977 0.080357 0.060691
3 0.828519 0.260504 0.071954 0.065359
3 0.711922 0.105042 0.024685 0.038282
0 0.270221 0.331466 0.012080 0.054155
0 0.285189 0.311391 0.014706 0.055089