3 0.402022 0.798039 0.038603 0.073203
8 0.375551 0.949346 0.082721 0.100000
3 0.392463 0.886275 0.041544 0.081046
3 0.503125 0.738889 0.034191 0.066013
3 0.520037 0.974183 0.046691 0.051634
3 0.564154 0.812092 0.043015 0.081699
3 0.607904 0.764379 0.035662 0.068627
8 0.659375 0.905882 0.112132 0.186928
3 0.928676 0.663072 0.072059 0.045098
3 0.830882 0.630065 0.066176 0.058824
3 0.740074 0.612418 0.055147 0.044444
3 0.863419 0.615686 0.066544 0.050980
3 0.649816 0.587582 0.047426 0.039216
3 0.587500 0.566667 0.051471 0.049673
8 0.716544 0.564706 0.130147 0.094118
3 0.509743 0.551961 0.052574 0.039869
3 0.483088 0.535294 0.045588 0.041830
3 0.445956 0.539869 0.049265 0.035294
3 0.415257 0.522876 0.045956 0.032680
0 0.087132 0.850327 0.019118 0.064052
0 0.120772 0.710131 0.012132 0.050327
3 0.357904 0.509150 0.044485 0.037908
3 0.573713 0.483660 0.029779 0.031373
3 0.475000 0.410784 0.015441 0.021569
4 0.037500 0.630065 0.069118 0.054902
3 0.050184 0.607843 0.075368 0.048366
3 0.072243 0.596078 0.047426 0.049673
3 0.144301 0.579412 0.034191 0.055556
3 0.009926 0.499346 0.019853 0.039216
3 0.078309 0.450000 0.033088 0.025490
3 0.145221 0.413399 0.033088 0.024183
8 0.036949 0.446732 0.073897 0.058170
3 0.056434 0.441176 0.026838 0.027451
3 0.081985 0.470915 0.038971 0.032026
3 0.108456 0.515359 0.047059 0.041176
0 0.161581 0.677124 0.012132 0.049673
0 0.149632 0.690523 0.010294 0.046405
0 0.145588 0.680392 0.013235 0.044444
3 0.335110 0.488235 0.025368 0.035294
3 0.458456 0.383987 0.013235 0.021569
3 0.454596 0.340523 0.010662 0.018301
3 0.494485 0.392484 0.015441 0.024183
3 0.326287 0.469281 0.018750 0.032680
3 0.306985 0.459804 0.016912 0.030719
3 0.362868 0.435294 0.017647 0.027451
4 0.316360 0.425490 0.015809 0.032680
3 0.341544 0.419281 0.016176 0.025490
3 0.322610 0.410458 0.015074 0.026144
3 0.408272 0.417320 0.015809 0.025490
3 0.385846 0.416993 0.013603 0.027451
3 0.484375 0.435294 0.019485 0.027451
9 0.231618 0.572222 0.011029 0.025490
9 0.189706 0.554248 0.009559 0.018301
0 0.599081 0.677778 0.011397 0.043137
0 0.626838 0.687582 0.010294 0.043137
0 0.632537 0.683987 0.010662 0.038562
0 0.638787 0.710131 0.010662 0.042484
9 0.632169 0.621242 0.017279 0.020261
1 0.631066 0.609804 0.011397 0.027451
9 0.608272 0.633333 0.011397 0.022222
1 0.607537 0.622222 0.009926 0.022222
9 0.590441 0.642810 0.019118 0.028105
1 0.591728 0.630065 0.011397 0.030065
2 0.620037 0.656209 0.018015 0.028758
1 0.620588 0.647386 0.012500 0.034641
0 0.978860 0.993464 0.016544 0.011765
1 0.953493 0.967647 0.017279 0.063399
2 0.954228 0.978758 0.024632 0.041176
0 0.977390 0.895752 0.015074 0.058170
0 0.977022 0.872876 0.009926 0.047712
3 0.439890 0.334314 0.011397 0.017647
1 0.763787 0.977451 0.017279 0.043791
1 0.804596 0.972549 0.016544 0.050980
1 0.811581 0.952614 0.014338 0.043791
1 0.743199 0.904902 0.015809 0.050327
1 0.729963 0.859150 0.014338 0.047712
1 0.782721 0.906863 0.016176 0.051634
1 0.755331 0.869935 0.013603 0.043137
1 0.769669 0.927778 0.019485 0.051634
0 0.903860 0.953922 0.018015 0.062092
0 0.879228 0.801634 0.012868 0.052941
0 0.901287 0.796405 0.010662 0.054248
0 0.892831 0.799346 0.012868 0.052288
1 0.952941 0.845425 0.018382 0.055556
1 0.799816 0.900980 0.015809 0.051634
1 0.777022 0.860458 0.015809 0.046405
1 0.725551 0.766340 0.012132 0.037255
1 0.726654 0.821895 0.012132 0.039869
1 0.722610 0.798366 0.012868 0.042484
1 0.750551 0.819281 0.015809 0.035948
1 0.699816 0.781046 0.012132 0.047059
1 0.715625 0.884641 0.009926 0.050327
1 0.706066 0.868301 0.012868 0.051634
0 0.869853 0.908170 0.017647 0.062092
0 0.954412 0.765686 0.013971 0.042484
9 0.858824 0.966013 0.031618 0.047059
3 0.517096 0.846732 0.036397 0.079085
3 0.589522 0.980392 0.052574 0.037908
3 0.755699 0.549346 0.049632 0.035948
3 0.496875 0.383987 0.015074 0.017647
3 0.491728 0.370915 0.012868 0.020261
3 0.456985 0.965359 0.045588 0.065359
3 0.570221 0.687908 0.038971 0.055556
3 0.458456 0.813072 0.036029 0.071895
3 0.521507 0.668301 0.034191 0.051634
3 0.455699 0.695752 0.030515 0.060784
3 0.475184 0.350000 0.012132 0.017647
3 0.467096 0.334314 0.013603 0.015033
3 0.450184 0.311438 0.009191 0.015033