3 0.726366 0.248366 0.032563 0.048553
3 0.715336 0.215219 0.030462 0.042017
0 0.810662 0.309057 0.008929 0.041083
0 0.800158 0.310924 0.011029 0.041083
3 0.592174 0.819795 0.064601 0.177404
3 0.694590 0.168534 0.024685 0.038282
3 0.662553 0.098506 0.015231 0.027077
3 0.373424 0.201681 0.034664 0.046685
3 0.412815 0.121849 0.022059 0.034547
3 0.439076 0.070028 0.017857 0.031746
3 0.445116 0.061625 0.014181 0.028011
3 0.452994 0.048553 0.014181 0.020542
3 0.521271 0.218487 0.032038 0.050420
3 0.481618 0.216153 0.024160 0.042017
3 0.475578 0.190009 0.025735 0.042017
3 0.522847 0.269841 0.026786 0.054155
3 0.528099 0.157330 0.019433 0.028945
3 0.528099 0.135387 0.018382 0.028011
3 0.477153 0.257703 0.032038 0.067227
3 0.481880 0.122782 0.021534 0.034547
3 0.923057 0.380486 0.081408 0.071895
0 0.838498 0.308123 0.008929 0.041083
3 0.701681 0.188142 0.028361 0.038282
3 0.471901 0.011204 0.012080 0.020542
3 0.525210 0.183473 0.022059 0.034547
3 0.491597 0.165266 0.021008 0.041083
3 0.501050 0.135854 0.015756 0.034547
3 0.529149 0.110644 0.017332 0.028945
3 0.568277 0.292250 0.038866 0.061625
3 0.449580 0.367880 0.076681 0.074697
3 0.219013 0.337068 0.076681 0.061625
3 0.033088 0.342670 0.066176 0.056022
8 0.679622 0.373950 0.207983 0.159664
3 0.779674 0.362745 0.068803 0.070028
3 0.636029 0.334267 0.050420 0.052288
2 0.361345 0.389823 0.034664 0.038282
1 0.360819 0.377218 0.018908 0.046685
3 0.825893 0.439309 0.097164 0.075630
2 0.699580 0.265640 0.017857 0.032680
1 0.700630 0.262838 0.015756 0.042017
0 0.273372 0.271242 0.008929 0.040149
0 0.287553 0.261905 0.011029 0.045752
0 0.758403 0.205415 0.008403 0.033613
9 0.751050 0.301587 0.012605 0.031746
1 0.753414 0.290383 0.008929 0.037348
3 0.641282 0.043417 0.011555 0.021475
0 0.260242 0.306256 0.008929 0.039216
0 0.496849 0.299720 0.010504 0.037348