5 0.625000 0.445378 0.019958 0.041083
3 0.532038 0.339869 0.026261 0.069094
3 0.579044 0.576097 0.023634 0.042951
3 0.611082 0.683940 0.035189 0.055089
3 0.638393 0.344071 0.030987 0.023343
3 0.768908 0.249767 0.018908 0.027077
4 0.549632 0.301120 0.008929 0.021475
3 0.407563 0.628385 0.019958 0.050420
3 0.454044 0.402894 0.014181 0.030812
5 0.431197 0.167600 0.014706 0.030812
3 0.510767 0.250700 0.009979 0.017740
3 0.391807 0.465453 0.018908 0.036415
3 0.412815 0.397292 0.014706 0.032680
5 0.495536 0.214286 0.012080 0.025210
3 0.421481 0.343137 0.012080 0.025210
3 0.448792 0.340336 0.012080 0.023343
4 0.472952 0.267507 0.014181 0.034547
5 0.544905 0.184407 0.014181 0.030812