3 0.677784 0.260971 0.032038 0.047619
3 0.661765 0.229225 0.029412 0.042017
0 0.764443 0.329132 0.008929 0.042017
0 0.752363 0.324463 0.009979 0.042017
3 0.563550 0.913165 0.069328 0.171802
3 0.637342 0.173669 0.024685 0.037348
3 0.606880 0.101307 0.015231 0.027077
3 0.304622 0.218487 0.034664 0.046685
3 0.347164 0.133520 0.022059 0.033613
3 0.374212 0.078431 0.017332 0.035481
3 0.378151 0.064893 0.012605 0.023343
3 0.391807 0.050887 0.012605 0.019608
3 0.464023 0.228758 0.030987 0.056022
3 0.423845 0.230626 0.024160 0.042951
3 0.415704 0.202614 0.026786 0.042951
3 0.464023 0.290850 0.027836 0.056956
3 0.469275 0.164332 0.018382 0.028011
3 0.469538 0.140523 0.018908 0.028945
3 0.414653 0.279178 0.032038 0.067227
3 0.422006 0.130252 0.021534 0.034547
3 0.781513 0.384220 0.081933 0.071895
0 0.789916 0.321662 0.009454 0.045752
3 0.650473 0.196545 0.027836 0.038282
3 0.406775 0.012138 0.012080 0.016807
3 0.465336 0.190476 0.024160 0.037348
3 0.429359 0.174603 0.020483 0.039216
3 0.440651 0.146592 0.021008 0.033613
3 0.200368 0.436508 0.087710 0.066293
3 0.469275 0.119981 0.019433 0.027077
3 0.515231 0.224556 0.031513 0.060691
3 0.472426 0.356676 0.071954 0.074697
8 0.573004 0.390289 0.212185 0.158730
3 0.658351 0.368814 0.068803 0.070962
3 0.576681 0.315593 0.047269 0.065359
2 0.395483 0.389823 0.034664 0.038282
1 0.399160 0.383287 0.018908 0.047619
3 0.594538 0.532680 0.100840 0.094304
3 0.843225 0.449580 0.086660 0.083100
2 0.952994 0.408497 0.058298 0.070028
1 0.950368 0.403361 0.019433 0.067227
3 0.337447 0.412698 0.079307 0.065359
0 0.207195 0.290850 0.008929 0.040149
0 0.217174 0.274043 0.011029 0.045752
9 0.717174 0.338002 0.018382 0.031746
1 0.718487 0.324463 0.008403 0.038282
3 0.582983 0.040616 0.011555 0.021475
0 0.122637 0.353408 0.008929 0.043884
0 0.406513 0.326797 0.010504 0.037348