3 0.816176 0.407563 0.022059 0.027077
3 0.837710 0.389823 0.021008 0.027077
5 0.837973 0.415500 0.030987 0.061625
3 0.765756 0.465453 0.030462 0.038282
6 0.656250 0.493464 0.017332 0.036415
3 0.809349 0.375350 0.024160 0.026144
4 0.767332 0.407563 0.024160 0.038282
3 0.692752 0.539216 0.043067 0.049486
3 0.407038 0.910831 0.120798 0.146592
3 0.313813 0.680205 0.091912 0.090570
4 0.418592 0.578431 0.060924 0.084967
3 0.500263 0.581699 0.058298 0.065359
3 0.584559 0.521008 0.046218 0.056022
3 0.661239 0.429972 0.028361 0.034547
5 0.722952 0.386555 0.030987 0.037348
3 0.763655 0.376751 0.023109 0.025210
3 0.790704 0.358077 0.019433 0.025210
5 0.783876 0.337068 0.021534 0.029879
3 0.724527 0.415500 0.026786 0.037348
0 0.313813 0.558824 0.018382 0.058824