9 0.219308 0.412368 0.021949 0.019180
1 0.220796 0.405423 0.007068 0.025132
0 0.260045 0.351521 0.009673 0.037698
9 0.558408 0.280423 0.011905 0.027778
9 0.311942 0.585979 0.018973 0.025132
9 0.492746 0.348214 0.010789 0.019180
1 0.492932 0.340278 0.006696 0.025794
0 0.056548 0.268188 0.007440 0.024471
1 0.306362 0.574405 0.011533 0.032407
9 0.552269 0.326389 0.015253 0.024471
6 0.584821 0.402447 0.027530 0.041667
6 0.565104 0.389550 0.026042 0.041005
0 0.563988 0.299934 0.011161 0.033730
9 0.526786 0.419974 0.015625 0.019841
9 0.526600 0.398479 0.014509 0.012566
3 0.923549 0.013889 0.011533 0.022487
0 0.597284 0.265873 0.003348 0.026455
0 0.915179 0.427249 0.009673 0.038360
9 0.384673 0.352183 0.019345 0.024471
9 0.055432 0.665344 0.037202 0.031746
9 0.053199 0.647817 0.033482 0.031085
9 0.053757 0.625000 0.037574 0.027778
9 0.684152 0.271825 0.013393 0.031746
6 0.674293 0.307209 0.021949 0.032407
0 0.271391 0.676257 0.017485 0.050926
9 0.526786 0.396164 0.013393 0.034392
9 0.695871 0.279101 0.010045 0.027778
9 0.716890 0.258267 0.013393 0.025794
6 0.748326 0.223214 0.018229 0.035053
0 0.766927 0.196759 0.009301 0.024471
0 0.233259 0.332341 0.008185 0.027116
0 0.227307 0.325066 0.026042 0.040344
0 0.540365 0.345238 0.007812 0.033069
4 0.780320 0.873677 0.097842 0.133598
3 0.650856 0.803571 0.083705 0.097884
3 0.563058 0.700728 0.073289 0.090608
3 0.503534 0.601190 0.065104 0.060847
3 0.320499 0.646825 0.051711 0.095238
3 0.065848 0.950728 0.061012 0.091931
0 0.094494 0.657738 0.012649 0.044312
0 0.101190 0.662698 0.013393 0.043651
0 0.099516 0.631283 0.013765 0.042989
0 0.668899 0.719577 0.013393 0.044974
0 0.775298 0.761243 0.012649 0.044974
0 0.787202 0.770833 0.013393 0.046958
0 0.877976 0.505622 0.010417 0.040344
0 0.871838 0.503638 0.012277 0.036376
0 0.218378 0.722553 0.012649 0.042989
0 0.215030 0.703704 0.013393 0.044974
0 0.242188 0.738757 0.013393 0.054233
0 0.241629 0.717262 0.013765 0.046958
4 0.631510 0.384259 0.048735 0.084656
3 0.666667 0.358466 0.031250 0.052910
3 0.691592 0.322090 0.034226 0.050265
3 0.720982 0.289352 0.029762 0.044312
3 0.745722 0.265212 0.033854 0.042328
3 0.765067 0.236772 0.027902 0.037037
3 0.787016 0.211971 0.029390 0.041667
3 0.809338 0.182540 0.029390 0.039683
5 0.834821 0.146495 0.034970 0.060185
3 0.683594 0.378968 0.038318 0.058201
5 0.723586 0.339947 0.034226 0.052910
3 0.821987 0.137897 0.018973 0.031085
3 0.871094 0.119378 0.021949 0.025794
3 0.919457 0.067130 0.018973 0.023148
3 0.582961 0.322751 0.037946 0.041005
9 0.748698 0.286045 0.011533 0.028439
1 0.750186 0.280093 0.005580 0.023148
9 0.784784 0.268188 0.010045 0.023148
1 0.785156 0.262897 0.005580 0.017857
3 0.101190 0.312500 0.043899 0.045635
0 0.144345 0.333003 0.008929 0.032407
7 0.195685 0.356812 0.031994 0.042989
7 0.289062 0.388889 0.036458 0.048942
7 0.248698 0.546627 0.033110 0.078704
6 0.395647 0.597553 0.033110 0.052249
7 0.353423 0.590939 0.037202 0.058862
5 0.406436 0.566138 0.062872 0.066138
6 0.320126 0.453704 0.028646 0.051587
0 0.172061 0.550595 0.010789 0.039021
9 0.191220 0.638889 0.013393 0.044974
1 0.189360 0.622354 0.007440 0.033069
2 0.256696 0.638889 0.011161 0.037037
1 0.250744 0.621362 0.010417 0.033730
9 0.273624 0.645833 0.017485 0.037698
2 0.296131 0.694444 0.014881 0.038360
1 0.296875 0.689484 0.011161 0.037698
9 0.403832 0.749008 0.025670 0.044312
1 0.401042 0.740410 0.014881 0.052249
9 0.175595 0.895833 0.026042 0.050926
1 0.174665 0.883267 0.014509 0.045635
9 0.440104 0.502976 0.019345 0.040344
9 0.452195 0.534061 0.014509 0.032407
9 0.517299 0.549603 0.017485 0.044974
9 0.586868 0.592593 0.010789 0.033069
9 0.580729 0.565476 0.021577 0.033069
7 0.540365 0.437500 0.029390 0.065476
7 0.555246 0.445767 0.021205 0.052910
9 0.559896 0.469246 0.017857 0.029762
2 0.747768 0.532738 0.022321 0.025794
0 0.752418 0.520503 0.007068 0.038360
9 0.803385 0.470899 0.007068 0.038360
6 0.402902 0.953704 0.025298 0.044974
1 0.404204 0.940146 0.015997 0.044312
9 0.608445 0.823082 0.029390 0.039021
1 0.606213 0.817130 0.010789 0.045635
9 0.420201 0.975529 0.018229 0.044974
1 0.420387 0.975529 0.011161 0.043651
9 0.463356 0.978175 0.025670 0.038360
1 0.462426 0.973545 0.016369 0.035714
9 0.486235 0.976521 0.032738 0.041667
1 0.489397 0.972222 0.017485 0.043651
9 0.517113 0.942130 0.014881 0.057540
1 0.516369 0.939815 0.011161 0.051587
7 0.551897 0.947421 0.053943 0.101190
9 0.551897 0.891204 0.021205 0.042989
1 0.551153 0.877976 0.010789 0.039021
9 0.606585 0.862765 0.016741 0.054894
0 0.600632 0.843254 0.012277 0.048942
1 0.595424 0.916336 0.015253 0.040344
1 0.587798 0.869709 0.025298 0.059524
1 0.568080 0.501984 0.011161 0.031746
9 0.465402 0.490410 0.014881 0.025794
1 0.460379 0.477513 0.007812 0.026455
1 0.581845 0.559524 0.014137 0.038360
9 0.379836 0.457341 0.021577 0.032407
1 0.375000 0.449735 0.014137 0.031746
0 0.600074 0.442791 0.006696 0.033730
0 0.444382 0.435185 0.007812 0.041005
9 0.668527 0.433862 0.011161 0.031746
9 0.343192 0.528770 0.025670 0.025794
9 0.197917 0.660714 0.021577 0.038360
7 0.022135 0.758598 0.044271 0.084656
0 0.483817 0.357474 0.007068 0.033730
0 0.482329 0.359458 0.005580 0.027116
7 0.896391 0.079365 0.010789 0.019841
7 0.610677 0.296627 0.018973 0.039021
7 0.152716 0.484458 0.015253 0.032407
9 0.241257 0.699405 0.029390 0.040344
1 0.148624 0.476852 0.010789 0.026455
9 0.111049 0.483796 0.017485 0.025794
9 0.185082 0.540675 0.018229 0.032407
6 0.210751 0.491402 0.033110 0.039683
9 0.174293 0.447751 0.018229 0.025132
9 0.211124 0.455026 0.015253 0.025132
9 0.123698 0.416997 0.018229 0.025794
9 0.227679 0.365410 0.014881 0.035053
1 0.209821 0.448413 0.008185 0.031746