1 0.492188 0.392196 0.009673 0.017196
1 0.500372 0.453042 0.008185 0.022487
0 0.228795 0.650794 0.009673 0.029101
0 0.236235 0.648148 0.009673 0.034392
3 0.488839 0.861772 0.029762 0.083333
3 0.540923 0.885582 0.035714 0.088624
3 0.594866 0.890212 0.026042 0.082011
3 0.510045 0.740079 0.026042 0.056878
3 0.461682 0.646825 0.020089 0.044974
3 0.555060 0.629630 0.025298 0.047619
3 0.351190 0.947090 0.034226 0.097884
6 0.296503 0.960979 0.021577 0.072751
3 0.266369 0.652116 0.028274 0.058201
3 0.309152 0.571429 0.043899 0.029101
3 0.480655 0.558862 0.017857 0.033069
3 0.488095 0.516534 0.017857 0.030423
3 0.460565 0.492725 0.014881 0.027778
4 0.402158 0.542989 0.017113 0.046296
3 0.475818 0.445106 0.014137 0.027778
3 0.385417 0.490079 0.011905 0.025132
3 0.474330 0.415344 0.012649 0.021164
3 0.454985 0.407407 0.009673 0.018519
1 0.291295 0.957011 0.008185 0.025132
1 0.300595 0.951058 0.007440 0.023810
0 0.318452 0.468254 0.005952 0.018519
3 0.395461 0.369048 0.021577 0.018519
3 0.377232 0.365079 0.022321 0.015873
3 0.458705 0.966270 0.034970 0.064815
3 0.339658 0.376323 0.023065 0.017196
0 0.341518 0.466270 0.005952 0.022487
0 0.338170 0.459656 0.006696 0.030423
1 0.632068 0.911376 0.011161 0.029101
9 0.399554 0.438492 0.005952 0.017196
0 0.546875 0.421296 0.005952 0.017196
0 0.583333 0.561508 0.007440 0.027778
9 0.500372 0.451058 0.006696 0.018519
9 0.492932 0.390212 0.006696 0.015873
9 0.433408 0.357143 0.006696 0.015873
0 0.297619 0.468915 0.007440 0.022487