4 0.358718 0.966853 0.030462 0.064426
3 0.732931 0.062092 0.030987 0.060691
2 0.073267 0.126517 0.014181 0.017740
0 0.530725 0.304855 0.012080 0.023343
0 0.542805 0.911765 0.012080 0.025210
0 0.273372 0.683007 0.007878 0.014006
3 0.458771 0.728291 0.021534 0.067227
3 0.502626 0.882820 0.036765 0.066293
3 0.595851 0.479458 0.022584 0.066293
3 0.502626 0.510271 0.030462 0.071895
3 0.540704 0.457049 0.027836 0.058824
3 0.568803 0.301120 0.033613 0.064426
3 0.303046 0.591503 0.047269 0.051354
3 0.318015 0.549020 0.037290 0.046685
3 0.328256 0.510271 0.038866 0.043884
3 0.240546 0.559290 0.038866 0.046685
3 0.271008 0.521942 0.037815 0.041083
3 0.273634 0.472456 0.044118 0.048553
3 0.194853 0.521475 0.037815 0.040149
4 0.214286 0.489262 0.042017 0.046685
3 0.225578 0.444911 0.034139 0.038282
3 0.143645 0.498133 0.043592 0.047619
3 0.162815 0.457516 0.044118 0.048553
3 0.181985 0.422969 0.038340 0.044818
3 0.733193 0.676937 0.042017 0.046685
3 0.732668 0.629318 0.038866 0.046685
3 0.736607 0.577031 0.036239 0.039216
3 0.758403 0.548553 0.039916 0.043884
3 0.769695 0.703548 0.034139 0.036415
3 0.789391 0.663866 0.039916 0.046685
3 0.792805 0.614846 0.041492 0.045752
3 0.822479 0.579832 0.045168 0.050420
3 0.810399 0.725957 0.038866 0.043884
3 0.849527 0.645658 0.040441 0.043884
3 0.860819 0.756769 0.043067 0.049486
3 0.903887 0.673669 0.044118 0.049486
3 0.908351 0.781513 0.044643 0.054155
3 0.957721 0.810458 0.042542 0.048553
3 0.718750 0.840336 0.040441 0.048553
5 0.583771 0.608777 0.048845 0.108310
3 0.445116 0.591503 0.025735 0.066293
5 0.405987 0.431839 0.039916 0.060691
3 0.304359 0.341737 0.037290 0.044818
3 0.129202 0.393557 0.039916 0.043884
3 0.113183 0.429505 0.042542 0.046685
3 0.085872 0.468254 0.042542 0.049486
3 0.076943 0.366480 0.040441 0.038282
3 0.042542 0.437908 0.042017 0.052288
3 0.032300 0.237162 0.040441 0.039216
3 0.090861 0.264706 0.047269 0.051354
4 0.026786 0.268908 0.038866 0.048553
3 0.514443 0.558824 0.030987 0.070028
3 0.636029 0.154995 0.031513 0.067227
3 0.648372 0.200280 0.027836 0.060691
3 0.680147 0.125584 0.028361 0.062558
5 0.675683 0.269374 0.056197 0.122316
0 0.544905 0.259104 0.012080 0.021475
9 0.566964 0.224556 0.009979 0.025210
4 0.991334 0.836601 0.014181 0.048553
3 0.011817 0.390756 0.023634 0.066293