3 0.582458 0.606909 0.018908 0.028011
5 0.130252 0.788515 0.156513 0.254902
5 0.285714 0.648459 0.050420 0.071895
3 0.804884 0.716153 0.043592 0.042951
3 0.605567 0.641923 0.018908 0.027077
5 0.857405 0.650327 0.100315 0.086835
3 0.397059 0.717087 0.024160 0.048553
3 0.404674 0.701681 0.027836 0.043884
5 0.336397 0.654995 0.054097 0.120448
5 0.374212 0.614379 0.043592 0.070962
3 0.473477 0.715686 0.024685 0.049486
5 0.411502 0.638189 0.021534 0.049486
3 0.469013 0.693744 0.021008 0.042951
3 0.823792 0.851541 0.074055 0.070962
3 0.696691 0.683007 0.045693 0.055089
3 0.753414 0.727358 0.051996 0.056022
3 0.625788 0.632120 0.022584 0.031746