4 0.373958 0.688426 0.019792 0.043519
3 0.394792 0.636111 0.013542 0.025926
3 0.470573 0.856019 0.023438 0.052778
3 0.410938 0.900926 0.028125 0.070370
3 0.337760 0.912500 0.032813 0.071296
7 0.316146 0.979630 0.029167 0.038889
1 0.356250 0.964815 0.009375 0.025926
6 0.360156 0.969444 0.021354 0.059259
9 0.574479 0.970370 0.008333 0.038889
6 0.195833 0.964352 0.023958 0.054630
3 0.704427 0.801389 0.038021 0.045370
6 0.680469 0.958796 0.030729 0.047222
5 0.341146 0.794444 0.040625 0.085185
3 0.389062 0.658796 0.016667 0.026852
3 0.409375 0.662963 0.019792 0.029630
3 0.452083 0.650000 0.015625 0.029630
3 0.308854 0.757870 0.042708 0.036111
5 0.333073 0.709722 0.046354 0.037963
6 0.284115 0.956481 0.045312 0.081481
0 0.551823 0.805093 0.006771 0.032407
3 0.379427 0.593519 0.010937 0.022222
4 0.634115 0.801389 0.027604 0.065741
3 0.525260 0.650000 0.014063 0.025926
3 0.326823 0.733333 0.036979 0.027778
1 0.117969 0.991667 0.014063 0.012963
1 0.133594 0.970833 0.014063 0.028704
0 0.152865 0.972685 0.009896 0.032407
0 0.245833 0.807407 0.010417 0.037037
1 0.178125 0.870833 0.010417 0.026852
1 0.175521 0.876852 0.009375 0.027778
3 0.483333 0.627778 0.015625 0.031481
6 0.499740 0.560648 0.009896 0.025000
6 0.490365 0.531944 0.009896 0.023148
9 0.445833 0.571296 0.007292 0.022222
3 0.490365 0.488889 0.010937 0.018519
8 0.503385 0.484259 0.011979 0.033333
9 0.509375 0.677315 0.010417 0.032407
9 0.495573 0.900000 0.014063 0.044444
3 0.444010 0.490741 0.011979 0.022222
3 0.493750 0.475926 0.010417 0.016667
3 0.492188 0.457870 0.008333 0.015741
3 0.494792 0.465278 0.009375 0.013889
3 0.507812 0.449074 0.014583 0.011111
3 0.550000 0.543981 0.013542 0.021296
3 0.227604 0.898611 0.033333 0.067593
6 0.259115 0.900463 0.016146 0.056481
3 0.709896 0.766667 0.030208 0.040741
3 0.298698 0.797222 0.046354 0.042593
3 0.377604 0.631019 0.016667 0.028704
3 0.533854 0.619907 0.011458 0.023148
3 0.530208 0.600000 0.012500 0.020370
3 0.697656 0.720370 0.041146 0.031481
4 0.586458 0.566667 0.026042 0.022222
3 0.394792 0.577315 0.020833 0.019444
3 0.415885 0.581481 0.013021 0.020370
3 0.411719 0.596296 0.014063 0.024074
3 0.432031 0.578241 0.014063 0.023148
3 0.439844 0.544907 0.009896 0.021296
1 0.145052 0.953704 0.016146 0.027778
0 0.159896 0.968519 0.011458 0.038889
1 0.198698 0.838889 0.014063 0.025926
9 0.293750 0.701852 0.016667 0.022222
1 0.166667 0.891204 0.008333 0.028704
9 0.312240 0.880556 0.019271 0.038889
6 0.483073 0.575926 0.007812 0.025926
3 0.453385 0.464815 0.007812 0.016667
8 0.526302 0.535648 0.015104 0.037963
9 0.615885 0.636111 0.007812 0.022222
3 0.696615 0.845833 0.035937 0.060185
6 0.736719 0.893981 0.033854 0.039815
6 0.746875 0.929630 0.035417 0.038889