3 0.384487 0.629960 0.039062 0.065476
3 0.434710 0.626984 0.041295 0.059524
3 0.475632 0.617394 0.040551 0.058862
3 0.518043 0.616402 0.042039 0.059524
3 0.550967 0.595899 0.044643 0.052910
3 0.408296 0.699074 0.045015 0.084656
3 0.460007 0.687500 0.047247 0.077381
3 0.507068 0.685516 0.049107 0.072090
5 0.568824 0.697421 0.062500 0.098545
4 0.600818 0.662037 0.055060 0.068783
3 0.441220 0.821098 0.056548 0.102513
3 0.497954 0.789021 0.051711 0.079365
3 0.550223 0.779762 0.055060 0.083333
3 0.614211 0.793320 0.063988 0.091931
3 0.659412 0.765873 0.068080 0.085979
3 0.538318 0.907738 0.069940 0.119709
3 0.591890 0.869048 0.072173 0.109788
3 0.710379 0.860119 0.077753 0.102513
3 0.703683 0.942791 0.091146 0.111772
3 0.784412 0.955688 0.094122 0.085979
3 0.495164 0.514550 0.031250 0.038360
3 0.844866 0.512566 0.054315 0.044974
3 0.767671 0.500331 0.064360 0.042989
3 0.780320 0.464947 0.050967 0.044974
3 0.523624 0.441138 0.046503 0.037037
3 0.612723 0.450397 0.049107 0.037037
3 0.658110 0.446098 0.044643 0.033730
0 0.064732 0.840608 0.022321 0.075397
3 0.570871 0.434854 0.042783 0.035053
3 0.429129 0.435185 0.045015 0.031746
3 0.452009 0.424603 0.046131 0.031746
3 0.512091 0.419312 0.042039 0.027778
3 0.481027 0.410384 0.041667 0.031085
3 0.510975 0.402447 0.047247 0.027116
3 0.383557 0.416336 0.043155 0.033730
4 0.341704 0.418651 0.048735 0.042328
3 0.265997 0.413690 0.043155 0.032407
3 0.307850 0.408730 0.037574 0.027778
3 0.239211 0.389550 0.039435 0.031746
0 0.101190 0.634590 0.011905 0.048280
0 0.013207 0.704696 0.018229 0.060185
0 0.060640 0.580026 0.010417 0.042328
0 0.104167 0.577050 0.011905 0.046958
0 0.121652 0.584987 0.010417 0.042989
0 0.114955 0.574405 0.011905 0.041667
0 0.123140 0.550926 0.010417 0.047619
0 0.149926 0.577050 0.010417 0.036376
0 0.148438 0.565807 0.012649 0.040344
0 0.194010 0.584987 0.015253 0.042989
0 0.186570 0.544312 0.011533 0.039683
0 0.223586 0.577712 0.014881 0.041667
0 0.246838 0.572090 0.013021 0.042328
0 0.251302 0.561508 0.015997 0.047619
2 0.236049 0.539021 0.025670 0.023810
1 0.234003 0.526455 0.011905 0.031746