4 0.500525 0.051354 0.025210 0.050420
2 0.512342 0.239029 0.008929 0.031746
1 0.511292 0.226424 0.008929 0.027077
3 0.501838 0.550887 0.043592 0.093371
9 0.480567 0.151261 0.009454 0.020542
3 0.821429 0.949113 0.170168 0.098039
0 0.940914 0.880952 0.029937 0.083100
3 0.646534 0.867414 0.081933 0.205415
3 0.762605 0.777311 0.123950 0.098039
9 0.222689 0.885621 0.024160 0.092437
7 0.273372 0.711018 0.057248 0.126050
2 0.962973 0.799720 0.034139 0.077498
3 0.408351 0.884687 0.066702 0.228758
3 0.469275 0.178338 0.027836 0.048553
7 0.378414 0.337535 0.023634 0.081232
3 0.301733 0.494398 0.059349 0.120448
4 0.423319 0.301120 0.031513 0.086835
3 0.662027 0.459851 0.082458 0.071895
3 0.654937 0.392624 0.082983 0.066293
4 0.522321 0.180672 0.024685 0.053221
0 0.739233 0.449580 0.015231 0.058824
0 0.789128 0.539216 0.012080 0.040149
3 0.724527 0.659664 0.090861 0.083100
0 0.709559 0.514472 0.015756 0.065359
9 0.757353 0.415033 0.025210 0.043884
0 0.777836 0.397292 0.012605 0.055089
0 0.760767 0.347339 0.013130 0.052288
0 0.742910 0.346872 0.012080 0.055089
0 0.731355 0.345938 0.012080 0.049486
0 0.754464 0.311391 0.012080 0.049486
3 0.616071 0.289449 0.060924 0.048553
3 0.602941 0.241830 0.070378 0.042951
3 0.419118 0.176004 0.026261 0.055089
3 0.627363 0.167600 0.032038 0.053221
0 0.618960 0.201681 0.009979 0.033613
2 0.012868 0.785714 0.024685 0.064426
3 0.299632 0.208683 0.063550 0.051354
3 0.322742 0.182540 0.059349 0.042017
0 0.753676 0.464052 0.011555 0.050420
0 0.761029 0.456116 0.009454 0.053221
3 0.467700 0.105042 0.024685 0.036415
3 0.454044 0.053688 0.018382 0.028945
3 0.458508 0.030345 0.017857 0.028945
3 0.459559 0.010271 0.014706 0.020542
0 0.479779 0.138189 0.009979 0.018674