3 0.091332 0.360780 0.048735 0.035053
3 0.661830 0.697421 0.048363 0.117063
4 0.777902 0.793981 0.061756 0.140873
3 0.203125 0.427579 0.055060 0.042989
4 0.347284 0.444775 0.057664 0.050926
3 0.797433 0.209987 0.018229 0.024471
3 0.724702 0.197090 0.009673 0.013228
0 0.585751 0.370701 0.006324 0.031085
0 0.579799 0.369048 0.005580 0.026455
0 0.568638 0.371362 0.006324 0.031085
0 0.560268 0.370040 0.008185 0.031085
3 0.697359 0.189153 0.004836 0.011905
4 0.819568 0.197090 0.013393 0.023810
3 0.682478 0.191138 0.004836 0.013228
3 0.185454 0.364749 0.046503 0.035053
0 0.064732 0.437831 0.016369 0.052910