3 0.707721 0.402894 0.068803 0.099907
3 0.827206 0.658730 0.105042 0.159664
3 0.879989 0.532213 0.083508 0.143791
3 0.844800 0.279178 0.058298 0.084034
3 0.764706 0.182540 0.055672 0.060691
3 0.815126 0.156863 0.047269 0.056022
3 0.850578 0.138655 0.044643 0.051354
3 0.912290 0.098973 0.036765 0.056022
3 0.453519 0.245098 0.046744 0.066293
3 0.490284 0.243231 0.046744 0.066293
3 0.568540 0.214286 0.062500 0.060691
3 0.604254 0.150794 0.043592 0.055089
3 0.943277 0.168067 0.040966 0.070962
3 0.942489 0.083567 0.027836 0.038282
3 0.961397 0.070495 0.024685 0.038282
3 0.977416 0.060691 0.021008 0.033613