3 0.559007 0.976797 0.059191 0.043791
3 0.440625 0.237582 0.011397 0.011111
3 0.481434 0.334967 0.016544 0.029412
3 0.315993 0.683333 0.044485 0.081699
3 0.256801 0.678105 0.049632 0.088235
3 0.341360 0.606209 0.034926 0.067320
3 0.304412 0.551961 0.036765 0.062092
3 0.113051 0.722876 0.068015 0.095425
4 0.096507 0.640196 0.076838 0.126144
3 0.165441 0.748039 0.063971 0.101307
4 0.363419 0.508824 0.034191 0.066013
3 0.326838 0.512745 0.030147 0.055556
3 0.258272 0.545752 0.037132 0.070588
3 0.219118 0.538889 0.035294 0.056863
3 0.198346 0.511438 0.039338 0.056863
3 0.298529 0.473203 0.025735 0.045752
3 0.269485 0.456536 0.026471 0.046405
3 0.241360 0.448693 0.026103 0.039869
3 0.317831 0.429739 0.023897 0.037255
3 0.289522 0.421242 0.023162 0.035948
3 0.277390 0.392810 0.022426 0.036601
3 0.313971 0.379412 0.021324 0.034641
0 0.962132 0.920588 0.022059 0.079085
0 0.754228 0.891830 0.015074 0.055556
0 0.752390 0.943464 0.015809 0.064706
0 0.777574 0.781046 0.014706 0.066667
0 0.819485 0.724183 0.010294 0.057516
0 0.809191 0.727451 0.011765 0.037908
0 0.799265 0.697386 0.015441 0.061438
0 0.717279 0.745752 0.014706 0.058824
0 0.729044 0.756209 0.014706 0.069281
0 0.695221 0.630719 0.010294 0.050980
0 0.702941 0.852288 0.015441 0.065359
3 0.348529 0.561438 0.034559 0.061438
3 0.289522 0.606863 0.040074 0.064706
3 0.332721 0.466013 0.027206 0.041830
3 0.395588 0.351961 0.019853 0.033333
3 0.347978 0.432353 0.024632 0.042484
3 0.379412 0.333987 0.016912 0.028758
3 0.403493 0.299673 0.014338 0.022876
3 0.583640 0.650654 0.037868 0.063399
3 0.563051 0.502614 0.028309 0.044444
3 0.554228 0.470915 0.022426 0.049020
3 0.436029 0.821242 0.050000 0.106536
3 0.535294 0.730392 0.040441 0.080392
3 0.433272 0.655556 0.037132 0.065359
3 0.498713 0.578758 0.029779 0.056863
3 0.457537 0.481046 0.022426 0.041830
3 0.451471 0.418954 0.021324 0.037908
3 0.525919 0.387908 0.017279 0.025490
3 0.515625 0.345425 0.016544 0.025490
3 0.496507 0.294444 0.012132 0.022876
1 0.524816 0.424837 0.007721 0.023529
0 0.772059 0.635948 0.013971 0.050980