3 0.498884 0.493386 0.034970 0.084656
3 0.552455 0.344577 0.030506 0.056878
3 0.542411 0.133598 0.014881 0.034392
3 0.242560 0.681878 0.065476 0.128307
3 0.287202 0.558862 0.059524 0.096561
3 0.355283 0.439153 0.043899 0.066138
3 0.355655 0.382275 0.038690 0.063492
3 0.670015 0.662037 0.049851 0.115079
3 0.680804 0.548942 0.084821 0.076720
3 0.468378 0.211640 0.020089 0.039683
3 0.360491 0.932540 0.069196 0.126984
3 0.630952 0.443783 0.031250 0.062169
3 0.680060 0.482143 0.035714 0.080688
3 0.942708 0.773148 0.078869 0.125661
3 0.875372 0.646164 0.087054 0.115079
0 0.913318 0.869048 0.023065 0.058201
3 0.568452 0.156746 0.016369 0.035714
3 0.540551 0.423942 0.033482 0.067460
3 0.558408 0.226190 0.023065 0.039683
3 0.373140 0.335317 0.029018 0.059524
3 0.396949 0.262566 0.023065 0.051587