1 0.180432 0.875661 0.057292 0.108466
9 0.829613 0.701720 0.061012 0.138889
1 0.829613 0.667328 0.050595 0.128307
1 0.821057 0.651455 0.030506 0.093915
0 0.442336 0.425265 0.017113 0.062169
0 0.443824 0.400132 0.021577 0.080688
9 0.553199 0.297619 0.023065 0.052910
1 0.552827 0.281085 0.019345 0.054233
9 0.515625 0.314153 0.016369 0.064815
0 0.417783 0.351852 0.017113 0.076720
0 0.439732 0.330026 0.025298 0.075397
0 0.472470 0.376984 0.026786 0.087302
0 0.283110 0.385582 0.021577 0.078042
0 0.312128 0.347222 0.014137 0.054233
0 0.311012 0.328704 0.016369 0.062169
1 0.408854 0.256614 0.018601 0.029101
0 0.505580 0.257275 0.015625 0.062169
7 0.593006 0.190476 0.022321 0.050265
9 0.461310 0.326720 0.043155 0.060847