3 0.344013 0.556022 0.095588 0.077498
9 0.342962 0.110644 0.010504 0.025210
1 0.342437 0.112045 0.010504 0.026144
3 0.714023 0.975724 0.101366 0.046685
3 0.497637 0.603175 0.061450 0.115780
4 0.365021 0.173203 0.023109 0.043884
0 0.011555 0.834734 0.023109 0.069094
3 0.413866 0.291317 0.034664 0.048553
3 0.268908 0.694211 0.096639 0.098039
2 0.166229 0.849673 0.033088 0.070962
3 0.888655 0.188609 0.042017 0.035481
3 0.706670 0.060224 0.026786 0.025210
4 0.712973 0.094771 0.026786 0.027077
3 0.948267 0.227358 0.043592 0.036415
3 0.941176 0.207283 0.036765 0.037348
3 0.977941 0.163866 0.034664 0.040149
3 0.235557 0.126517 0.018382 0.030812
4 0.220588 0.073763 0.018908 0.037348
5 0.260504 0.101307 0.014706 0.028945
4 0.381040 0.144258 0.020483 0.036415
3 0.248424 0.083567 0.016807 0.025210
3 0.274160 0.068627 0.030462 0.027077
3 0.257090 0.543884 0.088761 0.075630
3 0.231355 0.039216 0.013130 0.020542
3 0.351891 0.454248 0.057773 0.073763
3 0.309349 0.133520 0.023109 0.033613
0 0.029674 0.826797 0.023634 0.075630
0 0.041492 0.806723 0.022059 0.078431
9 0.058298 0.762838 0.031513 0.061625
1 0.051471 0.741363 0.018908 0.056022
0 0.010767 0.810924 0.021534 0.068161
3 0.924632 0.221755 0.040441 0.034547
3 0.918855 0.192810 0.036239 0.032680
4 0.856880 0.181606 0.037290 0.032680
4 0.838498 0.176004 0.032038 0.036415
4 0.854254 0.156396 0.036239 0.034547
4 0.837973 0.147993 0.035189 0.032680
3 0.824842 0.168534 0.036239 0.028945
3 0.809086 0.164799 0.033088 0.030812
3 0.785977 0.154528 0.027836 0.027077
3 0.772321 0.144258 0.027836 0.025210
3 0.857405 0.118114 0.027836 0.025210
3 0.840599 0.112512 0.026786 0.028945
3 0.831670 0.104108 0.032038 0.030812
3 0.813288 0.100373 0.025735 0.027077
3 0.791229 0.090103 0.030987 0.032680
3 0.766019 0.081699 0.029937 0.027077
3 0.724527 0.065826 0.026786 0.028945