0 0.879464 0.234127 0.020833 0.076720
0 0.791295 0.228836 0.018601 0.068783
0 0.924479 0.862434 0.069196 0.246032
0 0.929315 0.298280 0.032738 0.099206
0 0.332961 0.160053 0.017113 0.055556
0 0.312872 0.148810 0.011161 0.067460
0 0.350446 0.173280 0.011905 0.050265
0 0.191964 0.106481 0.016369 0.048942
0 0.918155 0.273148 0.023810 0.064815
1 0.567336 0.022487 0.014137 0.026455
2 0.567336 0.035053 0.027530 0.025132
0 0.514881 0.441138 0.028274 0.149471
0 0.879464 0.254630 0.019345 0.091270
0 0.666295 0.187831 0.017113 0.066138
0 0.674851 0.644841 0.037202 0.212963
0 0.417039 0.501984 0.039435 0.152116
0 0.421503 0.426587 0.031994 0.128307
0 0.203869 0.481481 0.031250 0.156085
0 0.317336 0.448413 0.026042 0.142857
0 0.423363 0.394180 0.028274 0.134921
0 0.257440 0.478175 0.032738 0.149471
0 0.488095 0.615741 0.040179 0.194444
0 0.379464 0.403439 0.028274 0.140212
0 0.220238 0.361111 0.028274 0.119048
0 0.381696 0.310185 0.019345 0.101852
0 0.452009 0.301587 0.021577 0.100529
0 0.558036 0.211640 0.019345 0.084656
0 0.896577 0.307540 0.028274 0.112434
0 0.441220 0.288360 0.019345 0.124339
1 0.790923 0.281746 0.020833 0.082011
0 0.814360 0.279762 0.024554 0.080688
0 0.365699 0.182540 0.012649 0.037037
1 0.990699 0.972222 0.017113 0.052910
1 0.547619 0.334656 0.023810 0.063492
1 0.528646 0.324735 0.023065 0.059524
0 0.544643 0.173280 0.016369 0.066138
0 0.149554 0.328042 0.020833 0.060847
1 0.098214 0.332672 0.032738 0.059524
2 0.438616 0.353836 0.036458 0.062169
0 0.622768 0.156085 0.014881 0.071429
1 0.148065 0.133598 0.010417 0.026455
0 0.178571 0.132275 0.014881 0.042328
0 0.795759 0.192460 0.014137 0.054233
0 0.413690 0.115741 0.013393 0.054233
0 0.390625 0.099868 0.010417 0.048942
1 0.134301 0.125000 0.017113 0.025132
1 0.118676 0.117725 0.017113 0.029101
0 0.232515 0.134259 0.012649 0.046296
0 0.732515 0.236772 0.018601 0.084656
0 0.977307 0.428571 0.043899 0.145503
0 0.927827 0.228175 0.022321 0.067460
0 0.602307 0.107143 0.014137 0.039683
0 0.591146 0.089286 0.011161 0.033069
1 0.908110 0.200397 0.020089 0.038360
1 0.946057 0.205026 0.017113 0.031746
1 0.932664 0.201058 0.018601 0.034392