3 0.496280 0.556217 0.022321 0.041005
3 0.511533 0.630952 0.021577 0.047619
3 0.524182 0.382937 0.011161 0.022487
3 0.515253 0.417328 0.012649 0.022487
3 0.551711 0.303571 0.011161 0.017196
3 0.543899 0.582011 0.017857 0.037037
3 0.508557 0.478836 0.017113 0.037037
3 0.546503 0.324735 0.009673 0.017196
3 0.456473 0.374339 0.015625 0.026455
3 0.844494 0.336640 0.025298 0.022487
3 0.537574 0.353175 0.021577 0.015873
3 0.434524 0.448413 0.022321 0.037037
3 0.501488 0.320767 0.007440 0.017196
3 0.483631 0.371693 0.016369 0.021164
9 0.542039 0.478836 0.006696 0.021164