3 0.491146 0.666204 0.017708 0.041667
4 0.542188 0.937500 0.037500 0.099074
3 0.673177 0.787500 0.032813 0.063889
3 0.485938 0.518981 0.014583 0.028704
3 0.264323 0.933796 0.044271 0.084259
5 0.292708 0.838889 0.048958 0.094444
4 0.333594 0.720370 0.033854 0.068519
8 0.351562 0.674074 0.035417 0.081481
4 0.468229 0.681481 0.031250 0.046296
3 0.386458 0.769444 0.028125 0.062963
3 0.443490 0.613889 0.018229 0.037037
3 0.609896 0.749537 0.028125 0.060185
3 0.578385 0.613889 0.032813 0.033333
3 0.271615 0.645833 0.042188 0.034259
6 0.163542 0.818981 0.031250 0.052778
0 0.479948 0.640741 0.006771 0.029630
0 0.680990 0.852778 0.009896 0.037037
9 0.420052 0.595833 0.007812 0.023148
9 0.733854 0.949074 0.030208 0.037037
8 0.503385 0.486574 0.014063 0.037963
3 0.377865 0.614815 0.020313 0.035185
3 0.386198 0.583333 0.016146 0.037037
3 0.402604 0.562037 0.016667 0.035185
9 0.407552 0.597685 0.011979 0.021296
3 0.425000 0.556481 0.015625 0.027778
3 0.513802 0.601389 0.018229 0.028704
3 0.516406 0.656019 0.018229 0.036111
0 0.461458 0.529167 0.006250 0.021296
3 0.305990 0.610185 0.025521 0.037037
4 0.347396 0.610185 0.025000 0.044444
3 0.585417 0.520833 0.026042 0.025000
3 0.582031 0.505556 0.023438 0.024074
0 0.474219 0.525463 0.006771 0.023148
3 0.318490 0.772685 0.036979 0.063889