3 0.025484 0.940476 0.050967 0.117725
3 0.114583 0.908730 0.083333 0.133598
3 0.190476 0.850529 0.081845 0.119048
3 0.264509 0.815476 0.077381 0.107143
3 0.309896 0.744709 0.076637 0.095238
3 0.261533 0.957341 0.107143 0.082672
5 0.375744 0.942791 0.125744 0.113095
4 0.411458 0.868717 0.102679 0.130291
3 0.183780 0.587632 0.039435 0.064153
3 0.629278 0.484458 0.064360 0.050926
3 0.545387 0.495040 0.078125 0.058862
3 0.684896 0.417659 0.057292 0.045635
3 0.514323 0.442791 0.055432 0.042989
3 0.589100 0.420304 0.056920 0.042989
3 0.377790 0.457672 0.064360 0.043651
3 0.387277 0.438823 0.061012 0.040344
3 0.061012 0.416005 0.057292 0.044974
3 0.215030 0.485450 0.075893 0.050265
3 0.153832 0.464616 0.067336 0.052249
3 0.280878 0.401124 0.057292 0.037698
3 0.356399 0.396164 0.054315 0.035714
8 0.247768 0.416997 0.135417 0.090608
3 0.056920 0.495040 0.068452 0.045635
3 0.028274 0.477844 0.053571 0.048280
3 0.020833 0.441138 0.041667 0.038360
3 0.167783 0.415344 0.052083 0.044974
3 0.431362 0.393519 0.046503 0.039683
3 0.528832 0.383267 0.050967 0.040344
3 0.419643 0.415013 0.052083 0.040344
3 0.657366 0.347884 0.052083 0.034392
3 0.611421 0.375331 0.047247 0.035053
3 0.702753 0.342923 0.045387 0.032407
3 0.671875 0.366733 0.046131 0.037698
9 0.133557 0.627315 0.040179 0.040344
2 0.115141 0.573413 0.035342 0.037037
2 0.159784 0.556548 0.030134 0.032407
0 0.069010 0.647487 0.021205 0.060847
0 0.111607 0.561839 0.013393 0.040344
2 0.541667 0.810516 0.037202 0.069444
0 0.543155 0.798942 0.022321 0.064815
9 0.542411 0.784392 0.037202 0.066138
1 0.542225 0.779431 0.022693 0.073413
9 0.614397 0.764550 0.030134 0.059524
0 0.683966 0.692791 0.016741 0.064153
0 0.693080 0.752315 0.018601 0.062831
0 0.621094 0.840608 0.021205 0.070106
0 0.680060 0.643188 0.015625 0.068122
0 0.685826 0.630291 0.016741 0.066138
6 0.681362 0.837963 0.049479 0.054233
2 0.730097 0.848876 0.029390 0.066799
9 0.749814 0.866402 0.026414 0.097884
0 0.757068 0.735780 0.017113 0.074735
0 0.820126 0.736442 0.027158 0.066799
1 0.848028 0.730489 0.021205 0.046958
1 0.834077 0.713955 0.019345 0.040344
9 0.780320 0.879960 0.047247 0.095899
2 0.754836 0.781415 0.046131 0.066799
1 0.756510 0.763558 0.029390 0.061508
0 0.890067 0.730489 0.023438 0.072090
0 0.955171 0.969246 0.026414 0.060185
0 0.674107 0.558201 0.011905 0.056878
0 0.666667 0.557209 0.011905 0.050926
0 0.702195 0.628638 0.015253 0.056217
0 0.741815 0.688161 0.016369 0.061508
0 0.697731 0.689484 0.014509 0.061508
0 0.704799 0.684854 0.014509 0.064153
0 0.805990 0.960979 0.020461 0.076720
0 0.698847 0.496362 0.012277 0.049603
0 0.583519 0.532077 0.011533 0.049603
0 0.742001 0.592262 0.015997 0.068122
2 0.492001 0.852183 0.044271 0.053571
2 0.636719 0.795966 0.025670 0.049603
2 0.653088 0.808532 0.028646 0.042989