2 0.090074 0.263305 0.011029 0.033613
2 0.102679 0.270308 0.011029 0.036415
2 0.116334 0.266573 0.012080 0.038282
3 0.144695 0.253968 0.042542 0.070962
3 0.190914 0.212418 0.046744 0.062558
0 0.221376 0.404762 0.012080 0.047619
3 0.673582 0.294585 0.065651 0.058824
0 0.576418 0.105976 0.006828 0.032680
0 0.584559 0.104108 0.007353 0.032680
3 0.047269 0.338469 0.075630 0.055089
0 0.499475 0.163399 0.008403 0.041083
0 0.612395 0.174603 0.014706 0.033613
6 0.451418 0.132586 0.020483 0.061625
0 0.670431 0.763305 0.015231 0.043884
0 0.663866 0.743231 0.015756 0.042951
0 0.658876 0.521008 0.011029 0.041083
0 0.674107 0.541550 0.011029 0.044818
0 0.649422 0.525677 0.008929 0.037348
0 0.919905 0.950980 0.017332 0.043884
6 0.553834 0.841737 0.021534 0.084967
0 0.490809 0.166200 0.008929 0.037348
0 0.657826 0.766106 0.014181 0.053221
3 0.571166 0.271242 0.064601 0.060691
0 0.824317 0.415966 0.014181 0.040149
3 0.603729 0.950980 0.045693 0.096172
2 0.610557 0.341270 0.023634 0.032680
3 0.169380 0.436508 0.080357 0.088702
3 0.300945 0.576564 0.068277 0.111111
3 0.393645 0.906629 0.049895 0.140056
3 0.410714 0.277778 0.034664 0.098039
2 0.705620 0.956583 0.036239 0.043884
2 0.688550 0.860411 0.031513 0.040149
2 0.305935 0.750233 0.018382 0.043884
6 0.222952 0.827731 0.036239 0.120448
3 0.345588 0.397759 0.037815 0.108310
3 0.355305 0.279645 0.033088 0.088702
3 0.639706 0.377684 0.073529 0.058824
2 0.473477 0.063492 0.009979 0.054155
3 0.386029 0.032213 0.026261 0.062558
0 0.802784 0.412232 0.012080 0.043884
2 0.159926 0.913165 0.016282 0.056022
0 0.240021 0.119981 0.009454 0.042017
2 0.485294 0.076097 0.008403 0.043884
2 0.478729 0.178338 0.012080 0.044818
2 0.544380 0.363212 0.012080 0.044818
0 0.605567 0.430439 0.010504 0.044818
0 0.559086 0.377218 0.008929 0.041083
0 0.597426 0.628385 0.011029 0.044818
2 0.478992 0.110177 0.012605 0.044818
0 0.688288 0.645191 0.011029 0.041083
2 0.489233 0.229692 0.015231 0.041083
2 0.630777 0.441176 0.022059 0.043884
2 0.477679 0.362278 0.019433 0.041083
2 0.469275 0.320261 0.017332 0.044818
2 0.577994 0.317460 0.023634 0.033613
0 0.368435 0.205415 0.008929 0.044818
0 0.750000 0.963119 0.023109 0.049486
0 0.760504 0.936508 0.010504 0.042951
0 0.737395 0.955182 0.015756 0.057890
0 0.747637 0.925770 0.009979 0.058824
2 0.864758 0.956583 0.030987 0.042017
2 0.867384 0.937908 0.032038 0.028945
2 0.884716 0.946312 0.024685 0.028945
2 0.886817 0.915033 0.039391 0.042951
0 0.880252 0.828665 0.024160 0.043884
2 0.850840 0.876284 0.016807 0.075630
0 0.796481 0.821662 0.016282 0.046685
0 0.790966 0.806723 0.015756 0.044818
2 0.897584 0.708683 0.024160 0.057890
2 0.917805 0.705882 0.023634 0.057890
2 0.938550 0.704482 0.024160 0.045752
0 0.593750 0.119981 0.012080 0.038282
0 0.601891 0.106909 0.008403 0.027077
0 0.596639 0.093371 0.006303 0.026144
0 0.610557 0.128385 0.012080 0.032680
0 0.248424 0.020542 0.016807 0.041083