3 0.638130 0.024743 0.049370 0.045752
0 0.715074 0.110644 0.012080 0.045752
0 0.751576 0.150794 0.017857 0.055089
9 0.456933 0.149393 0.012605 0.041083
1 0.456933 0.132120 0.013655 0.036415
9 0.436450 0.147526 0.014706 0.037348
1 0.435924 0.131653 0.012605 0.037348
3 0.577731 0.359010 0.051471 0.098039
9 0.661502 0.370682 0.024685 0.063492
1 0.659926 0.357143 0.021534 0.053221
3 0.677784 0.758170 0.100315 0.231559
1 0.586134 0.025210 0.010504 0.050420
1 0.943277 0.515873 0.013655 0.060691
1 0.957983 0.517740 0.016807 0.049486
3 0.205095 0.449580 0.132878 0.135387
0 0.279674 0.676471 0.020483 0.073763
0 0.288078 0.652194 0.020483 0.090570
3 0.250000 0.541083 0.025210 0.086835
9 0.308824 0.528945 0.031513 0.096172
0 0.071166 0.594304 0.033088 0.083100
0 0.074317 0.582166 0.028887 0.086835
3 0.569853 0.139122 0.042017 0.067227
0 0.716912 0.485061 0.021008 0.083100
0 0.895746 0.789916 0.032038 0.095238
0 0.920431 0.859477 0.035189 0.096172
0 0.922006 0.819795 0.036239 0.091503
4 0.551996 0.074230 0.031513 0.058824
4 0.378414 0.246032 0.050945 0.127918
3 0.548582 0.033147 0.030987 0.049486
1 0.584296 0.027544 0.012080 0.032680
3 0.489496 0.754902 0.078782 0.234360
6 0.413078 0.107376 0.022584 0.050420
0 0.395483 0.159664 0.016807 0.054155
3 0.469800 0.473856 0.061450 0.154062
3 0.480042 0.288982 0.046218 0.101774
6 0.706933 0.351074 0.028361 0.078431
3 0.502626 0.084500 0.032563 0.058824
1 0.720851 0.337535 0.017332 0.045752
0 0.732143 0.348273 0.017857 0.072829
9 0.766544 0.396359 0.043592 0.053221
0 0.745536 0.262372 0.015231 0.057890
0 0.908088 0.447712 0.017857 0.083100
9 0.951155 0.555556 0.053571 0.067227
0 0.802258 0.381886 0.017332 0.069094
9 0.732405 0.329132 0.038340 0.049486
0 0.716124 0.173669 0.012080 0.052288
0 0.728729 0.173203 0.009979 0.055089
3 0.680410 0.061158 0.067752 0.058824
0 0.645221 0.092437 0.012080 0.048553
0 0.767595 0.280579 0.017332 0.064426
0 0.651786 0.084967 0.012605 0.048553