4 0.396615 0.606944 0.017188 0.036111
3 0.409896 0.574074 0.014583 0.025926
3 0.440365 0.695370 0.019271 0.046296
3 0.453125 0.629167 0.015625 0.030556
3 0.455208 0.588889 0.013542 0.031481
3 0.380208 0.745370 0.027083 0.050000
7 0.368229 0.782407 0.020833 0.044444
9 0.404948 0.746759 0.008854 0.030556
6 0.393750 0.718519 0.013542 0.031481
6 0.421354 0.674074 0.010417 0.031481
3 0.594792 0.836111 0.055208 0.046296
9 0.557813 0.826852 0.010417 0.037037
0 0.548438 0.850000 0.009375 0.038889
9 0.552083 0.781944 0.009375 0.036111
3 0.657292 0.681481 0.029167 0.037037
5 0.372917 0.673148 0.025000 0.061111
3 0.406510 0.590741 0.015104 0.025926
3 0.423958 0.592593 0.017708 0.027778
3 0.467708 0.520833 0.014583 0.023148
3 0.348698 0.652778 0.032813 0.027778
0 0.541146 0.706019 0.009375 0.028704
4 0.395573 0.543056 0.011979 0.025000
3 0.606250 0.686111 0.019792 0.048148
3 0.520052 0.583796 0.014063 0.028704
3 0.476042 0.698611 0.019792 0.041667
6 0.489583 0.575000 0.010417 0.022222
6 0.488542 0.543056 0.010417 0.025000
3 0.489844 0.493519 0.011979 0.020370
8 0.503385 0.484722 0.011979 0.032407
9 0.491927 0.779630 0.009896 0.031481
3 0.471615 0.478241 0.017188 0.017593
3 0.515104 0.900463 0.031250 0.062037
3 0.756510 0.959259 0.047396 0.077778
5 0.617188 0.945833 0.078125 0.067593
5 0.635938 0.889815 0.071875 0.059259
3 0.297135 0.735185 0.029687 0.046296
6 0.321354 0.737500 0.011458 0.034259
3 0.664844 0.661111 0.024479 0.037037
3 0.548958 0.975463 0.029167 0.043519
3 0.036979 0.953704 0.059375 0.066667
3 0.343490 0.676852 0.039062 0.033333
1 0.491667 0.775926 0.007292 0.020370
3 0.395573 0.570370 0.015104 0.024074
5 0.130990 0.934722 0.083854 0.082407
4 0.294010 0.895370 0.048438 0.107407
3 0.528125 0.562037 0.012500 0.020370
3 0.524479 0.546759 0.011458 0.021296
4 0.577344 0.524074 0.028646 0.022222
3 0.425781 0.532870 0.011979 0.019444
3 0.422656 0.545833 0.011979 0.023148
3 0.441667 0.532407 0.013542 0.020370
4 0.446094 0.505556 0.010937 0.024074
6 0.331250 0.887500 0.021875 0.054630
0 0.271354 0.745833 0.009375 0.032407
1 0.271094 0.701389 0.008854 0.017593
6 0.482552 0.594907 0.008854 0.025000
3 0.397396 0.908796 0.035417 0.089815
9 0.284896 0.982870 0.019792 0.032407
0 0.261979 0.779630 0.009375 0.037037
8 0.523177 0.499537 0.014063 0.036111
9 0.596615 0.574537 0.007812 0.017593
3 0.433073 0.506944 0.010937 0.017593
3 0.648177 0.707407 0.026562 0.044444
6 0.684115 0.762037 0.038021 0.044444