3 0.001287 0.956863 0.002574 0.084967
3 0.221507 0.825490 0.061397 0.111111
3 0.291544 0.826144 0.047794 0.109804
3 0.175368 0.779085 0.069853 0.113725
3 0.379412 0.482026 0.022059 0.047712
3 0.222426 0.589869 0.033824 0.056863
3 0.292279 0.543464 0.030147 0.058170
3 0.324081 0.466667 0.021691 0.040523
3 0.263603 0.521569 0.030882 0.050980
3 0.346507 0.417647 0.018750 0.031373
3 0.359191 0.394771 0.018382 0.032680
3 0.367831 0.371895 0.012868 0.023529
3 0.377390 0.354575 0.012132 0.021569
3 0.373897 0.358497 0.011765 0.020261
3 0.387316 0.325163 0.014338 0.018954
3 0.328125 0.683007 0.041544 0.084967
3 0.406066 0.345098 0.015074 0.022222
3 0.428676 0.309804 0.011765 0.020915
3 0.437684 0.269281 0.007721 0.011765
3 0.006618 0.879085 0.013235 0.092810
3 0.030699 0.938562 0.061397 0.121569
3 0.122610 0.669608 0.057721 0.084314
3 0.342279 0.372222 0.016176 0.026797
3 0.356618 0.350654 0.013235 0.022876
3 0.368015 0.328431 0.013971 0.020261
3 0.358088 0.317320 0.011765 0.021569
3 0.383272 0.299673 0.010662 0.013725
3 0.390625 0.283333 0.010662 0.016340
3 0.378493 0.274183 0.009926 0.011111
3 0.417463 0.262418 0.007721 0.012418
3 0.415441 0.242484 0.008088 0.015686
3 0.426654 0.255882 0.007721 0.012418
8 0.248346 0.454902 0.065074 0.128105
8 0.285478 0.457516 0.061397 0.129412
8 0.331066 0.338889 0.033456 0.056863
3 0.318566 0.372876 0.018015 0.024183
3 0.329228 0.402614 0.018750 0.027451
3 0.437316 0.681699 0.037132 0.074510
3 0.514154 0.672876 0.041544 0.073856
3 0.468199 0.552614 0.027574 0.051634
3 0.527206 0.531046 0.027941 0.046405
3 0.485662 0.472549 0.018382 0.036601
3 0.500919 0.396078 0.014338 0.030065
3 0.452941 0.329085 0.012500 0.024183
3 0.470772 0.314379 0.010662 0.020915
3 0.486213 0.300327 0.009926 0.018954
3 0.613419 0.675490 0.039338 0.063399
3 0.592279 0.583007 0.025735 0.050980
3 0.579412 0.528105 0.026471 0.041830
3 0.541912 0.390523 0.015441 0.030719
1 0.564154 0.547386 0.004779 0.020261
2 0.561581 0.566340 0.009191 0.034641
3 0.480882 0.254575 0.011029 0.016340
0 0.020404 0.538562 0.005515 0.040523
1 0.076471 0.560131 0.007353 0.032680
1 0.106985 0.552614 0.008088 0.029412
0 0.166360 0.480719 0.004779 0.028105
0 0.188971 0.434967 0.005147 0.026797
0 0.885662 0.859804 0.014706 0.073856
0 0.899265 0.854248 0.013235 0.064052
0 0.973346 0.702614 0.009926 0.043137
0 0.934007 0.537582 0.009191 0.028105
0 0.907537 0.505882 0.006250 0.033987
0 0.957353 0.524510 0.008088 0.035948
0 0.946140 0.606863 0.007721 0.028105
0 0.969669 0.619935 0.009926 0.030719
0 0.981618 0.617647 0.010294 0.028758
0 0.936029 0.610784 0.004412 0.046405
0 0.824632 0.460784 0.013971 0.028758
0 0.821875 0.438235 0.009191 0.015033
0 0.844118 0.412418 0.013235 0.020915
0 0.855699 0.410784 0.007721 0.020261
0 0.925735 0.444771 0.009559 0.026797
2 0.079412 0.581046 0.010294 0.020915
2 0.104963 0.569608 0.008456 0.017647
2 0.166360 0.496732 0.009191 0.016993
2 0.190625 0.457843 0.011397 0.018954
2 0.252941 0.384967 0.005882 0.028758
0 0.968199 0.835621 0.018015 0.045098
9 0.972978 0.853922 0.035662 0.047712
0 0.928493 0.610131 0.009926 0.038562
0 0.919853 0.601961 0.010294 0.039216
0 0.929963 0.514052 0.010662 0.037255
0 0.893199 0.580065 0.012132 0.049020
1 0.828125 0.612092 0.013603 0.035948
0 0.921140 0.446078 0.009191 0.034641