3 0.203497 0.757937 0.057292 0.137566
0 0.143973 0.765212 0.018601 0.051587
0 0.156622 0.654762 0.015625 0.050265
3 0.229167 0.607804 0.044643 0.107143
0 0.437128 0.667328 0.009673 0.046296
3 0.481771 0.165344 0.015625 0.029101
3 0.442708 0.087963 0.013393 0.025132
3 0.352307 0.366402 0.030506 0.071429
3 0.451637 0.042989 0.013393 0.019841
3 0.439732 0.019841 0.010417 0.018519
3 0.080357 0.195106 0.043155 0.030423
3 0.366815 0.232143 0.020833 0.046296
3 0.367188 0.163360 0.020089 0.038360
3 0.579985 0.447751 0.033482 0.067460
3 0.133557 0.212302 0.049851 0.033069
1 0.251488 0.664021 0.011905 0.039683
2 0.253348 0.679233 0.011161 0.051587
3 0.536086 0.937169 0.051339 0.120370
3 0.500000 0.552249 0.035714 0.080688
3 0.478051 0.375661 0.029018 0.060847
3 0.442336 0.222884 0.027530 0.035714
3 0.379464 0.081349 0.013393 0.030423
3 0.304315 0.214947 0.038690 0.038360
8 0.546131 0.292989 0.055060 0.167989
3 0.186012 0.201058 0.046131 0.029101
4 0.505580 0.305556 0.020089 0.052910
3 0.406622 0.190476 0.031994 0.034392
0 0.187872 0.265873 0.009673 0.026455
0 0.186756 0.258598 0.008929 0.027778
3 0.468750 0.263889 0.019345 0.043651
4 0.184524 0.150132 0.022321 0.043651
2 0.327381 0.186508 0.016369 0.050265
1 0.327009 0.170635 0.017113 0.037037