0 0.583705 0.384921 0.026042 0.137566
0 0.646949 0.852513 0.058780 0.252646
0 0.649182 0.182540 0.017113 0.071429
0 0.517485 0.419312 0.030506 0.145503
0 0.503348 0.475529 0.039435 0.157407
0 0.397693 0.395503 0.029018 0.137566
0 0.427827 0.451058 0.034226 0.156085
0 0.300967 0.396164 0.031994 0.128307
0 0.370164 0.395503 0.034970 0.156085
0 0.481027 0.399471 0.026042 0.140212
0 0.396949 0.384259 0.029018 0.141534
0 0.353795 0.429894 0.027530 0.156085
0 0.134301 0.371032 0.034970 0.125661
0 0.380208 0.312831 0.022321 0.109788
0 0.511905 0.203042 0.020833 0.088624
0 0.962426 0.282407 0.034970 0.117725
0 0.381696 0.296296 0.026786 0.111111
1 0.788690 0.275132 0.023810 0.095238
0 0.809152 0.269180 0.024554 0.088624
0 0.574777 0.216931 0.014137 0.050265
0 0.893601 0.902778 0.072917 0.186508
1 0.537946 0.324074 0.026786 0.105820
0 0.519345 0.294312 0.025298 0.078042
0 0.478051 0.154762 0.017113 0.063492
0 0.095982 0.316799 0.017857 0.064815
1 0.093750 0.313492 0.032738 0.058201
2 0.430432 0.343254 0.040923 0.070106
0 0.613839 0.144841 0.013393 0.070106
1 0.198661 0.194444 0.016369 0.037037
0 0.176711 0.144841 0.014137 0.054233
0 0.802455 0.188492 0.017113 0.062169
0 0.428199 0.115079 0.014137 0.058201
0 0.400670 0.092593 0.012649 0.052910
1 0.134301 0.109127 0.015625 0.051587
0 0.824405 0.175265 0.014881 0.048942
1 0.117188 0.121032 0.015625 0.030423
1 0.254092 0.116402 0.012649 0.031746
0 0.750744 0.154762 0.011905 0.052910
0 0.504836 0.114418 0.012649 0.056878
0 0.513393 0.246693 0.014881 0.054233
0 0.496280 0.236772 0.016369 0.082011
0 0.170015 0.101852 0.014137 0.044974
0 0.593750 0.098545 0.008929 0.035714
0 0.562128 0.083333 0.008185 0.037037
0 0.746652 0.133598 0.017113 0.052910
0 0.550223 0.063492 0.017113 0.052910
1 0.955729 0.173280 0.020089 0.063492
1 0.905506 0.186508 0.020833 0.042328
1 0.941220 0.193122 0.019345 0.034392
1 0.925967 0.189815 0.018601 0.035714