5 0.684349 0.477124 0.036765 0.070962
5 0.565389 0.299253 0.022584 0.042017
3 0.425683 0.262372 0.012080 0.020542
5 0.437763 0.246965 0.015231 0.032680
4 0.574842 0.353408 0.011029 0.021475
3 0.444328 0.809057 0.024160 0.084967
5 0.497111 0.642390 0.032038 0.141923
3 0.471901 0.350607 0.009979 0.021475
4 0.567752 0.498133 0.030462 0.071895
3 0.556460 0.251634 0.018382 0.032680
0 0.534401 0.324463 0.008929 0.021475
3 0.465861 0.308123 0.011555 0.026144
3 0.515756 0.254902 0.009454 0.020542
3 0.487132 0.266106 0.015231 0.020542