3 0.514137 0.815476 0.020833 0.033069
3 0.304315 0.837302 0.023810 0.042328
3 0.430060 0.652116 0.010417 0.021164
3 0.391741 0.739418 0.014137 0.026455
3 0.373884 0.736772 0.015625 0.023810
3 0.473586 0.714947 0.011161 0.025132
3 0.550595 0.789021 0.016369 0.030423
3 0.544643 0.761905 0.016369 0.026455
3 0.533110 0.740079 0.015625 0.022487
3 0.523438 0.720899 0.014137 0.023810
3 0.510417 0.692460 0.013393 0.017196
3 0.523810 0.683862 0.013393 0.021164
8 0.446429 0.619048 0.011905 0.029101
6 0.395833 0.806217 0.008929 0.022487
5 0.671875 0.853836 0.026786 0.054233
0 0.507440 0.646825 0.005952 0.018519
3 0.494420 0.884259 0.018601 0.041005
3 0.497768 0.680556 0.011905 0.019841
3 0.492188 0.728836 0.014137 0.023810
3 0.494792 0.701720 0.011905 0.019841
3 0.475818 0.651455 0.008185 0.014550
3 0.486607 0.667328 0.013393 0.025132
3 0.489955 0.647487 0.009673 0.017196