3 0.611082 0.684407 0.062500 0.084034
3 0.242910 0.779178 0.121324 0.127918
3 0.030725 0.884220 0.061450 0.138189
3 0.539128 0.481793 0.033088 0.042951
0 0.464286 0.486928 0.015756 0.047619
3 0.308036 0.668067 0.085609 0.083100
3 0.451943 0.595238 0.066702 0.077498
3 0.590599 0.503735 0.050945 0.060691
8 0.537027 0.487862 0.096113 0.109244
3 0.643120 0.442577 0.030987 0.035481
3 0.734769 0.380019 0.023109 0.026144
3 0.752889 0.362278 0.019433 0.026144
3 0.768645 0.378151 0.022584 0.029879
4 0.777574 0.356209 0.016282 0.028945