3 0.503720 0.484788 0.034226 0.075397
3 0.479539 0.789683 0.043899 0.132275
3 0.564360 0.409392 0.026042 0.054233
3 0.940104 0.753968 0.098958 0.082011
3 0.347842 0.668651 0.049851 0.109788
3 0.446801 0.484788 0.034970 0.078042
3 0.482143 0.330688 0.026786 0.052910
0 0.860491 0.964947 0.026042 0.064815
0 0.981771 0.910053 0.020089 0.055556
3 0.601190 0.261905 0.023810 0.042328
3 0.522321 0.169974 0.017857 0.035714
3 0.497768 0.173280 0.017857 0.031746
9 0.321429 0.556878 0.014881 0.042328
3 0.700521 0.247354 0.024554 0.039683
3 0.568080 0.218254 0.018601 0.034392
3 0.580729 0.136243 0.017113 0.031746
0 0.815848 0.527778 0.014137 0.044974
3 0.552827 0.160714 0.017857 0.030423
3 0.605655 0.492725 0.047619 0.070106
0 0.843378 0.525794 0.012649 0.043651
3 0.658854 0.200397 0.030506 0.022487
3 0.639881 0.185185 0.032738 0.021164
0 0.642113 0.322751 0.010417 0.031746
3 0.646577 0.109788 0.008929 0.018519
3 0.538318 0.110450 0.011161 0.022487
3 0.518973 0.114418 0.012649 0.019841
3 0.527158 0.083995 0.012649 0.017196
3 0.633929 0.089947 0.022321 0.015873
3 0.644345 0.080688 0.017857 0.015873
1 0.320685 0.551587 0.010417 0.029101
1 0.618304 0.433201 0.005952 0.017196
9 0.617188 0.449735 0.006696 0.021164
3 0.632440 0.087963 0.022321 0.017196
9 0.427827 0.257937 0.008929 0.023810
0 0.348958 0.299603 0.008929 0.025132
0 0.544643 0.087302 0.005952 0.023810