0 0.931548 0.240079 0.016369 0.078042
0 0.835193 0.230820 0.020089 0.070106
0 0.933036 0.318783 0.029762 0.100529
0 0.695312 0.147487 0.011161 0.046296
0 0.349330 0.153439 0.017113 0.055556
0 0.327381 0.154762 0.013393 0.052910
0 0.383185 0.177249 0.013393 0.052910
0 0.196429 0.106481 0.016369 0.048942
0 0.936756 0.279762 0.023810 0.064815
1 0.568824 0.023810 0.014137 0.026455
2 0.570312 0.036376 0.027530 0.025132
0 0.545015 0.490079 0.037946 0.149471
0 0.876860 0.271164 0.020089 0.103175
0 0.679315 0.189815 0.016369 0.067460
0 0.714286 0.760582 0.049107 0.240741
0 0.374628 0.542989 0.043899 0.154762
0 0.501116 0.443122 0.043899 0.145503
0 0.175223 0.488095 0.033482 0.169312
0 0.324405 0.472884 0.028274 0.146825
0 0.425595 0.456349 0.032738 0.121693
0 0.269345 0.562169 0.034226 0.174603
0 0.554688 0.734788 0.045387 0.220899
0 0.367188 0.423942 0.029018 0.136243
0 0.216890 0.365741 0.026042 0.130952
0 0.346726 0.327381 0.023810 0.107143
0 0.425595 0.320106 0.014881 0.100529
0 0.559896 0.216931 0.018601 0.084656
0 0.904390 0.331349 0.031994 0.125661
0 0.427827 0.302910 0.025298 0.113757
1 0.799107 0.289683 0.020833 0.084656
0 0.822545 0.283730 0.021577 0.080688
0 0.418155 0.184524 0.014881 0.043651
1 0.550967 0.343254 0.026042 0.067460
1 0.530506 0.322751 0.020833 0.079365
0 0.587426 0.170635 0.017113 0.060847
0 0.130952 0.339286 0.020833 0.051587
1 0.097842 0.333333 0.031994 0.060847
2 0.436384 0.359788 0.037946 0.063492
0 0.629464 0.160714 0.014881 0.064815
1 0.146205 0.138889 0.011161 0.026455
0 0.184524 0.137566 0.016369 0.047619
0 0.797247 0.191799 0.018601 0.052910
0 0.419271 0.117063 0.014137 0.051587
0 0.398065 0.099868 0.010417 0.048942
1 0.134301 0.119709 0.017113 0.030423
1 0.118304 0.121693 0.016369 0.029101
0 0.237723 0.132937 0.012649 0.046296
0 0.769717 0.233466 0.018601 0.083333
0 0.984375 0.419312 0.029762 0.148148
0 0.973214 0.251323 0.023810 0.066138
0 0.611979 0.107143 0.011161 0.042328
0 0.608259 0.090608 0.011161 0.033069
1 0.917783 0.197751 0.020089 0.038360
1 0.958705 0.204365 0.020089 0.033069
1 0.944568 0.203704 0.018601 0.034392