3 0.577381 0.812831 0.031250 0.072751
3 0.392857 0.948413 0.037202 0.100529
3 0.412574 0.695767 0.024554 0.060847
1 0.490699 0.429233 0.009673 0.017196
1 0.492188 0.462302 0.008185 0.022487
0 0.556548 0.679233 0.007440 0.030423
3 0.491071 0.886243 0.029762 0.079365
3 0.527902 0.840608 0.034970 0.072751
3 0.541295 0.685185 0.020089 0.039683
3 0.524926 0.739418 0.021577 0.058201
3 0.454613 0.804233 0.023810 0.063492
3 0.528274 0.541667 0.014881 0.030423
3 0.407738 0.484127 0.016369 0.026455
9 0.366443 0.583333 0.012649 0.023810
3 0.305804 0.548280 0.017857 0.041005
3 0.337054 0.500000 0.035714 0.023810
3 0.485863 0.670635 0.022321 0.047619
3 0.487351 0.601190 0.019345 0.038360
3 0.461310 0.573413 0.017857 0.038360
4 0.418527 0.409392 0.011161 0.022487
3 0.469866 0.483466 0.017113 0.030423
3 0.406994 0.395503 0.008929 0.018519
3 0.475074 0.444444 0.014137 0.021164
3 0.456845 0.396825 0.011905 0.021164
0 0.152530 0.790344 0.011905 0.033069
1 0.442336 0.540344 0.009673 0.022487
1 0.566220 0.689815 0.010417 0.022487