8 0.126313 0.408964 0.173845 0.134454
3 0.522059 0.359477 0.045168 0.078431
3 0.585084 0.470588 0.092437 0.072829
3 0.687763 0.426704 0.094013 0.072829
3 0.850315 0.421102 0.084034 0.069094
3 0.191176 0.547152 0.107143 0.091503
3 0.576155 0.100373 0.025210 0.047619
1 0.656775 0.793651 0.023634 0.059757
0 0.383666 0.744164 0.020483 0.063492
0 0.446954 0.776844 0.023109 0.074697
0 0.416754 0.754435 0.022584 0.063492
9 0.979517 0.678338 0.036765 0.045752
0 0.186975 0.503735 0.021008 0.053221
2 0.194590 0.520542 0.041492 0.043884
1 0.197742 0.503268 0.015231 0.041083
9 0.246586 0.315593 0.029937 0.041083
0 0.336660 0.246499 0.012605 0.050420
0 0.426208 0.130719 0.007878 0.035481
9 0.684086 0.369281 0.029937 0.036415
1 0.684874 0.356676 0.017857 0.044818
9 0.354254 0.200747 0.020483 0.033613
0 0.170168 0.298786 0.014706 0.035481
0 0.157826 0.311391 0.015231 0.045752
2 0.013130 0.352941 0.021008 0.052288
3 0.179097 0.867880 0.111345 0.202614
3 0.484506 0.221755 0.028887 0.064426
5 0.934874 0.836134 0.129202 0.176471
3 0.586397 0.209150 0.030987 0.050420
3 0.470588 0.097572 0.025210 0.049486
3 0.437237 0.075163 0.022584 0.040149
3 0.426471 0.464519 0.085084 0.090570
3 0.648897 0.153128 0.059349 0.041083
3 0.580620 0.020542 0.044643 0.031746
3 0.445903 0.030345 0.023109 0.042017
6 0.661502 0.815593 0.039391 0.099907
0 0.913866 0.697012 0.022059 0.070028
9 0.680672 0.307656 0.012605 0.038282
9 0.717437 0.322596 0.015756 0.042017
9 0.748424 0.312792 0.014706 0.039216
9 0.784401 0.301587 0.009979 0.041083
9 0.802258 0.304388 0.013130 0.039216
9 0.857405 0.323996 0.012080 0.039216
9 0.891544 0.291783 0.014181 0.036415
2 0.903887 0.325864 0.013655 0.041083
9 0.952468 0.325397 0.021534 0.045752
1 0.439601 0.232493 0.012605 0.031746
9 0.440126 0.246032 0.012605 0.042017
0 0.299895 0.674603 0.021008 0.070028
0 0.314863 0.673203 0.018382 0.074697
1 0.485294 0.293651 0.014706 0.042017
6 0.485032 0.301120 0.021534 0.043884
1 0.402311 0.309057 0.014706 0.042951
9 0.403887 0.321195 0.025210 0.037348
1 0.155200 0.664332 0.020483 0.064426
9 0.160189 0.673669 0.038866 0.049486
0 0.111607 0.781513 0.025735 0.063492
0 0.108456 0.794118 0.025735 0.070028
4 0.938288 0.605509 0.088761 0.092437
9 0.336922 0.264706 0.027836 0.032680
9 0.387868 0.196078 0.024685 0.029879
9 0.386817 0.175537 0.024685 0.033613
1 0.691439 0.976657 0.023634 0.041083
9 0.691964 0.976657 0.023634 0.042951
0 0.125000 0.346872 0.019958 0.058824
0 0.395221 0.199813 0.009979 0.037348
1 0.742122 0.478058 0.015756 0.046685
9 0.739233 0.488796 0.033088 0.045752
0 0.374737 0.288049 0.015231 0.045752
0 0.433298 0.132586 0.009454 0.035481
0 0.586660 0.242297 0.012605 0.040149
0 0.585609 0.235761 0.012605 0.040149
1 0.979779 0.664332 0.020483 0.047619
0 0.545956 0.275444 0.015231 0.046685
0 0.535977 0.281046 0.015231 0.046685
9 0.251313 0.333333 0.027836 0.041083
9 0.088235 0.359477 0.019958 0.044818
6 0.660189 0.208217 0.036765 0.050420
9 0.614233 0.181606 0.022584 0.025210