9 0.307773 0.481326 0.021008 0.042017
3 0.796744 0.757236 0.088235 0.117647
3 0.879202 0.734360 0.090336 0.111111
1 0.929359 0.953315 0.036239 0.050420
3 0.977416 0.609711 0.043067 0.070962
4 0.609769 0.451914 0.063025 0.070962
3 0.707721 0.433707 0.071954 0.060691
3 0.621061 0.428105 0.068803 0.060691
3 0.699580 0.402428 0.066176 0.050420
3 0.785189 0.409897 0.068277 0.056022
3 0.859506 0.398226 0.063550 0.055089
4 0.924370 0.378151 0.071429 0.061625
3 0.760504 0.387955 0.052521 0.049486
3 0.763130 0.342204 0.058824 0.043884
3 0.667017 0.321195 0.040966 0.050420
3 0.706408 0.323996 0.053571 0.044818
4 0.769695 0.302054 0.053046 0.049486
4 0.889968 0.285714 0.048845 0.048553
3 0.169643 0.134921 0.019958 0.030812
6 0.219275 0.651727 0.033088 0.084034
3 0.233981 0.561625 0.049895 0.088702
3 0.161765 0.577965 0.047269 0.106443
4 0.049632 0.349673 0.043592 0.070028
4 0.082721 0.309524 0.029937 0.066293
3 0.138918 0.439776 0.030987 0.069094
3 0.134454 0.347339 0.030462 0.059757
4 0.047006 0.305789 0.030987 0.066293
3 0.054884 0.249767 0.027836 0.042017
3 0.083508 0.220822 0.022059 0.038282
3 0.056985 0.218021 0.024685 0.038282
4 0.351628 0.311391 0.053046 0.055089
3 0.324580 0.301120 0.037815 0.043884
4 0.303571 0.285714 0.036765 0.044818
3 0.165966 0.092904 0.017857 0.027077
3 0.305410 0.211485 0.043592 0.032680
4 0.295956 0.197479 0.036239 0.038282
3 0.238183 0.175070 0.030987 0.032680
8 0.261555 0.159197 0.040966 0.077498
4 0.131565 0.009337 0.012080 0.013072
5 0.241071 0.101307 0.066176 0.060691
3 0.067227 0.172269 0.022059 0.038282
4 0.086660 0.165733 0.017857 0.040149
4 0.100578 0.138655 0.018382 0.032680
4 0.101366 0.111578 0.018908 0.036415
3 0.211660 0.457049 0.042017 0.075630
3 0.105830 0.698880 0.102416 0.090570
3 0.316702 0.565826 0.053571 0.082166
2 0.552258 0.834267 0.048845 0.094304
1 0.543067 0.802054 0.022059 0.067227
3 0.685662 0.814192 0.062500 0.145658
9 0.232143 0.343137 0.014706 0.032680
3 0.122899 0.289449 0.026261 0.052288
5 0.059086 0.114379 0.030987 0.071895
3 0.174895 0.279645 0.026261 0.060691
4 0.086922 0.097572 0.025735 0.030812
3 0.131303 0.161064 0.018908 0.034547
3 0.142332 0.022876 0.022059 0.021475
6 0.581145 0.386088 0.030987 0.047619
6 0.625525 0.374416 0.033613 0.039216
6 0.652574 0.367414 0.037290 0.049486
6 0.677784 0.354809 0.030987 0.042951
0 0.204044 0.176471 0.009979 0.029879
0 0.291229 0.354809 0.008929 0.037348
0 0.307511 0.353875 0.009979 0.037348
0 0.201943 0.918301 0.021534 0.077498
0 0.178834 0.925303 0.018382 0.078431
0 0.085872 0.263305 0.011029 0.037348
9 0.522847 0.459851 0.024685 0.042017
3 0.812237 0.377218 0.059349 0.044818
4 0.892069 0.349673 0.054097 0.055089
3 0.952731 0.282913 0.058824 0.042951
3 0.968750 0.363212 0.047794 0.056022
4 0.975578 0.270775 0.044643 0.050420
1 0.579569 0.680672 0.016282 0.057890
2 0.578782 0.701681 0.014706 0.056956
9 0.691439 0.478058 0.024685 0.039216
9 0.950105 0.417367 0.024160 0.033613
9 0.898372 0.595705 0.026786 0.056022
1 0.900473 0.584034 0.021534 0.043884
9 0.180935 0.127451 0.008929 0.025210
0 0.104517 0.336134 0.011555 0.037348
0 0.119485 0.103175 0.008929 0.027077
0 0.091912 0.345472 0.011555 0.042951
9 0.173057 0.111578 0.008929 0.023343
9 0.188288 0.119981 0.007878 0.027077
9 0.142332 0.185341 0.011555 0.030812
0 0.124737 0.105976 0.008929 0.027077
0 0.407300 0.397292 0.011029 0.043884
1 0.384716 0.397759 0.015231 0.033613
0 0.343750 0.458450 0.015231 0.050420
1 0.308036 0.476657 0.023634 0.040149
9 0.039916 0.644725 0.033613 0.077498
1 0.039653 0.640990 0.025735 0.064426