3 0.502604 0.495370 0.033482 0.064815
3 0.550967 0.424603 0.026042 0.052910
3 0.601562 0.509259 0.026042 0.058201
3 0.424107 0.610450 0.040179 0.091270
3 0.351935 0.709656 0.058036 0.120370
3 0.754836 0.503968 0.043899 0.071429
3 0.679315 0.405423 0.047619 0.038360
3 0.648810 0.379630 0.047619 0.039683
3 0.433036 0.420635 0.028274 0.060847
3 0.553943 0.308201 0.021577 0.034392
3 0.489583 0.335979 0.023810 0.044974
3 0.466146 0.306217 0.020089 0.041005
3 0.411458 0.321429 0.028274 0.044974
3 0.645089 0.246693 0.019345 0.030423
3 0.565848 0.195106 0.014137 0.030423
0 0.685640 0.718254 0.014137 0.058201
0 0.101190 0.753968 0.019345 0.060847
2 0.269345 0.659392 0.019345 0.054233
3 0.542039 0.217593 0.014137 0.030423
3 0.560640 0.592593 0.034970 0.079365