9 0.254044 0.690196 0.013971 0.039216
0 0.222426 0.581046 0.012500 0.045752
0 0.078309 0.501307 0.012500 0.032680
0 0.202206 0.406536 0.008824 0.028758
9 0.300368 0.619608 0.012500 0.033987
9 0.341912 0.566667 0.013235 0.037908
9 0.339338 0.522222 0.011029 0.032680
7 0.112868 0.582353 0.056618 0.048366
5 0.295956 0.378431 0.021324 0.043137
6 0.157721 0.535948 0.065441 0.047059
0 0.316176 0.422876 0.008824 0.024837
6 0.323897 0.456209 0.021324 0.036601
0 0.645956 0.632026 0.012500 0.043137
3 0.509926 0.917647 0.055147 0.122876
3 0.211397 0.587582 0.046324 0.050980
3 0.738971 0.612418 0.063235 0.045752
3 0.714338 0.563399 0.058088 0.044444
7 0.256618 0.587582 0.032353 0.053595
5 0.688603 0.523529 0.061029 0.040523
3 0.587132 0.440523 0.021324 0.033987
3 0.650735 0.473203 0.041176 0.031373
3 0.378676 0.393464 0.016176 0.031373
4 0.274265 0.474510 0.042647 0.041830
3 0.345956 0.424837 0.030147 0.039216
7 0.308824 0.513725 0.027941 0.047059
0 0.239338 0.629412 0.011029 0.045752
3 0.269485 0.432026 0.049265 0.035294
9 0.366544 0.447059 0.009559 0.023529
0 0.609926 0.480392 0.012500 0.030065
9 0.284559 0.523529 0.035294 0.037908
3 0.290074 0.398693 0.037500 0.026144
7 0.186029 0.518954 0.027941 0.041830
7 0.203676 0.531373 0.047059 0.050980
7 0.189338 0.611111 0.047794 0.056209
3 0.596691 0.420261 0.037500 0.035294
3 0.330147 0.364052 0.033824 0.030065
7 0.161029 0.514379 0.026471 0.040523
3 0.557353 0.615033 0.032353 0.056209
6 0.312500 0.475163 0.020588 0.037908
3 0.315809 0.342484 0.028676 0.023529
3 0.312868 0.326144 0.025735 0.024837
9 0.357353 0.477778 0.010294 0.024837
0 0.238235 0.589542 0.013235 0.041830
6 0.369485 0.425490 0.012500 0.027451
3 0.606250 0.370588 0.033088 0.030065
0 0.205882 0.410458 0.010294 0.026144
6 0.291544 0.354902 0.021324 0.024837
1 0.556250 0.396732 0.009559 0.024837
0 0.645221 0.583660 0.013971 0.048366
0 0.459191 0.950980 0.018382 0.071895
3 0.508824 0.392157 0.017647 0.031373
3 0.512868 0.480392 0.021324 0.037908
3 0.389338 0.571242 0.027206 0.052288
3 0.262132 0.552288 0.059559 0.048366
6 0.069853 0.528105 0.055882 0.057516
6 0.069853 0.591503 0.051471 0.048366