3 0.008929 0.256769 0.017857 0.065359
3 0.774422 0.019608 0.024685 0.039216
4 0.383929 0.890289 0.030462 0.075630
3 0.707721 0.128385 0.030987 0.062558
2 0.097952 0.143324 0.014181 0.017740
0 0.522321 0.317927 0.012080 0.019608
0 0.549632 0.897759 0.012080 0.025210
0 0.283876 0.684874 0.007878 0.014006
3 0.456408 0.794118 0.024160 0.064426
3 0.481092 0.917367 0.035714 0.068161
3 0.600315 0.413165 0.026261 0.066293
3 0.513130 0.471989 0.030462 0.071895
3 0.553309 0.419701 0.027836 0.058824
3 0.588761 0.266573 0.031513 0.064426
3 0.301208 0.588702 0.045693 0.049486
3 0.320116 0.549953 0.037290 0.046685
3 0.329307 0.512138 0.038866 0.043884
3 0.244223 0.559290 0.038866 0.046685
3 0.273897 0.522876 0.037290 0.041083
3 0.277311 0.474790 0.043067 0.047619
3 0.200105 0.522409 0.036765 0.038282
4 0.218750 0.490196 0.040441 0.044818
3 0.229779 0.446779 0.034139 0.038282
3 0.148897 0.498133 0.043592 0.047619
3 0.167805 0.459851 0.043592 0.047619
3 0.186450 0.424837 0.037815 0.044818
3 0.728466 0.676004 0.040966 0.044818
3 0.728992 0.628385 0.038866 0.046685
3 0.733718 0.577965 0.035714 0.039216
3 0.754989 0.550420 0.040441 0.043884
3 0.764968 0.700747 0.034139 0.036415
3 0.784139 0.663866 0.039916 0.046685
3 0.787553 0.613445 0.041492 0.046685
3 0.816439 0.580766 0.044643 0.048553
3 0.805672 0.724090 0.038866 0.043884
3 0.843225 0.644725 0.040441 0.043884
3 0.853992 0.754435 0.042017 0.048553
3 0.896271 0.672736 0.042542 0.047619
3 0.900735 0.779178 0.044118 0.051354
3 0.949317 0.805789 0.042542 0.046685
3 0.666754 0.819795 0.040441 0.048553
5 0.568540 0.577965 0.039391 0.113912
3 0.457983 0.645191 0.022059 0.067227
5 0.438550 0.478525 0.037815 0.064426
3 0.354254 0.369748 0.037290 0.041083
3 0.134979 0.395425 0.039916 0.043884
3 0.119485 0.432306 0.040441 0.044818
3 0.092962 0.471055 0.040966 0.049486
3 0.082721 0.366480 0.040441 0.038282
3 0.047532 0.437442 0.041492 0.049486
3 0.041229 0.243697 0.040441 0.039216
3 0.100053 0.272642 0.046744 0.050420
4 0.034401 0.275444 0.040441 0.048553
3 0.528624 0.515873 0.030987 0.068161
3 0.649947 0.115780 0.032038 0.067227
3 0.652311 0.185341 0.028361 0.060691
3 0.684611 0.113445 0.027836 0.060691
5 0.653099 0.334734 0.056197 0.122316
0 0.549107 0.256303 0.012080 0.021475
9 0.570641 0.217087 0.009979 0.025210
4 0.986870 0.832866 0.023109 0.048553
3 0.014443 0.390756 0.024685 0.066293