4 0.488445 0.753968 0.030462 0.055089
3 0.906775 0.854809 0.057248 0.056956
3 0.554884 0.736695 0.023634 0.044818
5 0.360819 0.710084 0.067227 0.129785
5 0.414391 0.670401 0.059874 0.080299
4 0.554359 0.758170 0.027836 0.048553
3 0.528887 0.966853 0.049370 0.064426
5 0.920956 0.774043 0.123424 0.138189
3 0.496061 0.715219 0.019433 0.031746
4 0.734769 0.691410 0.023109 0.028945
3 0.877626 0.685808 0.030462 0.025210
3 0.559349 0.681139 0.021008 0.028945
5 0.834296 0.780112 0.048845 0.060691
5 0.624737 0.583567 0.019433 0.026144
3 0.663340 0.581699 0.008403 0.013072
3 0.575368 0.665733 0.016282 0.028011
3 0.673582 0.588235 0.009979 0.013072
3 0.489233 0.736228 0.024685 0.045752
3 0.497899 0.704482 0.016807 0.030812
5 0.421218 0.722689 0.050420 0.108310
5 0.461660 0.667600 0.039916 0.072829
3 0.553571 0.707750 0.018908 0.031746
5 0.509454 0.670401 0.034664 0.074697
3 0.551733 0.699813 0.017332 0.042017