0 0.578869 0.380952 0.041667 0.126984
0 0.661086 0.181878 0.021577 0.072751
0 0.647693 0.404762 0.026042 0.140212
0 0.457217 0.471561 0.039435 0.152116
0 0.422247 0.416667 0.026042 0.150794
0 0.471726 0.484788 0.034226 0.160053
0 0.303199 0.421296 0.024554 0.130952
0 0.382812 0.410053 0.033482 0.156085
0 0.539062 0.341270 0.042411 0.116402
0 0.366815 0.396164 0.028274 0.141534
0 0.343378 0.454365 0.040923 0.157407
0 0.134301 0.370370 0.036458 0.126984
0 0.298363 0.330026 0.022321 0.109788
0 0.539807 0.199074 0.021577 0.091270
0 0.968006 0.299603 0.034226 0.109788
0 0.289807 0.311508 0.026042 0.123016
1 0.789807 0.275794 0.024554 0.099206
0 0.808408 0.270503 0.024554 0.091270
0 0.562872 0.271164 0.014137 0.060847
0 0.847098 0.877646 0.058780 0.223545
1 0.538318 0.325397 0.026042 0.108466
0 0.520089 0.296958 0.025298 0.085979
0 0.482887 0.157407 0.017857 0.063492
0 0.095238 0.315476 0.017857 0.067460
1 0.094866 0.316138 0.031994 0.058201
2 0.430432 0.343254 0.040923 0.070106
0 0.630208 0.139550 0.014881 0.072751
1 0.186384 0.166667 0.015625 0.034392
0 0.151042 0.124339 0.016369 0.047619
0 0.806920 0.216270 0.017113 0.062169
0 0.436012 0.110450 0.011905 0.048942
0 0.397693 0.096561 0.012649 0.052910
1 0.135045 0.104497 0.014137 0.050265
0 0.793527 0.162037 0.014137 0.048942
1 0.117560 0.120370 0.016369 0.031746
0 0.247024 0.112434 0.013393 0.031746
0 0.737723 0.150132 0.012649 0.048942
0 0.453497 0.120370 0.014137 0.060847
0 0.560640 0.270503 0.014137 0.056878
0 0.545387 0.247354 0.016369 0.082011
0 0.965402 0.289683 0.029018 0.103175
0 0.980283 0.264550 0.036458 0.126984
0 0.179688 0.099206 0.014137 0.044974
0 0.563244 0.094577 0.010417 0.038360
0 0.553199 0.087302 0.008185 0.037037
0 0.473958 0.213624 0.017857 0.078042
0 0.742188 0.133598 0.017113 0.052910
1 0.955729 0.174603 0.020089 0.063492
1 0.905134 0.185847 0.020089 0.043651
1 0.940848 0.193122 0.018601 0.034392
1 0.925967 0.189815 0.018601 0.035714