6 0.527158 0.352183 0.012649 0.029762
6 0.691220 0.302249 0.020833 0.035714
6 0.744606 0.233796 0.024182 0.036376
9 0.830171 0.165013 0.011533 0.029762
0 0.514881 0.328704 0.007440 0.029101
9 0.079427 0.639550 0.034598 0.034392
3 0.075149 0.622024 0.031250 0.036376
3 0.078125 0.603836 0.036458 0.034392
9 0.798177 0.179563 0.012277 0.027116
3 0.318266 0.788360 0.096354 0.134921
3 0.576265 0.702712 0.081101 0.069444
3 0.480097 0.630952 0.071801 0.075397
3 0.709077 0.758267 0.096726 0.087963
3 0.498326 0.569444 0.068824 0.066138
6 0.427455 0.643849 0.037202 0.050926
7 0.852307 0.950397 0.060268 0.091270
2 0.685826 0.903108 0.044271 0.064153
9 0.592076 0.860450 0.020461 0.071429
9 0.739769 0.854167 0.037574 0.057540
9 0.860119 0.327050 0.013393 0.036376
9 0.833705 0.364087 0.012649 0.032407
9 0.791295 0.483466 0.015625 0.043651
9 0.785900 0.426918 0.015253 0.035053
9 0.779018 0.403439 0.015625 0.034392
2 0.780320 0.556217 0.024182 0.051587
9 0.530134 0.555225 0.022321 0.037698
9 0.470982 0.509590 0.021577 0.040344
9 0.436198 0.481151 0.020461 0.037698
9 0.592634 0.466270 0.025298 0.038360
9 0.682850 0.516534 0.012277 0.037037
0 0.934152 0.493056 0.012649 0.045635
9 0.833705 0.675926 0.023065 0.044974
9 0.427827 0.608135 0.027530 0.037698
9 0.297433 0.405093 0.023438 0.027116
9 0.524554 0.435516 0.021577 0.040344
6 0.589286 0.945106 0.029018 0.066138
2 0.281064 0.683201 0.027158 0.048942
9 0.298921 0.582672 0.020461 0.034392
9 0.607887 0.362765 0.022321 0.031085
7 0.141555 0.321759 0.031622 0.042989
2 0.442894 0.963294 0.026414 0.061508
9 0.818080 0.173611 0.010417 0.031085
0 0.587240 0.777116 0.015253 0.056878
1 0.529948 0.549934 0.008557 0.046958
1 0.547805 0.514220 0.012277 0.049603
1 0.438616 0.475529 0.014137 0.044974
1 0.518973 0.478836 0.016369 0.044974
1 0.476749 0.330026 0.032366 0.039683
0 0.510231 0.361111 0.006324 0.027778
9 0.549479 0.355820 0.015625 0.038360
0 0.583891 0.286376 0.007812 0.035714
9 0.643043 0.330026 0.011533 0.033069
9 0.297061 0.573082 0.012277 0.037698
2 0.200707 0.360119 0.018229 0.027116
9 0.234189 0.364749 0.022693 0.033730
9 0.253906 0.391865 0.023438 0.033730
6 0.275856 0.388558 0.026414 0.032407
0 0.196987 0.537368 0.011533 0.040344
2 0.218006 0.707341 0.016369 0.046958
9 0.198289 0.612103 0.020089 0.036376
4 0.353423 0.533069 0.063244 0.085979
3 0.280692 0.492063 0.057664 0.068783
3 0.160900 0.397156 0.050967 0.056217
3 0.209449 0.438161 0.055060 0.068122
3 0.178571 0.723876 0.041667 0.086640
0 0.135045 0.736442 0.015625 0.048280
0 0.858259 0.596561 0.012649 0.038360
0 0.849888 0.604167 0.014509 0.042989
0 0.862723 0.797950 0.019345 0.050926
0 0.849144 0.786376 0.019717 0.054233
0 0.259487 0.956349 0.017485 0.055556
0 0.267671 0.934854 0.016741 0.056217
0 0.423177 0.505622 0.012277 0.040344
0 0.414249 0.499669 0.009301 0.041667
5 0.654018 0.377976 0.048363 0.083995
3 0.686756 0.348545 0.036458 0.054233
3 0.714844 0.313161 0.035342 0.050926
3 0.744606 0.284722 0.031622 0.045635
3 0.769903 0.256944 0.035342 0.042989
3 0.792411 0.227183 0.031250 0.037698
3 0.816220 0.202381 0.029762 0.042328
3 0.835751 0.174272 0.029390 0.041667
5 0.932292 0.064153 0.029762 0.048942
3 0.957031 0.060516 0.020461 0.032407
3 0.967634 0.039683 0.016369 0.027778
3 0.608073 0.309193 0.039062 0.048280
3 0.125558 0.289021 0.046503 0.043651
7 0.216890 0.338624 0.033482 0.043651
7 0.310826 0.369378 0.036086 0.052249
0 0.412388 0.751984 0.013765 0.046296
9 0.579799 0.389220 0.015997 0.035053
9 0.514509 0.483796 0.019345 0.046958
9 0.545201 0.524471 0.018229 0.044974
7 0.606399 0.383267 0.028274 0.062831
7 0.575893 0.436508 0.021577 0.050265
2 0.716146 0.381944 0.016369 0.027116
9 0.502232 0.970569 0.034226 0.056217
0 0.523624 0.368386 0.007068 0.031746
6 0.035156 0.736442 0.064360 0.089286
0 0.394345 0.391534 0.010417 0.039683
9 0.260975 0.677579 0.034598 0.052249
9 0.249442 0.349537 0.015253 0.033730