3 0.391183 0.772817 0.047991 0.090608
3 0.456845 0.770172 0.052083 0.087963
3 0.509301 0.754630 0.052083 0.083333
3 0.563988 0.752646 0.055060 0.078042
3 0.604539 0.717923 0.055804 0.073413
3 0.420945 0.890212 0.061384 0.124339
3 0.489769 0.874339 0.062872 0.120370
3 0.551339 0.868717 0.069196 0.117063
5 0.635975 0.892526 0.088914 0.140873
4 0.676339 0.833664 0.078869 0.105159
3 0.606399 0.983796 0.069196 0.028439
3 0.764695 0.971561 0.097842 0.054233
3 0.529390 0.583003 0.030506 0.050926
3 0.957031 0.596230 0.071057 0.052249
3 0.857887 0.580688 0.075893 0.047619
3 0.761533 0.523148 0.058036 0.048942
3 0.919457 0.537368 0.065848 0.041667
3 0.837054 0.510251 0.058036 0.037698
3 0.623698 0.501653 0.057664 0.037698
3 0.636719 0.486442 0.057664 0.037698
3 0.478423 0.456019 0.049851 0.032407
3 0.401228 0.434854 0.044271 0.029762
3 0.519903 0.435185 0.047247 0.027778
3 0.511161 0.475860 0.049107 0.037698
4 0.479353 0.479828 0.055432 0.050926
3 0.382626 0.468585 0.050967 0.036376
3 0.402902 0.461640 0.053571 0.035714
3 0.554501 0.464947 0.046503 0.038360
3 0.642113 0.474868 0.049107 0.033069
3 0.287946 0.461310 0.047619 0.040344
3 0.499628 0.444114 0.043155 0.031085
3 0.574963 0.439815 0.042039 0.033069
3 0.294271 0.448082 0.045387 0.036376
3 0.241815 0.431878 0.045387 0.038360
3 0.272135 0.422619 0.038318 0.033069
3 0.609747 0.459656 0.046131 0.033069
3 0.632068 0.442460 0.046131 0.034392
3 0.337426 0.436839 0.043155 0.036376
3 0.433966 0.422950 0.032366 0.031085
3 0.702567 0.455357 0.038318 0.035053
3 0.119234 0.416005 0.043527 0.033069
3 0.197359 0.419643 0.031622 0.025794
0 0.028460 0.772817 0.013021 0.053571
0 0.018601 0.684854 0.014881 0.044312
0 0.166481 0.627315 0.015997 0.049603
0 0.063802 0.680225 0.013021 0.044312
0 0.076079 0.666336 0.013021 0.046958
0 0.079613 0.696429 0.015625 0.047619
0 0.210007 0.619378 0.015997 0.044312
0 0.125186 0.685847 0.015997 0.050265
0 0.158482 0.677579 0.019345 0.049603
0 0.143415 0.656415 0.015253 0.052249
2 0.311570 0.612765 0.025670 0.024471
1 0.309338 0.598876 0.011533 0.040344