9 0.780200 0.448646 0.032038 0.034547
1 0.783351 0.431839 0.007878 0.043884
9 0.829832 0.452381 0.027311 0.038282
1 0.829569 0.436041 0.011029 0.037348
0 0.734506 0.273576 0.011029 0.044818
3 0.963761 0.451447 0.068277 0.066293
3 0.668067 0.293184 0.036765 0.056022
3 0.651786 0.256769 0.029412 0.042951
0 0.769170 0.404295 0.011029 0.048553
0 0.751838 0.401494 0.011029 0.052288
3 0.626313 0.856209 0.084559 0.201681
3 0.535452 0.682540 0.069853 0.145658
3 0.630252 0.195612 0.024160 0.038282
3 0.596376 0.117180 0.015231 0.027077
3 0.286765 0.243231 0.034664 0.047619
3 0.334296 0.152194 0.021534 0.033613
3 0.361345 0.091503 0.018908 0.033613
3 0.366597 0.078431 0.013655 0.024276
3 0.375000 0.066760 0.013655 0.019608
3 0.405725 0.039216 0.016282 0.028011
3 0.450893 0.279645 0.034139 0.073763
3 0.406513 0.271242 0.028361 0.068161
3 0.397847 0.233427 0.026786 0.042951
3 0.447479 0.384220 0.033613 0.081232
3 0.454832 0.187675 0.019958 0.031746
3 0.455357 0.163866 0.018908 0.028945
3 0.395746 0.341737 0.038340 0.098973
3 0.408351 0.150327 0.021534 0.033613
3 0.524422 0.148459 0.026786 0.042951
3 0.552784 0.324930 0.042542 0.072829
0 0.809874 0.402894 0.010504 0.043884
3 0.642595 0.229225 0.026786 0.038282
1 0.824317 0.437442 0.011029 0.032680
3 0.395746 0.017274 0.012080 0.021475
3 0.449842 0.226424 0.026786 0.049486
3 0.415966 0.202614 0.026261 0.042951
3 0.425683 0.170868 0.021534 0.033613
3 0.492384 0.130719 0.019433 0.037348
3 0.458246 0.140523 0.016282 0.028945
3 0.432248 0.149393 0.018908 0.033613
3 0.509454 0.052288 0.015756 0.033613
3 0.505515 0.018674 0.016282 0.028011
2 0.536502 0.112045 0.018382 0.037348
1 0.535714 0.112512 0.015756 0.036415
3 0.488708 0.055556 0.014181 0.034547
9 0.978992 0.564893 0.030462 0.041083
1 0.983456 0.548086 0.013130 0.044818
0 0.093750 0.342670 0.011029 0.052288
1 0.090599 0.345472 0.011029 0.048553
3 0.572216 0.056489 0.012080 0.021475
1 0.392332 0.418768 0.012605 0.056956
0 0.148897 0.394024 0.013130 0.048553
9 0.594275 0.596172 0.017332 0.068161
9 0.558298 0.416900 0.024160 0.040149
1 0.598739 0.584500 0.013655 0.059757
1 0.554884 0.410831 0.015231 0.056022