3 0.439890 0.714052 0.038603 0.071242
3 0.470404 0.985948 0.056250 0.026797
3 0.525000 0.782026 0.050000 0.098693
3 0.713419 0.963725 0.061397 0.069935
8 0.687132 0.985621 0.133088 0.027451
3 0.866544 0.759477 0.111029 0.079739
3 0.970221 0.768301 0.058088 0.076471
3 0.701471 0.721895 0.094853 0.079085
3 0.757721 0.704902 0.088235 0.072549
3 0.589338 0.643791 0.077941 0.074510
3 0.585110 0.510784 0.043750 0.042484
3 0.397243 0.258824 0.011397 0.016993
3 0.014338 0.394771 0.028676 0.033987
3 0.008456 0.590523 0.016912 0.055556
3 0.398713 0.233007 0.010662 0.018954
3 0.449816 0.335294 0.017279 0.023529
3 0.168566 0.750654 0.056250 0.105229
3 0.356250 0.403268 0.019118 0.032680
3 0.234559 0.575163 0.038235 0.062745
3 0.177941 0.553595 0.038235 0.064052
3 0.232353 0.487582 0.030882 0.048366
3 0.272426 0.503595 0.027941 0.051634
3 0.326287 0.400654 0.019485 0.032680
3 0.252757 0.421569 0.025368 0.044444
3 0.233640 0.406209 0.022426 0.037255
3 0.254044 0.370588 0.019118 0.028758
3 0.413787 0.280065 0.013603 0.021569
9 0.032537 0.685621 0.020956 0.048366
2 0.040625 0.636928 0.016544 0.035948
2 0.018566 0.630392 0.012132 0.035948
9 0.053860 0.595752 0.010662 0.042484
9 0.073713 0.584967 0.012132 0.043137
2 0.089522 0.567974 0.011397 0.033987
2 0.114706 0.548039 0.013235 0.037255
2 0.061765 0.531046 0.010294 0.042484
2 0.079412 0.525817 0.012500 0.046405
2 0.094301 0.515359 0.012132 0.042484
9 0.560294 0.692157 0.021324 0.039216
1 0.560478 0.672876 0.012868 0.030719
2 0.613051 0.717647 0.018750 0.031373
1 0.613971 0.697386 0.012500 0.033987
2 0.592647 0.718627 0.023529 0.033333
1 0.591544 0.695098 0.016912 0.039869
0 0.683824 0.626471 0.011765 0.049020
1 0.863971 0.953922 0.018382 0.059477
1 0.795037 0.934314 0.016544 0.049020
1 0.806066 0.874837 0.015809 0.042484
1 0.829596 0.842157 0.017279 0.042484
1 0.714706 0.874837 0.016176 0.047712
1 0.750184 0.874837 0.020221 0.049020
1 0.671507 0.814706 0.014338 0.049020
1 0.635846 0.741503 0.014338 0.046405
1 0.700551 0.842810 0.016544 0.049020
1 0.711949 0.796405 0.012132 0.039869
0 0.697243 0.799673 0.013603 0.043791
1 0.673713 0.770915 0.014338 0.043791
1 0.646507 0.717974 0.012132 0.046405
1 0.677022 0.729739 0.012132 0.039869
1 0.692463 0.758497 0.012132 0.043791
1 0.713051 0.759804 0.015074 0.047712
1 0.747610 0.765686 0.016544 0.046405
1 0.782537 0.840196 0.014338 0.058170
1 0.763787 0.804248 0.015074 0.055556
3 0.293382 0.406209 0.022059 0.034641
3 0.464154 0.850980 0.046691 0.100654
3 0.541176 0.919608 0.058824 0.130719
3 0.523897 0.506209 0.046324 0.042484
3 0.478860 0.349346 0.015074 0.021569
3 0.471140 0.335621 0.015809 0.020261
3 0.384559 0.801634 0.044853 0.107843
3 0.502757 0.650654 0.038603 0.062092
3 0.390074 0.661765 0.035294 0.064706
3 0.563419 0.546732 0.056250 0.049020
3 0.442463 0.581699 0.029779 0.054902
3 0.411213 0.531699 0.028309 0.052941
3 0.450184 0.305556 0.012132 0.017647
3 0.440625 0.283333 0.013603 0.020261
3 0.424081 0.257190 0.011397 0.015033