3 0.513393 0.811508 0.020833 0.033069
3 0.280134 0.880952 0.027530 0.047619
3 0.426339 0.666667 0.010417 0.021164
3 0.383557 0.757275 0.015625 0.027778
3 0.362723 0.755291 0.018601 0.026455
3 0.473214 0.714947 0.011905 0.025132
3 0.561012 0.819444 0.016369 0.030423
3 0.553571 0.788360 0.016369 0.026455
3 0.541295 0.759921 0.015625 0.022487
3 0.529390 0.736772 0.014137 0.023810
3 0.514137 0.703042 0.013393 0.017196
3 0.529762 0.693122 0.013393 0.021164
8 0.444940 0.623677 0.011905 0.033069
6 0.380952 0.870370 0.011905 0.026455
1 0.380208 0.861772 0.005952 0.019841
5 0.703869 0.906746 0.032738 0.070106
0 0.510789 0.641534 0.006696 0.018519
3 0.493676 0.885582 0.020089 0.043651
3 0.502976 0.677910 0.011905 0.019841
3 0.492932 0.730159 0.014137 0.023810
3 0.496280 0.703042 0.011905 0.019841
3 0.476935 0.650132 0.008929 0.017196
3 0.490327 0.663360 0.013393 0.025132
3 0.491443 0.644841 0.009673 0.017196