3 0.493435 0.201214 0.083508 0.075630
9 0.252363 0.451914 0.034139 0.097106
0 0.014443 0.434641 0.009979 0.062558
0 0.288603 0.496265 0.016282 0.073763
0 0.028099 0.417834 0.011029 0.036415
9 0.223477 0.328198 0.027836 0.028945
0 0.227679 0.307656 0.011029 0.047619
0 0.137342 0.343137 0.012080 0.045752
9 0.142069 0.316993 0.012080 0.040149
1 0.206670 0.312792 0.008929 0.035481
0 0.326418 0.450514 0.012080 0.045752
4 0.496586 0.561625 0.094013 0.183940
3 0.570116 0.674603 0.109769 0.210084
0 0.252363 0.340336 0.014181 0.055089
2 0.235294 0.338002 0.035714 0.074697
9 0.311712 0.344538 0.024685 0.069094
0 0.343225 0.201214 0.013130 0.058824
0 0.328519 0.617180 0.027836 0.072829
9 0.363708 0.390756 0.034139 0.066293
0 0.216649 0.426237 0.016282 0.071895
0 0.200368 0.437442 0.012080 0.068161
3 0.642595 0.127451 0.062500 0.077498
0 0.300158 0.468254 0.016282 0.070028
0 0.199842 0.409430 0.014181 0.070028
3 0.680935 0.080766 0.047794 0.064426
0 0.219275 0.398226 0.015231 0.066293
3 0.698267 0.368347 0.077206 0.131653
0 0.113183 0.528011 0.026786 0.088702
3 0.603204 0.380486 0.080357 0.118581
3 0.669905 0.259104 0.061450 0.088702
3 0.758666 0.263772 0.056197 0.086835
0 0.004202 0.435574 0.008403 0.066293
3 0.358456 0.489729 0.097164 0.159664
0 0.482405 0.279178 0.024685 0.074697
9 0.153099 0.320728 0.013130 0.051354
9 0.328519 0.633520 0.042542 0.071895
3 0.472952 0.362745 0.086660 0.111111
9 0.380515 0.347806 0.046744 0.055089
3 0.729254 0.161064 0.064601 0.109244
9 0.359244 0.298319 0.034664 0.060691
9 0.465336 0.262838 0.038866 0.055089
3 0.602153 0.190009 0.060399 0.077498
3 0.777048 0.093838 0.044643 0.068161
3 0.798845 0.048086 0.042017 0.053221
2 0.201943 0.520075 0.037290 0.069094