3 0.745273 0.398693 0.025210 0.033613
3 0.735819 0.381886 0.021008 0.024276
3 0.466124 0.769841 0.086660 0.109244
3 0.782038 0.373483 0.021008 0.026144
3 0.772059 0.360411 0.016807 0.026144
9 0.804359 0.473389 0.012080 0.037348
3 0.744223 0.478525 0.032563 0.043884
3 0.490021 0.508870 0.043067 0.042951
0 0.455357 0.486928 0.015756 0.047619
8 0.065126 0.802054 0.130252 0.267040
3 0.324317 0.648926 0.070903 0.082166
3 0.607405 0.461251 0.038340 0.041083
3 0.664391 0.420635 0.026261 0.034547
3 0.651523 0.469655 0.039391 0.041083
4 0.675158 0.432773 0.027836 0.043884