9 0.288132 0.443783 0.022693 0.039683
1 0.288690 0.442460 0.007440 0.025132
0 0.260417 0.348876 0.009673 0.037698
9 0.558408 0.280423 0.011905 0.027778
9 0.281622 0.566468 0.022321 0.048280
9 0.510975 0.354828 0.011533 0.040344
1 0.509487 0.356481 0.006324 0.026455
1 0.279576 0.560516 0.012277 0.032407
9 0.569940 0.315146 0.012649 0.029762
6 0.586682 0.401124 0.028274 0.045635
6 0.565848 0.386243 0.028274 0.050265
0 0.577381 0.292328 0.011161 0.034392
9 0.544085 0.395833 0.011533 0.029762
3 0.923549 0.013889 0.011533 0.022487
0 0.587426 0.272817 0.007440 0.029762
9 0.384673 0.352183 0.019345 0.024471
9 0.055246 0.665344 0.034598 0.034392
9 0.052455 0.647817 0.031250 0.036376
9 0.054315 0.626323 0.036458 0.034392
9 0.691778 0.263558 0.012277 0.027116
6 0.698847 0.282077 0.018973 0.029762
9 0.564546 0.372685 0.012277 0.028439
9 0.709635 0.259590 0.012277 0.020503
9 0.732701 0.243056 0.013021 0.027116
6 0.766183 0.199405 0.021205 0.036376
0 0.781436 0.174272 0.009301 0.024471
0 0.233259 0.332341 0.008185 0.027116
0 0.227307 0.325066 0.026042 0.040344
0 0.553757 0.326720 0.007812 0.033069
3 0.987351 0.030754 0.019345 0.032407
2 0.269345 0.681878 0.026042 0.048942
9 0.577009 0.861442 0.027530 0.050926
9 0.251488 0.794974 0.026786 0.060847
2 0.438244 0.957341 0.027530 0.061508
9 0.597098 0.920635 0.017857 0.062169
9 0.581101 0.484788 0.013393 0.038360
1 0.518787 0.538690 0.011533 0.046958
1 0.468192 0.513228 0.015253 0.044974
1 0.476749 0.330026 0.032366 0.039683
0 0.596168 0.292659 0.005580 0.027116
9 0.497396 0.359458 0.006696 0.037698
9 0.574963 0.472222 0.016741 0.042328
4 0.715030 0.824405 0.092262 0.126323
6 0.836496 0.955357 0.077753 0.070767
1 0.850818 0.958333 0.017113 0.047619
3 0.595424 0.762235 0.082217 0.094577
3 0.514509 0.659722 0.069940 0.082672
3 0.439918 0.582011 0.066592 0.066138
3 0.307664 0.616071 0.055060 0.093254
3 0.105469 0.877976 0.052455 0.102513
0 0.093936 0.656415 0.011533 0.045635
0 0.101376 0.663360 0.015253 0.044974
0 0.099516 0.614749 0.012277 0.040344
0 0.694010 0.739418 0.014509 0.054233
0 0.782180 0.744048 0.012277 0.038360
0 0.787760 0.762566 0.013765 0.048942
0 0.869234 0.524471 0.010789 0.044974
0 0.865327 0.515542 0.014881 0.041667
0 0.236235 0.746693 0.013393 0.048942
0 0.230469 0.728175 0.012277 0.055556
0 0.263765 0.703042 0.012649 0.054233
0 0.269717 0.677579 0.009673 0.041667
4 0.632254 0.385251 0.047991 0.083995
3 0.665365 0.353836 0.032366 0.054233
3 0.693266 0.319444 0.035342 0.050265
3 0.721912 0.288360 0.031622 0.044974
3 0.746838 0.266534 0.035342 0.043651
3 0.766369 0.236111 0.031250 0.038360
3 0.789993 0.208664 0.029390 0.042989
3 0.810454 0.178902 0.029390 0.041667
5 0.836682 0.145503 0.033482 0.059524
3 0.694754 0.367394 0.040551 0.060185
5 0.736421 0.321429 0.031622 0.050265
3 0.848586 0.119709 0.021577 0.029101
3 0.887649 0.102844 0.021577 0.027116
3 0.933222 0.052910 0.018229 0.023810
3 0.582961 0.321429 0.039435 0.043651
9 0.776972 0.261574 0.011533 0.029762
1 0.779204 0.260913 0.005580 0.024471
9 0.805246 0.240410 0.010789 0.028439
1 0.805060 0.235119 0.005952 0.017857
3 0.101562 0.312169 0.046131 0.043651
0 0.119978 0.326389 0.006324 0.033730
7 0.197545 0.354497 0.033482 0.043651
7 0.290551 0.387897 0.036458 0.052249
7 0.236049 0.518519 0.035342 0.076720
6 0.377232 0.594577 0.033482 0.048942
7 0.320871 0.547950 0.039062 0.057540
5 0.328869 0.505622 0.063988 0.066799
6 0.387649 0.489749 0.033482 0.056217
0 0.183966 0.565146 0.013765 0.046958
9 0.192150 0.622024 0.016741 0.041667
1 0.189732 0.611772 0.007440 0.034392
2 0.239769 0.606481 0.014509 0.048942
1 0.239583 0.600860 0.010417 0.035053
9 0.260789 0.621362 0.017857 0.045635
2 0.306548 0.716601 0.019345 0.053571
1 0.305990 0.709656 0.016741 0.044974
9 0.339286 0.692460 0.031250 0.048942
1 0.336868 0.676918 0.015253 0.050926
9 0.252790 0.788690 0.021949 0.049603
1 0.257254 0.782738 0.017485 0.066799
9 0.443452 0.499669 0.019345 0.040344
9 0.468006 0.517857 0.019345 0.044974
9 0.518415 0.547619 0.018229 0.044974
9 0.549107 0.536045 0.013393 0.046958
9 0.665737 0.631283 0.021205 0.036376
7 0.541295 0.436839 0.031250 0.068122
7 0.557106 0.443783 0.021205 0.050265
9 0.562500 0.464947 0.017857 0.029101
2 0.731585 0.517857 0.022693 0.033069
0 0.735677 0.507275 0.007068 0.037037
9 0.795759 0.512566 0.013393 0.044974
6 0.401600 0.979497 0.028646 0.037037
1 0.397879 0.973214 0.015997 0.044312
9 0.518973 0.791336 0.025298 0.037698
1 0.516369 0.780423 0.010417 0.044974
9 0.428943 0.909061 0.018601 0.064153
1 0.430246 0.896825 0.012277 0.043651
9 0.463356 0.978175 0.025670 0.038360
1 0.462426 0.973545 0.016369 0.035714
9 0.485119 0.976852 0.034226 0.043651
1 0.488653 0.973545 0.017485 0.043651
9 0.513021 0.962963 0.022321 0.064815
1 0.513765 0.960317 0.011161 0.051587
7 0.550409 0.950728 0.056176 0.097222
9 0.547433 0.895503 0.023438 0.059524
1 0.550037 0.889881 0.010789 0.039021
9 0.606399 0.871362 0.019345 0.057540
0 0.599330 0.848545 0.015625 0.050265
1 0.595424 0.913360 0.015253 0.041005
1 0.573661 0.852183 0.025298 0.060185
1 0.582775 0.484127 0.010045 0.031746
9 0.377604 0.455357 0.022321 0.031085
1 0.374256 0.453042 0.008929 0.027778
1 0.667597 0.621693 0.012277 0.037037
9 0.296131 0.424934 0.021577 0.036376
1 0.294085 0.424272 0.014509 0.029762
0 0.443638 0.431548 0.008557 0.036376
9 0.685454 0.407077 0.012277 0.036376
9 0.285714 0.470569 0.021577 0.031085
9 0.144717 0.713294 0.031250 0.050926
7 0.022693 0.756944 0.045387 0.089286
0 0.497582 0.361442 0.005580 0.035053
0 0.474330 0.364418 0.010417 0.039683
7 0.911830 0.063823 0.011161 0.021825
7 0.613467 0.292659 0.019345 0.039021
9 0.241629 0.692791 0.030134 0.050926
1 0.103981 0.421627 0.009301 0.028439
9 0.117374 0.484127 0.016741 0.029101
9 0.151972 0.490410 0.020461 0.036376
6 0.169085 0.469907 0.030878 0.042989
9 0.228609 0.366071 0.015253 0.033730
1 0.165551 0.415344 0.008185 0.029101