2 0.008141 0.338469 0.011029 0.049486
9 0.617910 0.167600 0.020483 0.019608
2 0.750263 0.283380 0.009979 0.027077
9 0.672532 0.248833 0.032038 0.038282
0 0.681985 0.143324 0.008929 0.040149
0 0.687763 0.142390 0.006828 0.036415
8 0.869748 0.382820 0.168067 0.128852
3 0.682248 0.595705 0.077731 0.115780
3 0.289391 0.518207 0.112395 0.078431
3 0.462185 0.523810 0.091387 0.069094
3 0.605305 0.519608 0.094013 0.083100
3 0.413078 0.385621 0.065651 0.087768
3 0.431197 0.310924 0.042017 0.067227
3 0.524160 0.402894 0.086134 0.062558
3 0.134979 0.514472 0.107143 0.084034
1 0.663603 0.776844 0.020483 0.054155
0 0.782300 0.786181 0.020483 0.069094
0 0.813288 0.781513 0.024685 0.072829
0 0.798319 0.753501 0.016807 0.063492
1 0.591124 0.611111 0.022584 0.055089
9 0.746849 0.791783 0.025210 0.070962
1 0.569328 0.589636 0.017857 0.055089
2 0.572216 0.593371 0.040441 0.040149
1 0.582721 0.586368 0.015231 0.050420
9 0.248162 0.304855 0.027836 0.034547
1 0.350840 0.406629 0.017857 0.055089
1 0.364496 0.347339 0.012605 0.050420
2 0.351103 0.420635 0.036239 0.045752
9 0.357143 0.365546 0.030462 0.036415
1 0.722689 0.337068 0.012605 0.039216
9 0.719538 0.352474 0.022059 0.036415
0 0.556723 0.219888 0.012605 0.045752
0 0.471901 0.022876 0.006828 0.034547
9 0.358456 0.194678 0.022584 0.030812
0 0.285452 0.220822 0.006828 0.042017
0 0.362132 0.172269 0.011029 0.043884
2 0.015494 0.339402 0.018382 0.043884
3 0.180410 0.844071 0.108718 0.194211
3 0.487132 0.204015 0.023634 0.066293
3 0.938813 0.814659 0.120273 0.170868
3 0.587973 0.200280 0.030987 0.055089
3 0.439601 0.062558 0.023109 0.041083
3 0.645746 0.140523 0.050945 0.043884
3 0.582195 0.014472 0.042542 0.028945
4 0.448267 0.021942 0.020483 0.036415
6 0.668067 0.803455 0.038866 0.111111
0 0.927258 0.677404 0.023634 0.062558
9 0.683561 0.289916 0.008929 0.036415
2 0.753414 0.299720 0.015231 0.031746
9 0.791229 0.293184 0.009979 0.041083
9 0.808824 0.290850 0.012605 0.036415
9 0.863971 0.306256 0.009454 0.035481
9 0.897321 0.281513 0.015231 0.036415
2 0.910714 0.311858 0.012605 0.037348
9 0.960872 0.312792 0.023634 0.050420
0 0.337447 0.882353 0.020483 0.074697
0 0.356880 0.879552 0.025735 0.074697
1 0.488708 0.267507 0.013130 0.030812
6 0.487132 0.279645 0.021534 0.053221
1 0.404674 0.298319 0.015231 0.045752
9 0.407563 0.314659 0.023109 0.041083
1 0.160977 0.644258 0.025735 0.054155
9 0.162553 0.658263 0.030987 0.050420
4 0.433298 0.584034 0.091387 0.096172
1 0.743960 0.776377 0.028887 0.049486
9 0.337973 0.248833 0.026786 0.034547
9 0.390494 0.183473 0.025735 0.030812
9 0.389968 0.158263 0.024685 0.028945
0 0.125263 0.330999 0.013130 0.045752
0 0.479254 0.030345 0.007878 0.038282
2 0.592174 0.627918 0.041492 0.042017
0 0.315914 0.288049 0.013130 0.049486
0 0.287553 0.290850 0.013130 0.043884
9 0.254464 0.319795 0.027836 0.030812
9 0.089548 0.341270 0.017332 0.042017
1 0.360557 0.350607 0.015231 0.045752
1 0.487920 0.277778 0.014706 0.032680
3 0.521796 0.063492 0.025735 0.046685
3 0.034139 0.435574 0.068277 0.083100
3 0.528624 0.166667 0.029937 0.055089
9 0.602941 0.579832 0.038866 0.041083
1 0.601366 0.567694 0.019958 0.054155
0 0.808036 0.779645 0.017332 0.048553
5 0.507090 0.444444 0.109769 0.093371
3 0.904412 0.621382 0.100840 0.096172
1 0.727679 0.338936 0.009979 0.037348