3 0.039653 0.095705 0.079307 0.073763
9 0.200368 0.061158 0.011029 0.045752
9 0.214023 0.070495 0.008929 0.042017
9 0.228729 0.066293 0.009979 0.050420
3 0.258403 0.059757 0.043067 0.082166
3 0.315914 0.034547 0.053046 0.069094
0 0.144170 0.978525 0.025735 0.037348
4 0.888655 0.270775 0.096639 0.085901
0 0.867384 0.450980 0.018382 0.052288
0 0.878939 0.440710 0.015231 0.052288
0 0.943540 0.397759 0.019433 0.048553
3 0.054097 0.133987 0.086134 0.075630
0 0.677521 0.051821 0.009454 0.049486
0 0.824842 0.129318 0.015231 0.045752
0 0.433824 0.948179 0.023109 0.055089
0 0.100578 0.066293 0.011029 0.052288
0 0.835084 0.132120 0.015756 0.040149
0 0.983456 0.213819 0.019433 0.052288
1 0.403624 0.878151 0.027836 0.047619
2 0.404149 0.904295 0.045693 0.051354
0 0.816702 0.908964 0.023109 0.056956
1 0.826418 0.875350 0.019433 0.043884
0 0.855305 0.852941 0.020483 0.047619
1 0.871061 0.823063 0.023634 0.047619
0 0.845326 0.800654 0.026786 0.045752
0 0.928046 0.972923 0.031513 0.052288
7 0.132616 0.217087 0.041492 0.038282
1 0.127889 0.204949 0.008929 0.040149
1 0.142069 0.202148 0.008929 0.038282
9 0.065389 0.194678 0.035189 0.030812
1 0.061187 0.181606 0.011029 0.045752
0 0.667805 0.062092 0.006828 0.040149
0 0.659401 0.067694 0.006828 0.032680
0 0.802258 0.892157 0.017332 0.053221
3 0.756303 0.200747 0.084034 0.097106
0 0.241334 0.633987 0.015231 0.056022
9 0.251313 0.408497 0.033088 0.038282
1 0.242384 0.391690 0.011029 0.030812
9 0.861607 0.330999 0.037290 0.038282
1 0.865284 0.328198 0.016282 0.051354
9 0.852153 0.356676 0.036239 0.039216
1 0.862132 0.347806 0.018382 0.043884
6 0.132090 0.354342 0.039391 0.038282
1 0.136292 0.346872 0.013130 0.045752
2 0.691964 0.174603 0.021534 0.052288
9 0.784926 0.055556 0.021534 0.036415
0 0.790179 0.041550 0.008929 0.043884
2 0.760767 0.128385 0.028887 0.025210
3 0.036502 0.275444 0.073004 0.089636