3 0.490546 0.300187 0.040966 0.062558
3 0.653624 0.242764 0.064601 0.063492
4 0.093750 0.803455 0.125525 0.178338
3 0.333508 0.390289 0.052521 0.100840
3 0.447742 0.210084 0.055147 0.056022
7 0.766019 0.230626 0.045693 0.056022
3 0.400210 0.647059 0.053571 0.162465
3 0.422006 0.369748 0.033088 0.084034
3 0.455620 0.143324 0.025735 0.058824
3 0.528624 0.072362 0.019433 0.036415
3 0.559086 0.325864 0.036239 0.070962
3 0.456145 0.104575 0.020483 0.044818
3 0.419643 0.137255 0.025210 0.056022
3 0.017595 0.447712 0.035189 0.129785
1 0.718225 0.897292 0.025735 0.085901
9 0.717700 0.913165 0.028887 0.100840
0 0.184349 0.452848 0.019958 0.056022
0 0.225578 0.357610 0.015231 0.050420
1 0.319328 0.242297 0.009454 0.032680
6 0.399422 0.269841 0.023634 0.050420
1 0.399422 0.266106 0.009979 0.041083
0 0.565389 0.122316 0.011029 0.039216
1 0.418330 0.222222 0.009979 0.035481
9 0.418855 0.236228 0.009979 0.035481
1 0.389443 0.200747 0.009979 0.031746
9 0.389443 0.212885 0.011029 0.033613
9 0.929097 0.164799 0.010504 0.027077
9 0.898897 0.158263 0.012080 0.032680
0 0.938025 0.135387 0.010504 0.029879
0 0.938550 0.148926 0.010504 0.038282
0 0.925683 0.139589 0.008929 0.032680
0 0.886292 0.143324 0.008929 0.032680
3 0.397584 0.013539 0.029412 0.027077
3 0.434611 0.060691 0.022584 0.041083
3 0.189601 0.315593 0.076681 0.063492
3 0.173319 0.232026 0.067227 0.051354
3 0.150735 0.138189 0.031513 0.048553
3 0.175420 0.202148 0.080882 0.055089
3 0.295956 0.124650 0.060399 0.045752
3 0.467700 0.028011 0.019433 0.035481
3 0.363445 0.110644 0.049370 0.036415
3 0.379989 0.060224 0.037290 0.036415
3 0.754464 0.205882 0.064601 0.055089
5 0.847689 0.200747 0.072479 0.059757
9 0.664128 0.199813 0.019433 0.028011
1 0.665441 0.188142 0.012605 0.030812
3 0.600315 0.100373 0.051471 0.049486
3 0.591124 0.086835 0.049895 0.041083
3 0.900735 0.196545 0.072479 0.055089
3 0.516282 0.398226 0.039916 0.084967
9 0.596113 0.341270 0.017857 0.049486
1 0.596376 0.328665 0.014181 0.050420
9 0.364233 0.398693 0.020483 0.050420
1 0.365546 0.379085 0.017857 0.050420
9 0.325368 0.246499 0.023634 0.024276
1 0.324580 0.237162 0.011555 0.031746
9 0.319590 0.256303 0.024685 0.025210