3 0.490284 0.195612 0.083508 0.075630
9 0.248687 0.450047 0.034139 0.097106
0 0.010242 0.436508 0.014181 0.062558
0 0.284401 0.497199 0.016282 0.073763
0 0.023372 0.422502 0.011029 0.043884
9 0.224527 0.331933 0.027836 0.023343
0 0.227679 0.316993 0.014181 0.047619
0 0.132616 0.347806 0.012080 0.045752
9 0.136817 0.319795 0.011029 0.040149
1 0.210872 0.309524 0.008929 0.036415
0 0.322216 0.456116 0.012080 0.045752
4 0.492384 0.563492 0.094013 0.183940
3 0.568015 0.681139 0.109769 0.210084
3 0.825105 0.899627 0.090336 0.200747
0 0.194590 0.343137 0.015231 0.049486
2 0.227416 0.337068 0.035714 0.074697
9 0.308036 0.349206 0.024685 0.069094
0 0.482668 0.404762 0.017857 0.064426
9 0.357931 0.391690 0.034139 0.066293
0 0.212710 0.428571 0.015756 0.074697
0 0.190651 0.438375 0.017857 0.068161
3 0.639443 0.129318 0.062500 0.077498
0 0.290704 0.464519 0.016282 0.070028
0 0.194328 0.411298 0.015756 0.070028
3 0.674107 0.080766 0.047794 0.064426
0 0.220326 0.405229 0.015231 0.070962
3 0.690914 0.383287 0.077206 0.131653
0 0.049107 0.441176 0.022584 0.077498
3 0.601103 0.381886 0.080357 0.119514
3 0.666492 0.262838 0.061975 0.088702
3 0.748162 0.283380 0.056197 0.088702
3 0.356880 0.496265 0.097164 0.159664
0 0.480042 0.279645 0.022059 0.073763
9 0.148372 0.326331 0.016282 0.051354
9 0.482405 0.424370 0.028887 0.047619
3 0.469275 0.357143 0.086660 0.111111
9 0.376838 0.347806 0.046744 0.055089
3 0.722164 0.166200 0.064076 0.108310
9 0.357668 0.298319 0.034664 0.060691
9 0.465336 0.260037 0.038866 0.055089
3 0.597952 0.190943 0.060399 0.077498
3 0.871324 0.020075 0.036765 0.040149
3 0.767595 0.097572 0.044643 0.068161
3 0.795431 0.057890 0.041492 0.054155
2 0.196166 0.520075 0.037290 0.069094