3 0.855882 0.443137 0.045588 0.033987
3 0.757721 0.362745 0.034559 0.030065
3 0.963603 0.941176 0.069853 0.096732
3 0.603309 0.411111 0.024265 0.040523
3 0.661029 0.371895 0.042647 0.032680
3 0.705147 0.393464 0.042647 0.036601
7 0.298897 0.415686 0.021324 0.047059
0 0.726103 0.460131 0.009559 0.033987
5 0.652574 0.350980 0.037500 0.037908
9 0.081985 0.488889 0.030147 0.033987
0 0.779779 0.431373 0.008088 0.028758
0 0.882721 0.469281 0.009559 0.036601
0 0.895221 0.468627 0.008088 0.035294
0 0.897426 0.510458 0.009559 0.022222
0 0.650368 0.294118 0.008088 0.018301
0 0.756250 0.371895 0.008088 0.027451
3 0.401838 0.345098 0.016912 0.036601
3 0.375368 0.324837 0.021324 0.037908
3 0.422426 0.202614 0.011029 0.023529
3 0.400368 0.206536 0.012500 0.020915
3 0.441176 0.156209 0.010294 0.016993
3 0.444485 0.110458 0.009559 0.016993
3 0.463603 0.124837 0.009559 0.019608
2 0.225368 0.822222 0.012500 0.018301
1 0.225000 0.788235 0.008824 0.036601
2 0.585662 0.447712 0.006618 0.022222
4 0.489706 0.311111 0.019118 0.039216
3 0.511765 0.127451 0.027941 0.024837
3 0.490809 0.110458 0.021324 0.022222
0 0.350368 0.305229 0.008088 0.032680
3 0.459926 0.143137 0.013971 0.030065
9 0.122059 0.421569 0.026471 0.040523
3 0.554779 0.215686 0.025735 0.015686
3 0.550368 0.204575 0.021324 0.014379
3 0.544853 0.191503 0.025000 0.016993
3 0.526838 0.179085 0.021324 0.015686
3 0.506618 0.158824 0.020588 0.016993
0 0.585662 0.437255 0.008088 0.024837
3 0.760294 0.449673 0.054412 0.036601
3 0.768750 0.483660 0.058088 0.041830
3 0.784559 0.505229 0.063235 0.048366
3 0.868750 0.568627 0.065441 0.049673
3 0.781985 0.874510 0.068382 0.122876
3 0.628309 0.466667 0.028676 0.044444
3 0.923162 0.831373 0.099265 0.083660
3 0.891544 0.771242 0.088971 0.075817
3 0.394118 0.569281 0.029412 0.071895
3 0.904044 0.530065 0.056618 0.064052
3 0.495221 0.190196 0.013971 0.027451
3 0.890441 0.629412 0.072059 0.056209
8 0.031618 0.795425 0.063235 0.192157
3 0.305147 0.936601 0.048529 0.118954
3 0.386397 0.900654 0.046324 0.141176
3 0.314338 0.788889 0.041912 0.105882
3 0.388971 0.763399 0.035294 0.109804
3 0.479044 0.947712 0.049265 0.099346
4 0.463603 0.766013 0.038971 0.122876
3 0.456250 0.647059 0.033088 0.091503
3 0.406618 0.160784 0.010294 0.023529
3 0.255147 0.343791 0.032353 0.036601
3 0.235294 0.277124 0.017647 0.028758
3 0.254412 0.285621 0.016176 0.027451
3 0.640809 0.307843 0.044853 0.035294
3 0.660662 0.300000 0.033088 0.027451
3 0.849265 0.720915 0.082353 0.064052
3 0.587500 0.293464 0.022059 0.027451
3 0.740441 0.928105 0.085294 0.128105
3 0.231250 0.465359 0.053676 0.039216
4 0.778676 0.391503 0.036765 0.045752
4 0.813235 0.403922 0.023529 0.047059