0 0.065389 0.956583 0.032038 0.086835
3 0.091124 0.630719 0.039391 0.068161
9 0.259191 0.699346 0.024685 0.065359
9 0.269958 0.731092 0.029412 0.072829
9 0.293330 0.729692 0.026786 0.083100
3 0.350315 0.723623 0.060924 0.153128
3 0.455357 0.679272 0.074580 0.161531
2 0.687237 0.656863 0.023634 0.045752
1 0.687763 0.627918 0.018382 0.058824
3 0.953256 0.766573 0.067227 0.175537
9 0.877889 0.717087 0.020483 0.056022
4 0.861082 0.521942 0.050945 0.132586
9 0.767857 0.334734 0.025210 0.023343
3 0.822742 0.275444 0.034139 0.082166
3 0.896796 0.219888 0.025735 0.055089
3 0.896271 0.165733 0.026786 0.043884
0 0.857405 0.091036 0.005777 0.025210
0 0.847164 0.051354 0.006303 0.026144
0 0.861345 0.049020 0.006303 0.021475
2 0.879989 0.075630 0.008929 0.018674
3 0.955620 0.225490 0.029937 0.051354
3 0.905725 0.038749 0.017332 0.030812
3 0.909664 0.011671 0.015756 0.023343
0 0.886292 0.024276 0.004727 0.014939
9 0.862658 0.030345 0.015231 0.014006
9 0.965336 0.017274 0.005252 0.014006
1 0.966649 0.011204 0.004727 0.013072
0 0.976103 0.010271 0.003676 0.020542
0 0.986082 0.013539 0.004727 0.021475
0 0.991334 0.015406 0.004727 0.017740
1 0.864496 0.026611 0.009454 0.025210
3 0.863971 0.416900 0.039916 0.081232
3 0.879464 0.341737 0.030987 0.067227
9 0.995798 0.217554 0.007353 0.020542
9 0.626838 0.542484 0.032038 0.046685
9 0.778887 0.316060 0.023109 0.027077
2 0.866071 0.136321 0.007353 0.024276
0 0.866859 0.126984 0.007878 0.026144
3 0.871061 0.058357 0.024685 0.030812
0 0.880777 0.064893 0.006303 0.019608
3 0.904674 0.129318 0.020483 0.040149
3 0.913866 0.077031 0.018908 0.034547
3 0.946166 0.007937 0.016282 0.014006
3 0.943015 0.021942 0.016282 0.028945
5 0.969538 0.553221 0.051471 0.127918
9 0.886029 0.032213 0.007353 0.012138
9 0.882878 0.687675 0.024160 0.068161
1 0.997637 0.210084 0.003676 0.026144
3 0.871849 0.266106 0.030462 0.050420
0 0.848477 0.094771 0.007878 0.025210
3 0.809349 0.357610 0.042017 0.106443