4 0.487920 0.778245 0.032563 0.056956
5 0.954569 0.831933 0.087710 0.147526
3 0.870798 0.847806 0.055672 0.054155
3 0.553834 0.765173 0.023634 0.043884
5 0.361607 0.734827 0.076155 0.134454
5 0.413340 0.688609 0.066176 0.088702
4 0.553046 0.783380 0.027311 0.050420
5 0.845063 0.750233 0.090336 0.126050
3 0.496061 0.727824 0.017332 0.030812
3 0.551733 0.711485 0.017332 0.028011
5 0.829569 0.796452 0.043592 0.057890
5 0.607668 0.579832 0.013655 0.022409
3 0.571691 0.681139 0.018382 0.027077
3 0.547532 0.697479 0.016282 0.029879
3 0.644170 0.692810 0.021534 0.039216
3 0.487658 0.756769 0.024685 0.043884
3 0.496061 0.737162 0.016282 0.028945
5 0.419905 0.742764 0.049895 0.107376
5 0.458246 0.686275 0.039391 0.072829
3 0.552521 0.739029 0.022059 0.034547
5 0.508666 0.688609 0.033088 0.073763
3 0.550420 0.725490 0.016807 0.031746
3 0.939601 0.911298 0.067227 0.067227