5 0.544905 0.033613 0.044643 0.067227
3 0.434086 0.157796 0.044643 0.087768
3 0.599002 0.075163 0.038340 0.079365
3 0.445641 0.034080 0.039391 0.066293
3 0.561975 0.461718 0.059874 0.148459
3 0.077206 0.588702 0.134454 0.116713
0 0.768382 0.907096 0.024160 0.075630
6 0.194590 0.927638 0.127626 0.140990
5 0.870273 0.833800 0.200630 0.175537
5 0.692752 0.413632 0.154412 0.138189
6 0.126050 0.911298 0.120798 0.168067
0 0.306723 0.469655 0.017857 0.067227
0 0.262342 0.482726 0.022584 0.061625
0 0.299895 0.459384 0.015756 0.065359
0 0.294380 0.450047 0.022584 0.076564
3 0.249475 0.401027 0.108193 0.107376
0 0.273109 0.438842 0.025210 0.070962
0 0.202206 0.368814 0.021008 0.067227
0 0.360294 0.348739 0.015756 0.073763
5 0.679884 0.269841 0.146534 0.110177
5 0.820378 0.270775 0.126050 0.126984
0 0.896534 0.251167 0.022059 0.059757
1 0.841387 0.126984 0.027311 0.056022