0 0.581101 0.380952 0.026786 0.137566
0 0.772321 0.699074 0.058036 0.231481
0 0.652158 0.186508 0.020089 0.068783
0 0.527530 0.427910 0.034226 0.144180
0 0.454985 0.488757 0.039435 0.154762
0 0.398065 0.392857 0.026786 0.137566
0 0.324033 0.445767 0.033482 0.156085
0 0.312128 0.380291 0.037946 0.128307
0 0.377232 0.390873 0.032738 0.146825
0 0.454241 0.401455 0.026042 0.141534
0 0.418899 0.349868 0.034226 0.175926
0 0.203497 0.448413 0.045387 0.164021
0 0.134673 0.371032 0.034226 0.125661
0 0.406250 0.304233 0.022321 0.108466
0 0.542039 0.205026 0.018601 0.084656
0 0.961682 0.282407 0.034970 0.117725
0 0.415179 0.291667 0.025298 0.109788
1 0.787946 0.274471 0.022321 0.091270
0 0.809152 0.269180 0.024554 0.085979
0 0.580729 0.176587 0.017113 0.046296
0 0.958705 0.933201 0.063244 0.128307
1 0.538318 0.319444 0.029018 0.093915
0 0.518601 0.292328 0.023810 0.071429
0 0.480283 0.153439 0.017113 0.058201
0 0.096726 0.318783 0.017857 0.063492
1 0.092262 0.310847 0.032738 0.058201
2 0.430432 0.343254 0.040923 0.070106
0 0.603795 0.142196 0.017113 0.078042
1 0.210193 0.214286 0.017113 0.037037
0 0.178943 0.140212 0.014137 0.055556
0 0.792039 0.181217 0.017113 0.060847
0 0.417783 0.119048 0.015625 0.060847
0 0.394717 0.099206 0.014137 0.050265
1 0.134673 0.116402 0.016369 0.039683
0 0.840774 0.176587 0.014881 0.051587
1 0.116443 0.122354 0.015625 0.030423
1 0.252976 0.118386 0.013393 0.030423
0 0.706473 0.138889 0.018601 0.037037
0 0.539435 0.110450 0.011905 0.054233
0 0.482143 0.230820 0.014881 0.054233
0 0.462054 0.223545 0.016369 0.082011
0 0.965402 0.314153 0.037946 0.120370
0 0.966518 0.326720 0.037202 0.119048
0 0.963914 0.220238 0.018601 0.078042
0 0.196801 0.100529 0.014137 0.044974
0 0.592634 0.099868 0.009673 0.035714
0 0.561384 0.083333 0.008185 0.037037
0 0.745164 0.133598 0.017113 0.052910
0 0.517113 0.068783 0.016369 0.052910
1 0.955729 0.172619 0.020089 0.064815
1 0.905878 0.187831 0.020089 0.039683
1 0.941220 0.192460 0.019345 0.033069
1 0.925967 0.189815 0.018601 0.035714