2 0.399368 0.288690 0.009301 0.025794
3 0.457403 0.146495 0.015253 0.025794
1 0.595424 0.289352 0.013765 0.028439
3 0.432850 0.123677 0.015253 0.022487
9 0.218564 0.286706 0.023438 0.019180
1 0.217820 0.278439 0.010789 0.025132
3 0.350632 0.087632 0.012277 0.020503
8 0.144903 0.262235 0.065104 0.068122
3 0.220052 0.272817 0.029390 0.032407
2 0.388579 0.304563 0.008557 0.025794
2 0.401228 0.301918 0.009301 0.028439
3 0.499442 0.927249 0.067336 0.140212
4 0.505766 0.769511 0.052455 0.135582
1 0.774368 0.918981 0.021205 0.042989
1 0.773996 0.892857 0.023438 0.056878
2 0.772507 0.912037 0.022693 0.076720
8 0.622210 0.691138 0.074777 0.284392
5 0.446801 0.282738 0.023810 0.042989
3 0.477121 0.275132 0.021205 0.034392
3 0.448103 0.253638 0.017485 0.032407
3 0.482143 0.257606 0.015625 0.029762
8 0.444754 0.214616 0.026414 0.068122
3 0.471168 0.245040 0.018973 0.029762
4 0.869978 0.533399 0.081473 0.082672
6 0.566406 0.231481 0.015997 0.027778
2 0.596540 0.306548 0.015997 0.023148
3 0.474888 0.231151 0.018229 0.027116
3 0.467076 0.217262 0.017485 0.025794
3 0.464286 0.206349 0.012649 0.027778
3 0.433780 0.184193 0.014137 0.027116
4 0.431734 0.170304 0.013765 0.019180
4 0.423921 0.159722 0.013021 0.019180
5 0.454427 0.176587 0.018229 0.030423
3 0.441778 0.170304 0.013021 0.023148
5 0.333705 0.174603 0.027530 0.042328