4 0.853423 0.710317 0.023810 0.029101
3 0.838170 0.676587 0.026042 0.030423
4 0.870164 0.593254 0.020089 0.048942
3 0.888021 0.657407 0.020089 0.047619
3 0.887277 0.404762 0.031994 0.039683
3 0.853051 0.425926 0.026042 0.042328
3 0.123884 0.605820 0.030506 0.034392
3 0.196429 0.494048 0.028274 0.035714
3 0.010045 0.622354 0.020089 0.048942
3 0.851935 0.175265 0.028274 0.033069
5 0.956845 0.115079 0.034226 0.039683
3 0.712798 0.151455 0.025298 0.043651
3 0.737723 0.231481 0.030506 0.029101
3 0.296875 0.232804 0.019345 0.055556
3 0.256324 0.209656 0.017113 0.048942
3 0.247768 0.158730 0.019345 0.050265
3 0.280134 0.152116 0.018601 0.047619
3 0.328869 0.191799 0.020833 0.052910
3 0.314732 0.133598 0.019345 0.052910
3 0.304315 0.065476 0.020833 0.051587
4 0.333705 0.025794 0.020089 0.051587
3 0.353795 0.220899 0.014137 0.037037
3 0.909226 0.300926 0.031250 0.035714
8 0.741443 0.296958 0.066220 0.035714
6 0.930060 0.259259 0.026786 0.026455
3 0.592634 0.172619 0.027530 0.041005
3 0.059524 0.763889 0.031250 0.033069
9 0.363095 0.388889 0.010417 0.031746
0 0.392113 0.630952 0.008929 0.018519
9 0.094122 0.728175 0.015625 0.017196
0 0.324777 0.611772 0.008185 0.019841
9 0.375000 0.707011 0.010417 0.022487
9 0.530134 0.766534 0.009673 0.019841
3 0.568824 0.726852 0.012649 0.019841
3 0.431176 0.197090 0.014137 0.015873
0 0.979539 0.554233 0.012649 0.013228
0 0.966518 0.211640 0.013393 0.013228