9 0.418382 0.431373 0.007353 0.023529
9 0.430515 0.430719 0.009559 0.027451
1 0.288603 0.758824 0.015441 0.048366
0 0.325000 0.503922 0.010294 0.035294
0 0.194485 0.438562 0.012500 0.032680
0 0.304044 0.394771 0.009559 0.028758
9 0.467279 0.394771 0.006618 0.023529
7 0.244485 0.496732 0.043382 0.041830
3 0.548897 0.444444 0.021324 0.036601
6 0.270956 0.463399 0.047794 0.037908
6 0.392279 0.412418 0.018382 0.027451
7 0.550368 0.660784 0.025735 0.061438
0 0.538603 0.498693 0.008088 0.032680
3 0.316544 0.503922 0.033088 0.043137
3 0.725000 0.529412 0.048529 0.039216
3 0.708824 0.498039 0.045588 0.033987
7 0.353309 0.501307 0.022794 0.037908
5 0.693750 0.472549 0.052206 0.035294
0 0.811029 0.866667 0.013235 0.060131
3 0.611397 0.411765 0.016912 0.028758
3 0.659559 0.435294 0.035294 0.026144
3 0.438971 0.362745 0.016176 0.024837
4 0.357721 0.430719 0.033088 0.037908
3 0.410662 0.395425 0.025735 0.030065
7 0.381985 0.456209 0.021324 0.036601
0 0.318750 0.576471 0.011029 0.041830
3 0.346324 0.403922 0.036765 0.031373
0 0.625368 0.428105 0.008088 0.024837
9 0.366176 0.460784 0.029412 0.032680
3 0.360294 0.375163 0.030882 0.026144
7 0.287500 0.458824 0.022059 0.044444
7 0.302941 0.464052 0.038235 0.041830
7 0.302941 0.517647 0.035294 0.044444
3 0.621691 0.396732 0.037500 0.035294
7 0.266544 0.457516 0.019853 0.041830
4 0.615074 0.859477 0.047794 0.100654
6 0.384191 0.424183 0.021324 0.032680
1 0.232721 0.973203 0.019853 0.048366
0 0.343750 0.506536 0.011029 0.035294
3 0.632721 0.361438 0.033088 0.030065
0 0.299265 0.394771 0.010294 0.028758
6 0.354779 0.342484 0.016912 0.023529
1 0.570588 0.397386 0.007353 0.023529
1 0.626838 0.475817 0.009559 0.026144
0 0.643015 0.477124 0.009559 0.031373
0 0.511397 0.583007 0.011029 0.036601
3 0.018382 0.754248 0.036765 0.083660
3 0.026838 0.802614 0.053676 0.073203
3 0.890074 0.877124 0.071324 0.099346
4 0.363235 0.880392 0.052941 0.137255
3 0.447794 0.387582 0.016176 0.027451
0 0.134191 0.583660 0.012500 0.040523
0 0.149632 0.583660 0.013971 0.043137
0 0.771691 0.771242 0.013971 0.044444
6 0.204779 0.462092 0.040441 0.040523
6 0.209926 0.500000 0.033088 0.037908