9 0.973214 0.885582 0.049107 0.160053
1 0.984375 0.836640 0.025298 0.125661
0 0.358631 0.912037 0.047619 0.167989
0 0.429315 0.845899 0.072917 0.186508
0 0.165179 0.681217 0.020833 0.092593
0 0.170015 0.632937 0.036458 0.128307
1 0.392485 0.380291 0.029018 0.051587
0 0.605655 0.589947 0.037202 0.153439
0 0.278274 0.414021 0.023810 0.082011
0 0.280506 0.427249 0.017857 0.060847
0 0.303571 0.403439 0.020833 0.060847
0 0.292783 0.382275 0.018601 0.079365
9 0.577381 0.319444 0.017857 0.056878
1 0.577009 0.292328 0.020089 0.050265
0 0.536830 0.367063 0.020089 0.085979
6 0.521205 0.384921 0.039435 0.092593
0 0.386533 0.365741 0.012649 0.054233
1 0.396949 0.363757 0.011161 0.039683
9 0.532738 0.234127 0.013393 0.037037
9 0.512649 0.158730 0.013393 0.039683
9 0.529390 0.150132 0.012649 0.027778
9 0.539062 0.167989 0.009673 0.039683
7 0.677827 0.261243 0.032738 0.078042
0 0.554315 0.339947 0.020833 0.095238
9 0.546131 0.363757 0.025298 0.074074
9 0.490699 0.753307 0.101935 0.130952
1 0.532738 0.220899 0.011905 0.042328