9 0.255777 0.387021 0.015756 0.038282
3 0.794118 0.753968 0.088235 0.116713
3 0.868172 0.723156 0.089286 0.111111
1 0.927258 0.944444 0.036239 0.051354
3 0.982931 0.599440 0.032038 0.070962
4 0.604517 0.448179 0.063025 0.070962
3 0.695378 0.432306 0.072479 0.059757
3 0.613708 0.422502 0.068803 0.060691
3 0.691964 0.398226 0.066702 0.051354
3 0.773372 0.407096 0.065651 0.054155
3 0.850053 0.391690 0.063550 0.055089
4 0.910977 0.371615 0.068803 0.063492
3 0.755777 0.384220 0.052521 0.049486
3 0.753939 0.339402 0.059349 0.043884
3 0.657563 0.319328 0.040966 0.050420
3 0.696166 0.320261 0.053046 0.044818
4 0.766544 0.298319 0.053046 0.049486
4 0.879989 0.281979 0.046744 0.048553
3 0.148372 0.098506 0.017332 0.030812
6 0.216649 0.702614 0.030987 0.092437
3 0.237132 0.592437 0.053046 0.094304
3 0.161502 0.645658 0.050945 0.120448
4 0.040179 0.349673 0.043592 0.071895
4 0.070903 0.310924 0.028361 0.065359
3 0.140494 0.511204 0.035189 0.084967
3 0.135242 0.432773 0.038340 0.071895
4 0.035977 0.306723 0.030987 0.066293
3 0.041229 0.246965 0.027836 0.043884
3 0.070641 0.217087 0.021534 0.038282
3 0.044380 0.218021 0.024685 0.038282
4 0.347952 0.309524 0.053046 0.055089
3 0.321429 0.297386 0.037815 0.043884
4 0.299895 0.282446 0.036765 0.043884
3 0.148372 0.069561 0.015231 0.027077
3 0.293330 0.206816 0.043592 0.032680
4 0.293855 0.193744 0.036239 0.038282
3 0.228729 0.172269 0.030987 0.032680
8 0.258403 0.157330 0.040966 0.077498
5 0.229517 0.098506 0.066176 0.060691
3 0.055672 0.168534 0.022059 0.038282
4 0.078782 0.162465 0.017857 0.039216
4 0.089286 0.139122 0.018908 0.033613
4 0.090336 0.105976 0.018908 0.036415
3 0.209559 0.489729 0.046218 0.083100
3 0.154937 0.773576 0.115546 0.107376
3 0.251313 0.427638 0.038340 0.063492
2 0.476366 0.723623 0.046218 0.078431
1 0.468487 0.695612 0.017857 0.061625
3 0.897847 0.535481 0.079307 0.079365
9 0.200893 0.240430 0.012080 0.032680
3 0.117122 0.332400 0.031513 0.054155
5 0.055410 0.109711 0.030987 0.071895
3 0.189601 0.384687 0.036765 0.074697
4 0.083508 0.091970 0.027311 0.030812
3 0.120798 0.196078 0.022059 0.037348
3 0.119223 0.061625 0.014706 0.026144
3 0.144695 0.022876 0.021534 0.021475
6 0.577468 0.382353 0.030987 0.047619
6 0.624475 0.372082 0.033613 0.038282
6 0.651523 0.361811 0.037290 0.049486
6 0.673582 0.354809 0.030987 0.042951
0 0.178571 0.147993 0.009454 0.027077
0 0.317489 0.331466 0.008929 0.037348
0 0.306985 0.353875 0.009979 0.037348
0 0.074842 0.245098 0.012080 0.038282
9 0.511817 0.461718 0.025735 0.040149
3 0.808561 0.370215 0.059349 0.045752
4 0.881303 0.348739 0.053571 0.055089
3 0.945378 0.276377 0.058824 0.042951
3 0.969275 0.361345 0.049895 0.056022
4 0.960609 0.265173 0.044118 0.050420
1 0.636292 0.872549 0.020483 0.070028
2 0.634979 0.895892 0.023109 0.075630
0 0.306985 0.502801 0.012080 0.053221
9 0.489233 0.479458 0.030987 0.038282
9 0.717962 0.475257 0.024160 0.033613
9 0.170956 0.105509 0.008929 0.026144
0 0.093225 0.359010 0.012080 0.038282
0 0.121061 0.095705 0.008929 0.027077
0 0.091649 0.315126 0.012080 0.038282
9 0.158613 0.078431 0.008403 0.022409
9 0.181985 0.116246 0.008929 0.027077
9 0.148634 0.226424 0.011555 0.030812
0 0.132090 0.098506 0.008929 0.027077
1 0.378151 0.399160 0.014706 0.025210
0 0.286502 0.459851 0.015231 0.055089
1 0.255515 0.384220 0.023634 0.040149
9 0.844800 0.340803 0.022584 0.028011