4 0.506040 0.333800 0.062500 0.042017
3 0.428571 0.361811 0.036765 0.055089
3 0.459034 0.331466 0.028361 0.039216
3 0.505515 0.317927 0.049895 0.038282
3 0.219275 0.509804 0.110819 0.070962
3 0.080620 0.417367 0.065651 0.065359
4 0.520746 0.303455 0.043592 0.039216
3 0.538078 0.301587 0.043592 0.031746
3 0.257090 0.435574 0.095063 0.058824
3 0.272584 0.410364 0.084034 0.049486
3 0.280987 0.390756 0.078782 0.049486
3 0.308036 0.375350 0.068803 0.048553
3 0.323792 0.365546 0.053046 0.043884
3 0.343225 0.351541 0.049895 0.047619
3 0.365284 0.342670 0.045693 0.044818
3 0.373162 0.329599 0.049895 0.044818
3 0.386029 0.324930 0.043067 0.033613
3 0.419380 0.308123 0.051996 0.033613
0 0.815914 0.416900 0.012080 0.056956
0 0.731355 0.520075 0.021534 0.072829
0 0.359506 0.437442 0.015231 0.049486
3 0.242910 0.274977 0.030987 0.036415
3 0.136817 0.317460 0.043592 0.048553
3 0.224790 0.262838 0.028361 0.034547
3 0.156513 0.266106 0.025210 0.042951
3 0.148109 0.223156 0.018908 0.026144
3 0.197742 0.305322 0.039391 0.042951
9 0.133141 0.366480 0.022584 0.038282
3 0.079307 0.349673 0.058824 0.051354
0 0.194590 0.441176 0.018382 0.055089
0 0.172006 0.430439 0.016282 0.059757
0 0.148634 0.424370 0.013655 0.056956
4 0.029412 0.249300 0.037815 0.029879
3 0.136029 0.547152 0.132353 0.106443
0 0.675683 0.294585 0.013130 0.040149
0 0.623162 0.302054 0.014181 0.045752
0 0.669905 0.315126 0.013130 0.038282
9 0.367122 0.523343 0.043067 0.040149
1 0.364758 0.508403 0.020483 0.051354
0 0.120011 0.415966 0.012080 0.058824
0 0.382878 0.346872 0.010504 0.043884
3 0.355567 0.186275 0.010504 0.015873
9 0.339548 0.194211 0.009979 0.018674
3 0.713761 0.743697 0.102941 0.161531
3 0.808036 0.733427 0.131828 0.183940
3 0.616334 0.736695 0.085609 0.164332
3 0.499737 0.665266 0.073004 0.163399
3 0.414653 0.652194 0.092962 0.146592
0 0.461134 0.642857 0.021008 0.088702
3 0.338235 0.622316 0.075630 0.116713
3 0.238445 0.627918 0.106092 0.126050
9 0.993172 0.790383 0.013655 0.077498
9 0.993697 0.776377 0.010504 0.066293
4 0.961397 0.570962 0.075105 0.144725
6 0.892595 0.583567 0.078256 0.084034
5 0.836922 0.549953 0.103466 0.110177
0 0.762342 0.545752 0.014181 0.068161
0 0.487395 0.625584 0.015756 0.061625
0 0.454044 0.623716 0.017332 0.087768
0 0.375788 0.618581 0.018382 0.094304
0 0.383929 0.608777 0.017857 0.059757
3 0.152311 0.601307 0.121849 0.115780
3 0.624475 0.550887 0.116597 0.080299
3 0.506828 0.528478 0.108193 0.072829
9 0.293330 0.524743 0.018382 0.050420
3 0.504727 0.498599 0.109244 0.065359
3 0.765494 0.469188 0.088761 0.055089
3 0.586134 0.468721 0.090336 0.061625
3 0.466649 0.476657 0.090861 0.075630
3 0.448004 0.458917 0.087185 0.058824
3 0.447742 0.428571 0.088761 0.063492
3 0.258929 0.458450 0.091387 0.082166
0 0.594800 0.472456 0.018382 0.059757
3 0.549107 0.451447 0.081408 0.062558
3 0.746586 0.442110 0.094013 0.055089
3 0.535452 0.434174 0.078256 0.050420
3 0.719800 0.418768 0.084559 0.051354
3 0.703519 0.404295 0.065651 0.052288
3 0.692489 0.388889 0.064601 0.038282
3 0.527574 0.406629 0.075105 0.055089
3 0.509979 0.383754 0.069328 0.048553
3 0.505515 0.362745 0.062500 0.038282
3 0.501313 0.348273 0.059349 0.031746