5 0.631828 0.595705 0.049370 0.054155
3 0.653887 0.772642 0.045168 0.062558
3 0.611345 0.623716 0.022059 0.028011
3 0.493172 0.859477 0.050420 0.088702
5 0.187500 0.726891 0.126050 0.189542
5 0.297794 0.640056 0.050420 0.071895
3 0.819328 0.718487 0.045168 0.043884
3 0.666754 0.696545 0.038340 0.042951
3 0.399685 0.714286 0.025210 0.044818
3 0.405200 0.697012 0.027836 0.043884
5 0.335609 0.658730 0.055672 0.120448
5 0.376313 0.610177 0.043592 0.070028
3 0.475578 0.711018 0.024685 0.049486
5 0.412553 0.637255 0.021534 0.049486
3 0.471639 0.690943 0.022059 0.042951
3 0.735032 0.704482 0.045693 0.055089
3 0.783876 0.740896 0.046744 0.055089
3 0.641544 0.640056 0.024685 0.027077