4 0.479517 0.748366 0.030462 0.055089
3 0.917542 0.866480 0.058824 0.059757
3 0.546218 0.725957 0.023109 0.045752
5 0.349790 0.705415 0.067227 0.131653
5 0.403887 0.665733 0.058824 0.085901
4 0.544905 0.748366 0.024685 0.047619
3 0.532038 0.878618 0.037815 0.067227
5 0.918855 0.778245 0.142332 0.140990
3 0.487920 0.712885 0.016807 0.032680
4 0.745798 0.705882 0.026261 0.039216
3 0.923582 0.710084 0.035189 0.028945
3 0.551996 0.676937 0.016807 0.029879
5 0.839548 0.792250 0.048845 0.064426
5 0.618960 0.581699 0.019433 0.026144
3 0.659664 0.584967 0.008403 0.012138
3 0.566702 0.661064 0.015756 0.026144
3 0.479779 0.732493 0.024685 0.045752
3 0.490284 0.699813 0.017332 0.032680
5 0.412290 0.715219 0.050420 0.108310
5 0.453256 0.660131 0.039916 0.072829
3 0.545431 0.699813 0.018382 0.030812
5 0.500788 0.664332 0.036239 0.079365
3 0.543330 0.694678 0.018382 0.039216