3 0.383743 0.645172 0.039807 0.066799
3 0.435268 0.642857 0.041667 0.062169
3 0.477679 0.632606 0.041667 0.061508
3 0.521391 0.631283 0.042783 0.062831
3 0.555060 0.609788 0.046131 0.055556
3 0.408668 0.719246 0.047247 0.087963
3 0.461868 0.707341 0.048735 0.081349
3 0.510231 0.704696 0.051711 0.076058
5 0.574777 0.718585 0.065476 0.102513
4 0.607143 0.680225 0.057292 0.072090
3 0.441406 0.850860 0.058408 0.109127
3 0.500186 0.816799 0.053199 0.083333
3 0.554501 0.805556 0.056920 0.087302
3 0.620536 0.820106 0.066964 0.095238
3 0.667597 0.791667 0.071057 0.091270
3 0.542969 0.936508 0.071801 0.111111
3 0.599516 0.902447 0.075521 0.111772
3 0.721540 0.891534 0.080729 0.107143
3 0.713542 0.959325 0.090774 0.078704
3 0.496652 0.524471 0.031250 0.038360
3 0.851562 0.520503 0.054315 0.044974
3 0.773996 0.510251 0.064360 0.042989
3 0.813802 0.475529 0.050967 0.044974
3 0.540737 0.453704 0.046503 0.038360
3 0.633929 0.458664 0.049107 0.036376
3 0.684338 0.455026 0.048735 0.033069
0 0.045387 0.883267 0.022321 0.077381
3 0.591890 0.445437 0.042411 0.035053
3 0.441406 0.442130 0.045015 0.031085
3 0.463914 0.430225 0.046131 0.032407
3 0.508371 0.425926 0.042039 0.027778
3 0.472284 0.414352 0.041295 0.031085
3 0.509859 0.406085 0.047247 0.027778
3 0.390997 0.423942 0.043155 0.033069
4 0.352307 0.426257 0.049107 0.041667
3 0.276042 0.421627 0.043155 0.032407
3 0.316034 0.415675 0.037574 0.029762
3 0.684710 0.422950 0.045015 0.037698
3 0.223586 0.395833 0.039435 0.032407
0 0.091890 0.652778 0.011905 0.048942
0 0.047061 0.595238 0.012277 0.042328
0 0.092262 0.591601 0.011905 0.048280
0 0.111607 0.598545 0.012649 0.042328
0 0.101190 0.594907 0.011905 0.041667
0 0.127046 0.559854 0.013765 0.046958
0 0.138393 0.594246 0.010417 0.036376
0 0.138393 0.577050 0.012649 0.040344
0 0.182850 0.598214 0.015253 0.044312
0 0.188244 0.553241 0.013393 0.039021
0 0.212240 0.589947 0.011533 0.041005
0 0.237165 0.584987 0.013021 0.042989
0 0.240885 0.574074 0.015997 0.047619
2 0.240885 0.548280 0.025670 0.023810
1 0.239211 0.535053 0.011905 0.031746