0 0.020833 0.533069 0.038690 0.145503
0 0.688988 0.228175 0.022321 0.083333
1 0.707589 0.241402 0.016369 0.043651
0 0.917783 0.288360 0.026042 0.108466
0 0.672619 0.145503 0.013393 0.047619
0 0.267485 0.140873 0.017113 0.054233
0 0.266741 0.126323 0.014137 0.051587
0 0.280878 0.146825 0.012649 0.039683
0 0.089658 0.102513 0.015625 0.048942
0 0.105283 0.104497 0.011161 0.047619
0 0.133929 0.109127 0.016369 0.048942
0 0.607887 0.455026 0.040179 0.150794
1 0.900298 0.273148 0.025298 0.056878
0 0.634673 0.189153 0.016369 0.074074
0 0.767485 0.510582 0.031994 0.185185
0 0.534226 0.545635 0.043155 0.157407
0 0.470610 0.482143 0.045387 0.157407
0 0.338542 0.690476 0.050595 0.232804
0 0.418155 0.546296 0.031250 0.177249
0 0.662574 0.520503 0.051339 0.162698
0 0.617932 0.609788 0.075149 0.174603
0 0.849702 0.595238 0.055060 0.203704
0 0.502604 0.475529 0.040923 0.165344
0 0.358259 0.341931 0.029018 0.125661
0 0.579241 0.313492 0.020089 0.119048
0 0.636161 0.307540 0.022321 0.109788
0 0.568452 0.248016 0.025298 0.072751
0 0.611607 0.295635 0.020833 0.120370
1 0.803571 0.277778 0.020833 0.084656
0 0.827009 0.274471 0.027530 0.083333
0 0.251860 0.144841 0.009673 0.030423
1 0.546875 0.350529 0.023810 0.076720
1 0.515625 0.335979 0.031250 0.058201
0 0.463914 0.172619 0.018601 0.070106
0 0.133185 0.353836 0.017857 0.070106
1 0.044643 0.359127 0.037202 0.064815
2 0.428943 0.371032 0.040923 0.085979
0 0.602679 0.150132 0.016369 0.072751
1 0.094866 0.125661 0.011161 0.026455
0 0.131324 0.154101 0.014137 0.059524
0 0.798735 0.184524 0.014137 0.054233
0 0.390253 0.119709 0.014137 0.051587
0 0.352679 0.094577 0.010417 0.054233
1 0.081101 0.131614 0.014881 0.033069
1 0.060640 0.130291 0.015625 0.030423
0 0.183780 0.136243 0.016369 0.050265
0 0.569568 0.255952 0.017113 0.091270
0 0.968006 0.320767 0.032738 0.130952
0 0.734003 0.367725 0.030506 0.134921
0 0.735119 0.238095 0.029762 0.066138
0 0.549851 0.097884 0.013393 0.037037
0 0.527902 0.084656 0.014137 0.034392
0 0.973958 0.295635 0.023810 0.115079
1 0.938616 0.193122 0.012649 0.031746
1 0.923735 0.188492 0.018601 0.033069