3 0.481880 0.205882 0.012080 0.023343
2 0.669380 0.598506 0.015231 0.050420
1 0.670168 0.586368 0.014706 0.054155
9 0.644695 0.528011 0.012080 0.038282
1 0.645746 0.511204 0.012080 0.032680
1 0.614233 0.429038 0.008929 0.043884
4 0.811187 0.777311 0.046744 0.127918
3 0.752363 0.692344 0.064601 0.094304
9 0.572216 0.342670 0.008929 0.020542
3 0.078519 0.632120 0.080357 0.104575
3 0.573267 0.732493 0.061450 0.120448
3 0.548319 0.562558 0.043067 0.083100
4 0.702206 0.570495 0.046218 0.093371
3 0.507353 0.345472 0.024160 0.042951
3 0.096376 0.572829 0.100315 0.070028
3 0.152048 0.526144 0.054097 0.077498
3 0.671481 0.444911 0.069853 0.049486
3 0.731880 0.512138 0.065651 0.060691
6 0.432773 0.646125 0.030462 0.065359
3 0.521796 0.443044 0.030987 0.051354
1 0.427784 0.619514 0.017332 0.038282
9 0.053834 0.432773 0.023634 0.030812
0 0.718225 0.451914 0.012080 0.056022
1 0.808298 0.511671 0.014706 0.039216
1 0.818540 0.542017 0.017332 0.042017
0 0.747899 0.463585 0.011555 0.049486
3 0.188550 0.409430 0.061975 0.047619
3 0.376576 0.330999 0.027311 0.040149
3 0.397584 0.276844 0.017857 0.032680
3 0.287553 0.341737 0.030987 0.037348
6 0.242122 0.370682 0.034664 0.031746
3 0.514968 0.279178 0.018382 0.033613
3 0.633141 0.400093 0.034139 0.049486
3 0.616597 0.368347 0.025210 0.038282
3 0.611607 0.333333 0.034139 0.031746
3 0.579044 0.286181 0.020483 0.032680
3 0.312500 0.317460 0.024160 0.033613
3 0.301208 0.287115 0.036239 0.034547
3 0.419905 0.231092 0.021534 0.025210
3 0.451681 0.237628 0.014706 0.021475
3 0.457721 0.203548 0.013130 0.018674
3 0.513130 0.236695 0.015756 0.025210
3 0.150735 0.368814 0.044118 0.044818
1 0.476628 0.971055 0.022584 0.056022
3 0.429622 0.207283 0.012605 0.016807