9 0.512605 0.902428 0.030462 0.086835
9 0.374212 0.824463 0.030987 0.080299
3 0.832983 0.781046 0.088235 0.116713
3 0.910452 0.749300 0.090861 0.111111
1 0.972952 0.977591 0.032038 0.039216
3 0.704569 0.589636 0.073004 0.092437
4 0.642332 0.456583 0.064076 0.070962
3 0.738183 0.443044 0.071954 0.058824
3 0.651523 0.432773 0.068803 0.058824
3 0.731092 0.409897 0.066176 0.050420
3 0.817227 0.420168 0.068277 0.056022
3 0.894170 0.407563 0.069853 0.055089
4 0.961397 0.391223 0.071954 0.061625
3 0.797006 0.394958 0.053046 0.046685
3 0.796218 0.350607 0.061975 0.043884
3 0.690651 0.325864 0.040966 0.050420
3 0.734244 0.328665 0.053571 0.044818
4 0.811975 0.309057 0.053571 0.048553
4 0.930935 0.295518 0.049895 0.049486
3 0.252889 0.284314 0.028887 0.047619
9 0.169643 0.572829 0.014706 0.053221
6 0.212710 0.492063 0.027311 0.056022
9 0.201155 0.602708 0.017857 0.056956
3 0.227679 0.404295 0.033088 0.063492
3 0.173845 0.384687 0.033613 0.069094
4 0.089023 0.347339 0.042542 0.070962
4 0.120273 0.308590 0.030462 0.062558
3 0.162815 0.324463 0.027311 0.055089
3 0.165704 0.285714 0.027836 0.050420
4 0.087185 0.301120 0.031513 0.064426
3 0.092700 0.245098 0.026786 0.042017
3 0.121061 0.218487 0.021534 0.037348
3 0.097426 0.217087 0.024685 0.038282
4 0.387605 0.310924 0.052521 0.054155
3 0.360819 0.297852 0.037815 0.042951
4 0.339023 0.282446 0.036239 0.045752
3 0.237395 0.174136 0.023109 0.032680
3 0.335084 0.211485 0.044118 0.032680
4 0.336134 0.194678 0.036765 0.034547
3 0.272584 0.173203 0.030462 0.032680
8 0.302784 0.157330 0.041492 0.077498
4 0.193277 0.078898 0.012605 0.028945
5 0.275735 0.098506 0.066176 0.060691
3 0.107143 0.170868 0.022059 0.037348
4 0.130252 0.161998 0.017857 0.040149
4 0.139968 0.136788 0.018382 0.032680
4 0.141807 0.110177 0.018908 0.035481
3 0.195903 0.231559 0.026261 0.044818
9 0.526261 0.855742 0.029412 0.079365
3 0.167805 0.198880 0.023634 0.041083
5 0.108193 0.110644 0.030462 0.070028
3 0.175683 0.031279 0.014181 0.021475
3 0.181197 0.112045 0.017857 0.033613
4 0.842174 0.596639 0.096113 0.110177
4 0.122374 0.095705 0.024160 0.030812
3 0.174895 0.082633 0.014706 0.027077
3 0.194328 0.022876 0.021008 0.021475
6 0.610032 0.390756 0.030987 0.047619
6 0.661765 0.378151 0.033613 0.039216
6 0.691439 0.369281 0.037290 0.049486
6 0.716124 0.361345 0.030987 0.042951
0 0.278624 0.266106 0.012080 0.037348
0 0.327206 0.313725 0.009454 0.037348
0 0.335872 0.310924 0.012080 0.037348
0 0.166754 0.671802 0.017332 0.066293
0 0.157826 0.672269 0.015231 0.059757
0 0.105042 0.307190 0.011555 0.042951
9 0.757353 0.389356 0.027311 0.031746
3 0.892595 0.375350 0.058298 0.044818
9 0.253414 0.195145 0.011029 0.028011
0 0.144958 0.274510 0.009454 0.033613
0 0.155725 0.120448 0.008929 0.028011
0 0.069065 0.599907 0.016282 0.064426
0 0.120273 0.402428 0.012605 0.044818
9 0.264706 0.233894 0.009454 0.032680
9 0.231880 0.139122 0.008929 0.028011
0 0.164128 0.120448 0.008929 0.028011
0 0.435399 0.395892 0.013655 0.042951
0 0.402836 0.402894 0.008403 0.040149
1 0.516544 0.889356 0.023634 0.058824
9 0.439601 0.852007 0.036765 0.077498
1 0.439863 0.851074 0.025735 0.064426