5 0.106880 0.664799 0.074055 0.117647
3 0.513130 0.583100 0.019958 0.028945
3 0.253676 0.710084 0.037815 0.060691
3 0.267069 0.680672 0.027836 0.050420
5 0.206933 0.630252 0.050420 0.093371
5 0.240284 0.582166 0.043592 0.071895
3 0.345063 0.685341 0.027311 0.050420
5 0.278099 0.609244 0.021534 0.049486
3 0.341912 0.666667 0.023109 0.044818
3 0.483981 0.606909 0.021534 0.037348
3 0.502363 0.592437 0.018382 0.027077
3 0.584821 0.666667 0.051996 0.050420
3 0.667542 0.714753 0.050420 0.049486
3 0.766019 0.794118 0.070903 0.064426
4 0.874212 0.870682 0.091912 0.105509
5 0.872637 0.762838 0.219013 0.197946
3 0.824580 0.681139 0.040966 0.038282
3 0.767857 0.657796 0.033613 0.038282
3 0.686450 0.622316 0.033613 0.036415
3 0.554097 0.677404 0.036765 0.049486
3 0.451155 0.582633 0.027311 0.033613