9 0.909970 0.687169 0.074405 0.160053
0 0.565476 0.861111 0.062500 0.272487
0 0.641741 0.811508 0.046875 0.257937
1 0.730283 0.853175 0.033482 0.124339
1 0.702753 0.819444 0.045387 0.175926
0 0.713914 0.757937 0.054315 0.193122
1 0.911830 0.647487 0.060268 0.149471
1 0.901414 0.638889 0.034970 0.119048
0 0.960938 0.614418 0.048363 0.205026
1 0.486607 0.495370 0.034226 0.107143
9 0.501116 0.459656 0.031994 0.067460
0 0.634301 0.367063 0.023065 0.125661
0 0.428943 0.357143 0.026042 0.084656
1 0.409598 0.313492 0.017113 0.047619
0 0.498512 0.301587 0.013393 0.089947
0 0.521205 0.289683 0.017113 0.092593
0 0.553571 0.293651 0.017857 0.087302
0 0.543899 0.300926 0.013393 0.059524