3 0.197216 0.540149 0.116071 0.103641
3 0.045956 0.499533 0.091912 0.100840
3 0.256303 0.416433 0.094538 0.095238
3 0.158351 0.401961 0.086660 0.075630
3 0.547794 0.349206 0.044118 0.076564
3 0.553046 0.295051 0.040966 0.070962
3 0.568540 0.259104 0.030987 0.060691
3 0.573004 0.223156 0.029412 0.050420
3 0.580357 0.189542 0.024160 0.044818
3 0.591387 0.159664 0.024160 0.044818
3 0.780987 0.442110 0.116597 0.098039
3 0.770221 0.378151 0.097164 0.084034
6 0.408613 0.437908 0.066176 0.061625
0 0.418592 0.529879 0.021008 0.075630
0 0.381565 0.524276 0.017332 0.077498
0 0.396008 0.530812 0.017857 0.071895
9 0.568803 0.567694 0.027311 0.065359
1 0.569590 0.549486 0.017332 0.066293
9 0.912553 0.880019 0.076155 0.083100
1 0.923582 0.858077 0.038340 0.097106
3 0.394695 0.368814 0.081408 0.078431
3 0.414128 0.344071 0.071954 0.060691
3 0.416754 0.320728 0.081408 0.055089
3 0.412553 0.300187 0.081408 0.043884
3 0.436187 0.281513 0.078256 0.055089
3 0.456145 0.251634 0.071954 0.060691
3 0.479254 0.246965 0.071954 0.066293
3 0.499212 0.216153 0.065651 0.043884
3 0.501838 0.190943 0.059349 0.043884
3 0.515231 0.160131 0.058824 0.038282
3 0.531775 0.140523 0.053046 0.038282
3 0.577206 0.102241 0.018908 0.038282
0 0.518382 0.280579 0.009454 0.043884
0 0.525998 0.281046 0.012080 0.044818
0 0.613183 0.262838 0.015231 0.043884
1 0.536502 0.263772 0.012080 0.032680
0 0.528099 0.231092 0.012080 0.032680
0 0.538603 0.228291 0.012080 0.032680
1 0.633141 0.198413 0.012080 0.032680
2 0.633666 0.213352 0.018382 0.032680
1 0.612658 0.177871 0.008929 0.027077
2 0.611607 0.190943 0.015231 0.021475
3 0.781775 0.281513 0.075105 0.060691
3 0.774947 0.260971 0.081408 0.060691
3 0.775473 0.248833 0.071954 0.066293
3 0.655200 0.100373 0.024685 0.038282
0 0.214548 0.340336 0.012080 0.055089
0 0.275473 0.325397 0.015231 0.055089