5 0.138655 0.543884 0.078782 0.148459
9 0.269695 0.440243 0.026786 0.053221
1 0.269433 0.425303 0.017857 0.062558
3 0.730567 0.921569 0.153361 0.143791
6 0.514968 0.710084 0.036239 0.118581
6 0.360557 0.666667 0.085609 0.067227
6 0.562500 0.535014 0.035714 0.097106
6 0.413078 0.397292 0.039391 0.070028
4 0.423582 0.332400 0.039391 0.104575
1 0.406775 0.422035 0.013130 0.033613
3 0.107668 0.129785 0.037815 0.063492
4 0.555147 0.344538 0.033613 0.115780
6 0.317227 0.436508 0.039916 0.070028
6 0.366859 0.609711 0.084559 0.063492
1 0.351366 0.612512 0.018908 0.044818
0 0.512342 0.797852 0.021534 0.088702
0 0.596376 0.517274 0.021534 0.063492
0 0.589811 0.331466 0.014706 0.059757
0 0.571166 0.813259 0.018382 0.072829
0 0.596113 0.786181 0.015756 0.072829
0 0.580620 0.751634 0.016282 0.070962
0 0.577731 0.331933 0.011555 0.051354
0 0.666754 0.209617 0.014181 0.038282
0 0.652311 0.212418 0.014706 0.042017
0 0.533613 0.527544 0.021008 0.067227
0 0.417279 0.708217 0.017332 0.070028
0 0.435924 0.695612 0.025210 0.084034
0 0.482143 0.514472 0.015756 0.054155
0 0.485294 0.549020 0.018908 0.059757
0 0.478729 0.491130 0.013130 0.050420
0 0.443015 0.597106 0.013130 0.062558
0 0.429622 0.598039 0.016807 0.068161
0 0.475053 0.579365 0.015231 0.062558
0 0.507090 0.630719 0.014181 0.058824
0 0.440914 0.561625 0.016282 0.064426
0 0.459821 0.590570 0.014181 0.058824
0 0.575893 0.399160 0.016282 0.053221
3 0.114233 0.030812 0.035189 0.044818
3 0.182248 0.023343 0.043067 0.039216
3 0.144433 0.092437 0.039916 0.048553
3 0.172532 0.105042 0.035189 0.051354
0 0.581408 0.181606 0.014706 0.047619
0 0.423845 0.079832 0.027311 0.043884
0 0.498424 0.379552 0.011555 0.049486
0 0.504464 0.337535 0.008929 0.038282
0 0.508141 0.351541 0.008929 0.038282
0 0.514968 0.271242 0.008929 0.032680
0 0.508666 0.311391 0.008929 0.032680
0 0.476891 0.321662 0.011555 0.049486
0 0.499212 0.225490 0.012080 0.043884
0 0.486345 0.322596 0.008403 0.043884
0 0.499737 0.267507 0.008929 0.038282
0 0.518908 0.218487 0.009454 0.039216
0 0.463498 0.305789 0.011029 0.043884
0 0.451943 0.303455 0.011029 0.042951
0 0.461397 0.362745 0.012080 0.049486
0 0.472164 0.254902 0.008403 0.035481
0 0.460872 0.255836 0.012080 0.031746
0 0.461397 0.231092 0.012080 0.027077
0 0.514968 0.166667 0.008929 0.032680
0 0.503676 0.160131 0.008403 0.032680
0 0.478729 0.165733 0.008929 0.038282
0 0.488183 0.170401 0.008929 0.032680
3 0.568015 0.062092 0.049895 0.043884
3 0.580095 0.034547 0.018382 0.026144
3 0.574842 0.014006 0.020483 0.028011
0 0.493172 0.106909 0.009454 0.032680
0 0.501838 0.129318 0.008929 0.032680
0 0.513918 0.100373 0.008929 0.027077
0 0.523372 0.119514 0.008929 0.026144
0 0.523897 0.098973 0.008929 0.031746
1 0.610294 0.976657 0.016807 0.044818
1 0.302784 0.424837 0.020483 0.050420
0 0.465861 0.527544 0.013655 0.061625
1 0.532038 0.701681 0.018908 0.047619
0 0.518908 0.622316 0.012605 0.047619