3 0.406513 0.492063 0.029412 0.069094
3 0.549632 0.795985 0.043592 0.075630
3 0.608456 0.843604 0.043592 0.040149
3 0.638918 0.640990 0.030987 0.073763
3 0.454307 0.659197 0.031513 0.070962
4 0.489758 0.641923 0.027836 0.070028
3 0.446166 0.349673 0.040441 0.047619
3 0.333246 0.615313 0.043592 0.050420
3 0.357143 0.572362 0.038866 0.044818
3 0.369223 0.531279 0.040966 0.046685
3 0.226891 0.552754 0.045168 0.050420
3 0.265494 0.522409 0.040441 0.045752
3 0.259716 0.463119 0.042542 0.052288
3 0.171744 0.514472 0.037815 0.042951
3 0.196691 0.481326 0.043592 0.047619
3 0.204307 0.428105 0.035714 0.043884
3 0.116859 0.491597 0.045693 0.045752
3 0.142069 0.451914 0.042542 0.041083
3 0.158088 0.406629 0.040966 0.045752
3 0.752101 0.681606 0.042017 0.046685
3 0.732931 0.619514 0.040441 0.043884
3 0.724527 0.552754 0.037290 0.041083
3 0.765756 0.530812 0.040966 0.043884
3 0.794118 0.708217 0.032563 0.038282
3 0.814601 0.665733 0.042017 0.046685
3 0.815126 0.609711 0.042017 0.048553
3 0.841649 0.570028 0.044643 0.049486
3 0.839023 0.734827 0.040441 0.046685
3 0.877101 0.643324 0.042017 0.041083
3 0.894433 0.768908 0.044118 0.049486
3 0.938813 0.677871 0.044643 0.046685
3 0.944328 0.793184 0.045168 0.049486
3 0.987658 0.817460 0.022584 0.053221
5 0.684874 0.711485 0.065126 0.074697
3 0.336134 0.371615 0.038866 0.063492
5 0.216912 0.258637 0.042017 0.056022
3 0.071691 0.190009 0.041492 0.047619
3 0.101628 0.377684 0.044643 0.049486
3 0.085872 0.415966 0.040441 0.051354
3 0.056985 0.459851 0.042542 0.047619
3 0.046218 0.350607 0.039916 0.043884
3 0.012868 0.420635 0.025735 0.053221
3 0.009191 0.210551 0.018382 0.032680
3 0.060662 0.243231 0.044643 0.049486
3 0.951418 0.637255 0.045693 0.053221
3 0.454044 0.752101 0.034139 0.081232
3 0.567489 0.296919 0.040441 0.070962
3 0.652048 0.199346 0.025735 0.068161
3 0.680935 0.130252 0.029937 0.066293
3 0.654674 0.091036 0.032038 0.070028
3 0.706670 0.046218 0.030987 0.066293
9 0.566702 0.216153 0.009454 0.021475
0 0.521534 0.246965 0.007353 0.025210
9 0.547269 0.243231 0.013655 0.021475
0 0.786239 0.129785 0.010504 0.026144