3 0.222470 0.930556 0.068452 0.133598
3 0.311756 0.911376 0.068452 0.129630
3 0.379464 0.870701 0.070685 0.114418
3 0.446243 0.849537 0.071801 0.109127
3 0.491629 0.788690 0.071801 0.099868
4 0.594494 0.934193 0.101190 0.127646
3 0.388393 0.606812 0.033482 0.061508
3 0.836682 0.565146 0.069940 0.052249
3 0.745908 0.563492 0.082589 0.059524
3 0.074405 0.464616 0.058036 0.041667
3 0.007812 0.450397 0.015625 0.038360
3 0.282552 0.409722 0.046503 0.032407
3 0.796875 0.488095 0.060268 0.043651
4 0.699591 0.496693 0.070312 0.059524
3 0.482887 0.502976 0.061012 0.045635
3 0.529948 0.485450 0.058408 0.044974
3 0.174293 0.461640 0.054688 0.037037
3 0.287574 0.464616 0.057292 0.037698
3 0.345796 0.501323 0.056176 0.043651
3 0.075149 0.446098 0.058780 0.037698
3 0.305060 0.430556 0.046131 0.038360
3 0.364955 0.479167 0.057292 0.041667
3 0.210379 0.494378 0.062128 0.042989
3 0.217634 0.477183 0.058036 0.036376
3 0.223958 0.449405 0.048363 0.036376
3 0.390625 0.437500 0.049107 0.040344
3 0.089472 0.509259 0.071801 0.043651
3 0.089844 0.479828 0.058408 0.040344
3 0.234003 0.394180 0.024554 0.034392
8 0.363653 0.435185 0.123884 0.076720
3 0.588728 0.438161 0.056920 0.037698
3 0.679129 0.438161 0.050223 0.035053
8 0.634487 0.449735 0.135789 0.091270
3 0.012277 0.505291 0.024554 0.038360
3 0.497210 0.450397 0.047991 0.038360
3 0.492001 0.435847 0.046503 0.038360
3 0.738839 0.439484 0.054315 0.040344
3 0.807106 0.436508 0.059152 0.039683
3 0.813244 0.462632 0.060268 0.042989
3 0.875000 0.416336 0.060268 0.035053
3 0.899368 0.439484 0.053199 0.035053
3 0.936570 0.414683 0.059896 0.038360
2 0.295201 0.670635 0.028646 0.030423
1 0.293155 0.658399 0.014881 0.050926
2 0.206287 0.559193 0.026414 0.027116
1 0.202009 0.540013 0.015625 0.032407
2 0.149368 0.541997 0.023438 0.024471
1 0.146205 0.526786 0.013393 0.029762
0 0.207031 0.579365 0.014509 0.039683
2 0.764695 0.761243 0.023438 0.054233
1 0.768043 0.748347 0.014509 0.057540
9 0.810640 0.877315 0.030506 0.058862
0 0.871094 0.827381 0.017485 0.076720
0 0.899368 0.873016 0.024182 0.071429
0 0.879092 0.935185 0.021577 0.070106
2 0.744234 0.874669 0.032366 0.062831
1 0.745908 0.857804 0.021577 0.066138
0 0.871094 0.715939 0.014509 0.061508
0 0.880022 0.715939 0.014509 0.064153
0 0.945871 0.688823 0.015997 0.068122
2 0.674665 0.941799 0.044271 0.060847
2 0.837612 0.925265 0.033854 0.060847
2 0.858259 0.943783 0.033482 0.055556