4 0.391019 0.330999 0.062500 0.043884
3 0.325893 0.342670 0.037290 0.052288
3 0.393382 0.318394 0.028361 0.039216
3 0.397321 0.311391 0.049895 0.038282
3 0.092700 0.518207 0.115021 0.070962
3 0.031775 0.461718 0.063550 0.066293
4 0.411765 0.295518 0.043067 0.038282
3 0.428309 0.293651 0.043592 0.030812
3 0.124212 0.443044 0.098214 0.058824
3 0.146796 0.409430 0.085609 0.051354
3 0.161239 0.393091 0.081933 0.050420
3 0.190389 0.371615 0.068803 0.048553
3 0.207195 0.365079 0.053046 0.044818
3 0.227941 0.348739 0.050420 0.049486
3 0.243960 0.338469 0.045693 0.043884
3 0.256565 0.323529 0.049895 0.043884
3 0.267069 0.320728 0.051996 0.036415
3 0.308036 0.304855 0.051996 0.034547
0 0.711922 0.415033 0.012080 0.051354
0 0.237920 0.420635 0.014706 0.049486
3 0.068015 0.318861 0.044643 0.043884
3 0.030725 0.306723 0.044643 0.043884
3 0.160452 0.232493 0.027836 0.031746
3 0.032038 0.266573 0.027311 0.043884
3 0.038866 0.210551 0.019958 0.027077
0 0.174895 0.440710 0.017857 0.056022
0 0.099527 0.449113 0.017332 0.065359
0 0.596113 0.282913 0.012605 0.039216
0 0.535977 0.299720 0.013130 0.035481
0 0.531775 0.298786 0.013130 0.037348
9 0.040179 0.487862 0.048845 0.043884
1 0.040704 0.475724 0.024685 0.053221
0 0.269695 0.348739 0.009979 0.043884
3 0.261555 0.177871 0.010504 0.015873
3 0.590861 0.709150 0.093487 0.152194
3 0.682773 0.688609 0.120798 0.172736
3 0.486870 0.658730 0.081933 0.133520
3 0.379989 0.650794 0.075105 0.160598
3 0.289916 0.643791 0.086134 0.144725
0 0.334034 0.623716 0.021008 0.089636
3 0.215336 0.622316 0.084034 0.118581
3 0.109244 0.633053 0.117647 0.126984
9 0.870011 0.743697 0.069853 0.083100
9 0.869485 0.717087 0.053046 0.067227
9 0.890494 0.677871 0.040441 0.082166
9 0.897847 0.577031 0.046744 0.056022
4 0.829569 0.531746 0.079307 0.140990
6 0.753151 0.552754 0.075630 0.076564
5 0.701155 0.520542 0.097689 0.109244
0 0.641807 0.520542 0.014706 0.068161
0 0.399160 0.597106 0.015756 0.060691
0 0.350053 0.608777 0.019433 0.084034
0 0.274685 0.610644 0.017857 0.093371
0 0.290179 0.603175 0.017332 0.057890
3 0.512868 0.536415 0.112920 0.077498
3 0.386292 0.519141 0.109769 0.072829
9 0.170693 0.525210 0.017857 0.049486
3 0.381565 0.489262 0.111870 0.065359
3 0.645483 0.449580 0.084034 0.056956
3 0.467962 0.457049 0.090336 0.060691
3 0.339286 0.467787 0.091387 0.072829
3 0.319065 0.445845 0.091912 0.060691
3 0.337447 0.417834 0.090861 0.064426
3 0.225053 0.444444 0.071954 0.082166
0 0.461922 0.465453 0.016282 0.058824
3 0.433824 0.441643 0.080882 0.065359
3 0.626576 0.417367 0.091387 0.056022
3 0.433298 0.425770 0.078782 0.044818
3 0.603729 0.408497 0.084559 0.051354
3 0.587973 0.388422 0.064601 0.039216
3 0.577468 0.374883 0.064601 0.038282
3 0.413078 0.395425 0.075105 0.055089
3 0.394170 0.376284 0.068803 0.048553
3 0.393908 0.355275 0.061975 0.038282
3 0.386029 0.348273 0.058824 0.031746