2 0.222426 0.646592 0.054097 0.064426
0 0.214286 0.655462 0.027311 0.076564
3 0.087710 0.293651 0.121849 0.094304
3 0.087185 0.197479 0.109244 0.094304
3 0.361082 0.288982 0.107668 0.088702
3 0.963761 0.408964 0.070378 0.098973
3 0.607405 0.340336 0.122374 0.124183
0 0.384716 0.608777 0.026786 0.070962
1 0.402836 0.602241 0.015756 0.028011
0 0.381303 0.583100 0.022059 0.071895
9 0.672532 0.501867 0.049895 0.055089
7 0.828782 0.517274 0.103992 0.110177
6 0.900735 0.466387 0.091387 0.077498
1 0.924632 0.465453 0.021534 0.062558
6 0.702206 0.457983 0.066176 0.070028
1 0.713498 0.456583 0.021534 0.061625
1 0.686450 0.450980 0.022059 0.048553
9 0.823529 0.400093 0.050420 0.055089
1 0.825630 0.395425 0.024160 0.055089
0 0.090074 0.138189 0.021534 0.059757
0 0.136292 0.084500 0.020483 0.066293
0 0.122111 0.055089 0.018382 0.059757
0 0.101103 0.060224 0.021534 0.070028
1 0.676471 0.496732 0.025210 0.065359
6 0.099002 0.037815 0.041492 0.040149
9 0.050420 0.091970 0.015756 0.060691
3 0.241597 0.146125 0.089286 0.101774
6 0.815914 0.681606 0.076155 0.160598
2 0.274947 0.058824 0.021534 0.063492
1 0.275210 0.049953 0.018908 0.056956
1 0.467962 0.043417 0.012605 0.055089
0 0.584821 0.124650 0.015231 0.058824
0 0.592700 0.117647 0.012080 0.054155
0 0.590074 0.108777 0.013130 0.058824
1 0.701155 0.133987 0.018908 0.034547
0 0.724002 0.137722 0.019433 0.056956
9 0.873950 0.869281 0.060924 0.076564
2 0.882616 0.885154 0.061450 0.056022
3 0.881303 0.312792 0.119748 0.098973
0 0.463498 0.036415 0.015231 0.059757