3 0.405882 0.983987 0.050735 0.030719
3 0.530699 0.988562 0.059191 0.021569
3 0.717463 0.897712 0.090809 0.105229
3 0.402757 0.248039 0.011397 0.016340
3 0.453493 0.344771 0.017279 0.024183
3 0.325000 0.560458 0.031618 0.055556
3 0.280331 0.558497 0.035662 0.063399
3 0.023346 0.808824 0.046691 0.105229
3 0.113971 0.717647 0.061029 0.091503
4 0.162500 0.727124 0.063235 0.120915
3 0.424449 0.274183 0.013603 0.021569
3 0.336949 0.514052 0.025368 0.047712
3 0.135478 0.581046 0.040809 0.060131
3 0.159191 0.611111 0.042647 0.066667
3 0.231434 0.582026 0.041544 0.064706
3 0.307721 0.475490 0.027206 0.042484
3 0.221691 0.494771 0.030882 0.049673
4 0.197978 0.460458 0.037868 0.069935
3 0.264890 0.490850 0.032721 0.048366
4 0.345037 0.446732 0.023897 0.047712
3 0.315257 0.451307 0.024632 0.035948
3 0.290809 0.418954 0.024265 0.044444
3 0.260294 0.421895 0.021324 0.038562
3 0.238235 0.408170 0.024265 0.035948
3 0.306434 0.387255 0.018750 0.030719
3 0.282169 0.381373 0.020956 0.030719
3 0.259007 0.373529 0.018750 0.029412
2 0.606801 0.809477 0.031250 0.035948
1 0.609743 0.786275 0.019485 0.039216
2 0.665625 0.815033 0.031250 0.037908
1 0.673713 0.799346 0.018015 0.054902
0 0.886213 0.714052 0.015809 0.052941
0 0.863051 0.848693 0.012132 0.064706
3 0.341728 0.481699 0.024632 0.043137
3 0.298162 0.511438 0.027941 0.046405
3 0.320588 0.418954 0.022794 0.032680
3 0.327390 0.395752 0.023162 0.035948
3 0.538787 0.607190 0.029779 0.054902
3 0.512316 0.442484 0.022426 0.035294
3 0.504596 0.416667 0.020221 0.037255
3 0.375919 0.874510 0.056250 0.117647
3 0.512132 0.765033 0.038971 0.084314
3 0.395221 0.697712 0.038971 0.066013
3 0.482169 0.628105 0.034191 0.058824
3 0.431801 0.537582 0.025368 0.051634
3 0.418566 0.472549 0.024632 0.044444
3 0.480699 0.360458 0.017279 0.025490
3 0.471507 0.327778 0.016544 0.025490
3 0.452022 0.284641 0.011397 0.017647
1 0.484743 0.406209 0.006985 0.022876