9 0.810454 0.649140 0.022693 0.073413
6 0.555060 0.326389 0.012649 0.029762
6 0.629464 0.376984 0.024554 0.041005
6 0.690104 0.287698 0.026042 0.042328
9 0.772135 0.221230 0.011533 0.029762
0 0.524554 0.320437 0.007440 0.029762
9 0.071615 0.655754 0.034598 0.035053
3 0.069196 0.635913 0.031250 0.036376
3 0.069568 0.620370 0.036458 0.034392
9 0.777716 0.200066 0.012277 0.027116
3 0.414621 0.750000 0.080729 0.080688
3 0.508929 0.664352 0.075893 0.080026
3 0.529204 0.767526 0.093378 0.081349
3 0.688616 0.517857 0.052827 0.059524
6 0.457589 0.682540 0.038690 0.054233
9 0.848028 0.381283 0.014509 0.037698
9 0.845982 0.337632 0.015625 0.037698
2 0.807478 0.356151 0.019717 0.039021
9 0.379650 0.454696 0.016741 0.032407
9 0.307106 0.426918 0.021205 0.032407
9 0.261719 0.402116 0.020461 0.029101
9 0.536644 0.505291 0.025670 0.038360
9 0.746280 0.762566 0.019345 0.050265
0 0.922247 0.473876 0.012649 0.045635
9 0.796875 0.496362 0.014881 0.044312
9 0.460379 0.660714 0.028646 0.038360
9 0.166853 0.364749 0.023438 0.027116
9 0.483073 0.472222 0.023438 0.042328
2 0.277716 0.688161 0.027158 0.048280
9 0.416109 0.688161 0.024926 0.037698
6 0.278274 0.587302 0.058036 0.070106
9 0.654762 0.771495 0.042411 0.048280
9 0.703311 0.802910 0.035342 0.044974
9 0.786458 0.534061 0.013393 0.048280
9 0.456845 0.420304 0.026786 0.031085
9 0.516927 0.489087 0.013765 0.048280
2 0.447359 0.954034 0.026414 0.061508
9 0.748698 0.235780 0.011533 0.032407
0 0.592076 0.914021 0.015253 0.056878
1 0.379278 0.455357 0.008557 0.046958
1 0.536086 0.535053 0.011905 0.048942
1 0.262277 0.397487 0.014137 0.044974
1 0.501116 0.502646 0.016369 0.044974
1 0.476749 0.330026 0.032366 0.039683
0 0.533482 0.354497 0.006696 0.027778
9 0.542039 0.364087 0.014881 0.037698
0 0.603609 0.275132 0.007068 0.034392
9 0.591518 0.385251 0.014137 0.040344
9 0.414249 0.675595 0.012277 0.040344
2 0.103981 0.323743 0.018229 0.027116
9 0.127046 0.337632 0.018973 0.029762
9 0.149368 0.354828 0.023438 0.028439
6 0.184338 0.361442 0.022693 0.028439
0 0.162760 0.509590 0.011533 0.040344
9 0.204799 0.632606 0.026414 0.036376
9 0.219680 0.594246 0.016741 0.046958
4 0.386905 0.579034 0.066220 0.091931
3 0.317894 0.544312 0.056920 0.068783
3 0.184524 0.428902 0.055804 0.054894
3 0.128348 0.391865 0.051339 0.056217
3 0.229167 0.475860 0.055804 0.070767
3 0.172619 0.740410 0.043155 0.085317
0 0.128720 0.752315 0.015625 0.050926
0 0.841332 0.646164 0.012277 0.038360
0 0.824219 0.651455 0.014509 0.044974
0 0.861049 0.734127 0.015253 0.050265
0 0.849330 0.726190 0.019345 0.054233
0 0.262463 0.915344 0.017485 0.055556
0 0.272879 0.912698 0.016741 0.055556
0 0.378720 0.541005 0.012649 0.039683
0 0.367932 0.539352 0.009673 0.041667
5 0.646949 0.385913 0.048363 0.083995
3 0.679501 0.360119 0.032366 0.053571
3 0.708147 0.323082 0.035342 0.050926
3 0.737165 0.288690 0.031622 0.045635
3 0.762463 0.266865 0.035342 0.042989
3 0.787946 0.231151 0.031250 0.037698
3 0.808966 0.209325 0.029390 0.042989
3 0.827195 0.181548 0.029390 0.041667
5 0.883557 0.113095 0.031994 0.054233
3 0.912388 0.118056 0.021949 0.037698
3 0.922061 0.093254 0.018973 0.029101
3 0.599888 0.322421 0.039062 0.048280
3 0.119048 0.304894 0.046131 0.043651
7 0.212054 0.349868 0.033482 0.043651
7 0.304688 0.380622 0.036458 0.052249
6 0.271205 0.539683 0.028274 0.055556
0 0.345982 0.714616 0.015625 0.048280
9 0.515997 0.484458 0.015625 0.040344
9 0.496280 0.502976 0.019345 0.045635
9 0.533482 0.543651 0.018601 0.044974
7 0.567150 0.426257 0.031622 0.062831
7 0.570685 0.443122 0.021577 0.050265
2 0.690104 0.422950 0.016369 0.027116
9 0.497768 0.975198 0.034226 0.046958
9 0.553013 0.924272 0.023438 0.058862
0 0.490327 0.399471 0.006696 0.031746
9 0.878720 0.171958 0.007440 0.027778
6 0.030692 0.750331 0.061384 0.089286
0 0.402530 0.395503 0.010417 0.039683
9 0.258743 0.692130 0.034598 0.052249
9 0.243118 0.360780 0.015253 0.033730