9 0.842262 0.688492 0.056548 0.138889
1 0.848214 0.652778 0.050595 0.128307
1 0.841146 0.642196 0.030506 0.093915
0 0.446429 0.499339 0.017857 0.075397
0 0.440104 0.470899 0.020089 0.119048
9 0.606771 0.398810 0.030506 0.080688
1 0.602679 0.374339 0.022321 0.089947
9 0.537202 0.409392 0.023810 0.075397
0 0.421131 0.393519 0.016369 0.088624
0 0.442336 0.369709 0.024554 0.088624
0 0.482143 0.421958 0.029762 0.103175
9 0.471354 0.455688 0.058780 0.078042
0 0.257440 0.431217 0.020833 0.076720
0 0.300967 0.372354 0.014137 0.056878
0 0.299851 0.359788 0.017857 0.079365
1 0.412574 0.266534 0.018601 0.035714
0 0.522321 0.283730 0.017857 0.075397
0 0.377232 0.265212 0.010417 0.046296
7 0.615699 0.195767 0.024554 0.055556
9 0.473958 0.363757 0.043155 0.063492