0 0.370164 0.095238 0.006696 0.018519
0 0.329241 0.155423 0.008185 0.025132
0 0.053571 0.063492 0.010417 0.021164
9 0.408110 0.029101 0.006696 0.021164
9 0.488839 0.101190 0.010417 0.022487
3 0.530878 0.435185 0.024554 0.055556
3 0.518973 0.294312 0.021577 0.043651
3 0.421503 0.040344 0.014137 0.022487
3 0.423363 0.009259 0.008929 0.015873
3 0.824777 0.192460 0.039435 0.025132
3 0.807292 0.216931 0.038690 0.034392
3 0.846726 0.216931 0.029762 0.031746
5 0.747396 0.929233 0.060268 0.133598
3 0.513021 0.705688 0.034970 0.101852
3 0.499628 0.501984 0.024554 0.062169
3 0.479539 0.257275 0.021577 0.046296
3 0.761533 0.223545 0.039435 0.037037
6 0.115327 0.723545 0.028274 0.063492