0 0.510417 0.514815 0.006250 0.020370
3 0.488802 0.652315 0.018229 0.041667
3 0.714323 0.904630 0.045312 0.092593
3 0.484896 0.490278 0.014583 0.025000
5 0.233594 0.960648 0.065104 0.075000
4 0.295573 0.805093 0.044271 0.091667
8 0.322917 0.739352 0.042708 0.100926
4 0.522917 0.777315 0.045833 0.054630
3 0.407031 0.768981 0.027604 0.060185
3 0.631510 0.845833 0.035937 0.086111
3 0.567187 0.729167 0.052083 0.043519
3 0.563802 0.705093 0.046354 0.037963
3 0.573958 0.692130 0.046875 0.032407
3 0.587500 0.655556 0.036458 0.037037
3 0.230208 0.699537 0.048958 0.037963
3 0.453906 0.508796 0.011979 0.025000
6 0.069792 0.954630 0.046875 0.068519
0 0.491927 0.711111 0.008854 0.031481
9 0.387760 0.685648 0.009896 0.032407
0 0.426302 0.609722 0.006771 0.028704
0 0.653646 0.751852 0.009375 0.040741
2 0.633854 0.697222 0.010417 0.025926
0 0.483594 0.525000 0.006771 0.022222
0 0.490104 0.523148 0.006250 0.020370
3 0.521094 0.614815 0.016146 0.029630
8 0.502865 0.489352 0.014063 0.036111
3 0.358854 0.656944 0.020833 0.037963
3 0.369531 0.617593 0.022396 0.044444
3 0.389062 0.592130 0.020833 0.036111
3 0.396875 0.571296 0.022917 0.029630
3 0.398177 0.554167 0.022396 0.028704
9 0.392708 0.635185 0.014583 0.027778
3 0.414583 0.580093 0.016667 0.030556
3 0.512760 0.640278 0.018229 0.032407
3 0.516927 0.712500 0.021354 0.045370
0 0.470052 0.550926 0.006771 0.022222
3 0.273177 0.651852 0.029687 0.042593
4 0.319531 0.655556 0.030729 0.053704
3 0.590625 0.536574 0.029167 0.028704
3 0.589844 0.518519 0.024479 0.025926
3 0.538021 0.510185 0.027083 0.022222
0 0.484115 0.540741 0.006771 0.022222
3 0.271615 0.880093 0.048438 0.086111