4 0.750263 0.920168 0.153887 0.154062
3 0.218750 0.537348 0.115021 0.103641
3 0.056460 0.492063 0.108718 0.100840
3 0.286239 0.416433 0.094538 0.095238
3 0.186187 0.392157 0.086660 0.074697
3 0.570378 0.346872 0.044118 0.075630
3 0.579569 0.292717 0.041492 0.070028
3 0.598477 0.258637 0.030987 0.059757
3 0.597164 0.225490 0.029412 0.049486
3 0.610032 0.197946 0.024685 0.044818
3 0.621849 0.162465 0.023109 0.044818
3 0.807773 0.450047 0.116597 0.098973
3 0.796744 0.386555 0.097689 0.084034
6 0.432248 0.437442 0.066176 0.060691
0 0.431985 0.542484 0.020483 0.074697
0 0.396271 0.537348 0.017332 0.077498
0 0.409401 0.538749 0.017332 0.072829
9 0.592700 0.570962 0.027836 0.064426
1 0.593225 0.557423 0.017332 0.067227
3 0.415966 0.368814 0.080882 0.078431
3 0.432511 0.345938 0.071954 0.060691
3 0.438813 0.318861 0.081408 0.055089
3 0.438813 0.300187 0.081408 0.043884
3 0.458771 0.281513 0.078256 0.055089
3 0.476628 0.254435 0.071954 0.060691
3 0.500788 0.246965 0.071954 0.066293
3 0.518120 0.221755 0.065651 0.043884
3 0.529149 0.192810 0.059349 0.043884
3 0.542542 0.160131 0.058824 0.038282
3 0.557511 0.141457 0.053046 0.038282
3 0.605567 0.106909 0.018908 0.038282
0 0.543067 0.278245 0.009454 0.042951
0 0.551208 0.275910 0.012080 0.043884
0 0.635767 0.256303 0.015231 0.043884
1 0.561187 0.259104 0.012080 0.032680
0 0.557511 0.226424 0.012080 0.032680
0 0.566439 0.223623 0.012080 0.032680
1 0.660452 0.209617 0.012080 0.032680
2 0.659401 0.224556 0.018382 0.032680
1 0.640494 0.170401 0.008929 0.027077
2 0.638393 0.184407 0.015231 0.021475
3 0.802784 0.285247 0.075105 0.060691
3 0.795956 0.267507 0.081408 0.060691
3 0.795956 0.255836 0.071954 0.065359
3 0.684086 0.100373 0.024685 0.038282
0 0.245536 0.336601 0.012080 0.055089
0 0.277574 0.322596 0.015231 0.055089