8 0.189863 0.405229 0.169643 0.130719
3 0.513393 0.390289 0.054097 0.084034
3 0.609244 0.467787 0.092437 0.072829
3 0.714023 0.425303 0.094013 0.073763
3 0.891282 0.420168 0.084034 0.069094
3 0.132353 0.541550 0.107143 0.091503
3 0.576155 0.100373 0.025210 0.047619
1 0.657300 0.793651 0.023634 0.059757
0 0.409926 0.742297 0.020483 0.063492
0 0.472164 0.772176 0.022059 0.072829
0 0.443015 0.750700 0.022584 0.063492
9 0.912815 0.679272 0.036765 0.045752
0 0.205882 0.510271 0.021008 0.055089
2 0.214811 0.533147 0.042017 0.044818
1 0.216649 0.514472 0.015231 0.041083
9 0.246324 0.314192 0.029412 0.040149
1 0.527048 0.888422 0.017332 0.062558
9 0.527311 0.900560 0.025210 0.081232
0 0.349790 0.244631 0.012605 0.050420
0 0.429359 0.123249 0.007878 0.035481
9 0.726628 0.363212 0.029937 0.037348
1 0.728729 0.352007 0.018382 0.044818
9 0.354779 0.199813 0.020483 0.033613
0 0.185399 0.284781 0.014706 0.035481
0 0.171218 0.294585 0.014706 0.045752
2 0.012605 0.351074 0.021008 0.052288
3 0.179097 0.866947 0.111345 0.202614
3 0.484506 0.219888 0.028887 0.064426
5 0.934874 0.836134 0.129202 0.176471
3 0.586397 0.208217 0.030987 0.050420
3 0.474265 0.076097 0.024160 0.047619
3 0.437237 0.073296 0.022584 0.040149
3 0.396271 0.478058 0.091912 0.091503
3 0.648897 0.151261 0.059349 0.041083
3 0.580882 0.020542 0.044118 0.031746
3 0.445641 0.028945 0.022584 0.041083
6 0.662027 0.814659 0.039391 0.099907
0 0.915966 0.694211 0.022059 0.070028
9 0.680935 0.305789 0.012080 0.038282
9 0.717962 0.320728 0.015756 0.042017
9 0.748424 0.311391 0.014706 0.038282
9 0.784926 0.300654 0.009979 0.041083
9 0.802784 0.302988 0.013130 0.038282
9 0.857931 0.322129 0.012080 0.039216
9 0.891807 0.290850 0.014706 0.036415
2 0.904149 0.323996 0.013130 0.041083
9 0.953256 0.323996 0.022059 0.046685
1 0.441702 0.211018 0.012605 0.031746
9 0.442227 0.223156 0.012605 0.042951
0 0.304622 0.685808 0.021008 0.070028
0 0.321166 0.684407 0.018382 0.074697
1 0.485294 0.290383 0.014706 0.041083
6 0.485032 0.298786 0.021534 0.042951
1 0.402574 0.308123 0.015231 0.042951
9 0.403624 0.319795 0.024685 0.038282
1 0.154149 0.663399 0.020483 0.064426
9 0.160189 0.672736 0.038866 0.049486
0 0.087973 0.786181 0.025735 0.063492
0 0.085347 0.798786 0.025735 0.070028
4 0.861345 0.603175 0.089286 0.093371
9 0.336922 0.262838 0.027836 0.032680
9 0.387868 0.195145 0.023634 0.029879
9 0.386817 0.174603 0.024685 0.033613
1 0.691439 0.974790 0.023634 0.044818
9 0.692489 0.975724 0.023634 0.044818
0 0.124475 0.345938 0.019958 0.058824
0 0.405725 0.192344 0.009979 0.037348
1 0.757878 0.489262 0.017857 0.046685
9 0.754464 0.499066 0.034139 0.045752
0 0.389968 0.282446 0.015231 0.045752
0 0.436712 0.125117 0.008929 0.035481
0 0.594013 0.239029 0.012605 0.041083
0 0.592962 0.233894 0.012605 0.040149
1 0.912553 0.665266 0.020483 0.047619
0 0.529674 0.271709 0.015231 0.046685
0 0.519958 0.277311 0.014706 0.046685
9 0.251313 0.331466 0.027836 0.039216
9 0.088761 0.358543 0.019958 0.044818
6 0.659664 0.208217 0.036765 0.050420
9 0.614233 0.180672 0.022584 0.025210