3 0.726628 0.250233 0.033088 0.048553
3 0.714023 0.215219 0.029937 0.042017
0 0.806460 0.306256 0.008929 0.041083
0 0.795956 0.306256 0.011029 0.041083
3 0.601628 0.803922 0.062500 0.160598
3 0.698792 0.171335 0.024685 0.038282
3 0.662553 0.101307 0.015231 0.027077
3 0.377363 0.203548 0.034139 0.044818
3 0.412815 0.123249 0.022059 0.033613
3 0.440126 0.077498 0.017857 0.033613
3 0.445641 0.065826 0.013130 0.032680
3 0.453519 0.055089 0.014181 0.020542
3 0.524160 0.217087 0.031513 0.051354
3 0.484244 0.216153 0.024160 0.042017
3 0.478729 0.191877 0.025735 0.042017
3 0.523897 0.267974 0.027836 0.054155
3 0.525998 0.159197 0.019433 0.028945
3 0.528361 0.136321 0.018908 0.029879
3 0.477416 0.256769 0.032563 0.067227
3 0.484506 0.128385 0.021534 0.034547
0 0.837973 0.308123 0.008929 0.041083
3 0.701681 0.189076 0.029412 0.040149
3 0.471376 0.011204 0.012080 0.020542
3 0.525473 0.182540 0.021534 0.034547
3 0.491859 0.165733 0.020483 0.040149
3 0.503151 0.132120 0.015756 0.034547
3 0.528887 0.117180 0.016807 0.028945
3 0.893645 0.492530 0.102416 0.079365
3 0.555147 0.330532 0.053571 0.061625
3 0.406250 0.378151 0.077206 0.074697
3 0.314863 0.336134 0.076155 0.061625
3 0.158876 0.352941 0.077206 0.056022
8 0.722952 0.374416 0.208508 0.151261
3 0.820641 0.371148 0.068803 0.070028
3 0.657300 0.344538 0.049895 0.052288
2 0.310137 0.401961 0.034139 0.038282
1 0.308824 0.391690 0.018908 0.045752
3 0.915179 0.426237 0.097164 0.075630
2 0.701681 0.293184 0.022059 0.033613
1 0.701418 0.287582 0.015231 0.041083
0 0.268645 0.280579 0.008929 0.040149
0 0.284926 0.270308 0.011029 0.045752
0 0.761029 0.210084 0.008403 0.031746
9 0.739233 0.296452 0.013130 0.032680
1 0.739233 0.290383 0.008929 0.037348
3 0.641282 0.044351 0.011555 0.021475
0 0.281775 0.304388 0.008929 0.039216
0 0.514181 0.294118 0.010504 0.037348