9 0.860677 0.737103 0.022693 0.073413
6 0.542039 0.338955 0.012649 0.029762
6 0.660156 0.334987 0.022693 0.037698
6 0.717262 0.260582 0.025298 0.039683
9 0.802641 0.188161 0.011533 0.029762
0 0.522693 0.324405 0.007440 0.029762
9 0.075335 0.646495 0.034598 0.035053
3 0.070312 0.626653 0.031250 0.036376
3 0.073661 0.609127 0.036458 0.034392
9 0.788132 0.189484 0.012277 0.027116
3 0.143043 0.937831 0.116443 0.124339
3 0.498326 0.721230 0.080729 0.074735
3 0.487909 0.643519 0.071801 0.075397
3 0.629464 0.744709 0.094494 0.078042
3 0.590402 0.573413 0.066964 0.056878
6 0.444940 0.663690 0.037202 0.050926
2 0.751302 0.964286 0.044271 0.058201
9 0.593192 0.949735 0.019717 0.074074
9 0.875930 0.286045 0.012277 0.029762
9 0.825893 0.427579 0.015625 0.042989
9 0.818638 0.377646 0.015253 0.034392
9 0.840774 0.320767 0.015625 0.034392
2 0.777344 0.439815 0.020461 0.043651
9 0.449777 0.500000 0.022321 0.038360
9 0.390997 0.463955 0.021577 0.040344
9 0.349888 0.432870 0.020461 0.037698
9 0.570312 0.484127 0.025298 0.038360
9 0.705729 0.624008 0.014881 0.042989
0 0.927455 0.481812 0.012649 0.045635
9 0.796689 0.572090 0.021949 0.044974
9 0.439732 0.632606 0.027530 0.037698
9 0.213728 0.381614 0.022693 0.026455
9 0.503348 0.452381 0.021577 0.041005
2 0.280692 0.677579 0.027158 0.048280
9 0.361793 0.639550 0.020461 0.034392
9 0.758371 0.807540 0.042783 0.047619
9 0.818638 0.859788 0.035342 0.046296
9 0.803013 0.659392 0.013021 0.047619
9 0.544829 0.400463 0.024926 0.031085
2 0.448847 0.951389 0.026414 0.061508
9 0.789249 0.205357 0.010789 0.031085
0 0.588728 0.839947 0.015253 0.056878
1 0.449591 0.499008 0.008557 0.046958
1 0.543155 0.521164 0.011905 0.048942
1 0.354539 0.429894 0.014137 0.044974
1 0.510789 0.485450 0.016369 0.044974
1 0.476749 0.330026 0.032366 0.039683
0 0.523065 0.359127 0.006696 0.027778
9 0.543899 0.361111 0.015625 0.038360
0 0.593006 0.278770 0.007440 0.035053
9 0.612351 0.356812 0.012649 0.036376
9 0.360677 0.628638 0.012277 0.039021
2 0.150484 0.338955 0.018229 0.027116
9 0.180618 0.348214 0.018973 0.029762
9 0.195499 0.370040 0.023438 0.031085
6 0.229167 0.372685 0.024554 0.032407
0 0.180990 0.517526 0.011533 0.040344
2 0.119792 0.862765 0.033482 0.050926
9 0.205915 0.622685 0.024182 0.036376
4 0.368118 0.551587 0.062872 0.085979
3 0.300409 0.515542 0.056920 0.065476
3 0.168341 0.410384 0.050967 0.056217
3 0.119792 0.374669 0.051339 0.056217
3 0.215774 0.452050 0.055060 0.068122
3 0.175595 0.729497 0.043155 0.085979
0 0.131324 0.741733 0.015625 0.048280
0 0.851004 0.618386 0.012277 0.038360
0 0.834635 0.626653 0.014509 0.042989
0 0.861049 0.765873 0.015253 0.050265
0 0.853051 0.755291 0.019345 0.054233
0 0.258743 0.918651 0.017485 0.055556
0 0.270647 0.909722 0.016741 0.056217
0 0.400484 0.525794 0.012277 0.039683
0 0.390625 0.523479 0.009673 0.041667
5 0.649926 0.381283 0.048363 0.083995
3 0.683966 0.352183 0.033854 0.053571
3 0.711868 0.317130 0.035342 0.050926
3 0.741257 0.285384 0.031622 0.045635
3 0.766555 0.259590 0.035342 0.042989
3 0.789807 0.227844 0.031250 0.037698
3 0.812314 0.204034 0.029390 0.042989
3 0.831659 0.174934 0.029390 0.041667
5 0.906250 0.090278 0.031250 0.052249
3 0.935268 0.088294 0.020833 0.033730
3 0.943824 0.065146 0.017857 0.027116
3 0.602493 0.314153 0.039062 0.048942
3 0.122210 0.295635 0.046503 0.043651
7 0.213728 0.343585 0.033854 0.044312
7 0.307664 0.374669 0.036458 0.052249
6 0.262091 0.519511 0.028646 0.056217
0 0.378534 0.728175 0.015253 0.048942
9 0.537946 0.434193 0.015625 0.040344
9 0.507440 0.488426 0.019345 0.045635
9 0.541109 0.531746 0.018229 0.044974
7 0.590774 0.398479 0.028274 0.062831
7 0.572917 0.439153 0.021577 0.050265
2 0.703497 0.401124 0.016369 0.027116
9 0.499256 0.971230 0.034226 0.054894
9 0.547433 0.939484 0.023438 0.057540
0 0.507254 0.382606 0.007068 0.031085
6 0.032552 0.743717 0.063616 0.089286
0 0.397321 0.396164 0.010417 0.039683
9 0.259487 0.682209 0.034598 0.052249
9 0.246094 0.355489 0.015253 0.033730