5 0.038603 0.869935 0.077206 0.166013
3 0.189706 0.688235 0.080882 0.066667
3 0.374632 0.911765 0.055147 0.142484
3 0.473529 0.826144 0.044118 0.120261
3 0.417647 0.654902 0.032353 0.070588
3 0.501471 0.484967 0.023529 0.044444
3 0.485662 0.411111 0.016912 0.037908
3 0.200368 0.575817 0.066912 0.048366
3 0.218015 0.507843 0.041912 0.043137
3 0.212868 0.634641 0.062500 0.056209
4 0.370588 0.484314 0.032353 0.053595
4 0.386029 0.449020 0.023529 0.048366
5 0.689338 0.518954 0.030147 0.070588
3 0.901471 0.739869 0.088235 0.073203
3 0.959191 0.904575 0.078676 0.083660
3 0.822059 0.637255 0.070588 0.058824
3 0.885662 0.701961 0.072794 0.057516
3 0.798162 0.610458 0.065441 0.060131
3 0.789706 0.578431 0.063235 0.045752
3 0.951471 0.854248 0.095588 0.069281
6 0.831985 0.744444 0.052206 0.050980
6 0.116912 0.643791 0.058824 0.058824
3 0.651471 0.424183 0.032353 0.040523
3 0.693750 0.437255 0.046324 0.037908
5 0.735294 0.509150 0.055882 0.058824
3 0.411765 0.396078 0.017647 0.031373
3 0.421324 0.372549 0.019118 0.039216
1 0.311029 0.718301 0.011765 0.048366
0 0.165074 0.635294 0.012500 0.044444
0 0.161397 0.648366 0.011029 0.044444
0 0.182721 0.626144 0.012500 0.039216
9 0.329044 0.826797 0.018382 0.056209
3 0.650000 0.384967 0.039706 0.040523