3 0.596901 0.815593 0.047794 0.098039
3 0.560662 0.677404 0.032038 0.066293
4 0.557773 0.554622 0.022059 0.056022
3 0.540966 0.478992 0.022059 0.037348
5 0.511292 0.370215 0.015231 0.028945
3 0.623687 0.620915 0.040441 0.050420
3 0.288340 0.546218 0.059874 0.044818
3 0.537553 0.380486 0.015231 0.025210
3 0.430935 0.541083 0.049895 0.045752
3 0.512868 0.339402 0.014181 0.021475
3 0.434874 0.439776 0.022059 0.039216
3 0.488971 0.494398 0.025210 0.049486
3 0.469800 0.453782 0.021534 0.037348
3 0.485294 0.420168 0.017857 0.033613
3 0.476628 0.362278 0.015231 0.026144
3 0.466912 0.382353 0.012605 0.028945
4 0.460609 0.397759 0.014706 0.039216
4 0.455882 0.348273 0.013655 0.028011
3 0.915441 0.914099 0.086134 0.115780
0 0.634191 0.620448 0.014181 0.040149
3 0.204832 0.568627 0.051471 0.056022
3 0.279149 0.508870 0.054097 0.046685
4 0.335084 0.390756 0.038866 0.032680
3 0.375263 0.457983 0.025735 0.036415
0 0.176733 0.922969 0.009979 0.058824
9 0.377363 0.703548 0.019433 0.042017
0 0.754464 0.648459 0.017332 0.040149
9 0.509716 0.551354 0.016282 0.034547
0 0.394170 0.680205 0.016282 0.053221
0 0.387342 0.626050 0.012080 0.045752
6 0.803309 0.661531 0.038340 0.034547
9 0.572216 0.463585 0.013130 0.047619
3 0.077994 0.791317 0.096113 0.081232
3 0.044380 0.958450 0.088761 0.066293
6 0.076155 0.875350 0.028361 0.056956
9 0.439863 0.514006 0.012080 0.043884
0 0.233456 0.486928 0.016282 0.028945
4 0.598214 0.489729 0.023109 0.055089
0 0.789128 0.643791 0.011029 0.042017
0 0.713498 0.533613 0.017332 0.042017
5 0.654149 0.520542 0.020483 0.073763
6 0.380515 0.521475 0.040441 0.043884
3 0.939338 0.798786 0.079307 0.066293
3 0.894170 0.720355 0.069853 0.064426
0 0.524422 0.540149 0.015231 0.049486
0 0.532300 0.523343 0.014181 0.056956
3 0.330620 0.354342 0.016282 0.036415
3 0.517069 0.273109 0.014181 0.027077
3 0.500788 0.246032 0.011029 0.017740
9 0.549107 0.348739 0.007878 0.028945
9 0.518120 0.294585 0.007878 0.021475
3 0.295956 0.434641 0.056197 0.032680