3 0.597164 0.854809 0.061975 0.109244
3 0.908351 0.324463 0.049895 0.083100
4 0.419380 0.668067 0.065651 0.116713
3 0.665179 0.910831 0.065651 0.060691
3 0.707721 0.822129 0.059349 0.103641
3 0.763130 0.733427 0.055672 0.116713
3 0.821954 0.616246 0.053571 0.104575
4 0.926996 0.524276 0.058824 0.056956
3 0.878151 0.490663 0.056723 0.094304
3 0.945641 0.479458 0.062500 0.055089
3 0.930935 0.397292 0.046744 0.077498
3 0.645746 0.481326 0.043592 0.099907
3 0.547006 0.676471 0.056197 0.098039
3 0.744223 0.325397 0.052521 0.092437
3 0.783351 0.245098 0.059349 0.060691
3 0.715861 0.213819 0.059874 0.059757
3 0.837185 0.330065 0.052521 0.088702
3 0.438025 0.802054 0.068277 0.069094
3 0.839286 0.160598 0.049370 0.087768
3 0.878414 0.092437 0.049895 0.082166
3 0.915704 0.035014 0.049895 0.070028
9 0.686712 0.775444 0.018382 0.032680
9 0.959296 0.263305 0.021534 0.039216
9 0.762342 0.410831 0.021534 0.037348
9 0.822742 0.275444 0.018382 0.039216
0 0.638918 0.538282 0.012080 0.028945
9 0.689863 0.400093 0.028887 0.040149
0 0.374737 0.658730 0.014181 0.025210
0 0.511817 0.548553 0.009979 0.032680
0 0.456933 0.514939 0.012605 0.025210
9 0.591912 0.646592 0.013655 0.036415
0 0.824580 0.806256 0.013655 0.025210
0 0.859506 0.746032 0.014181 0.026144
0 0.984769 0.614379 0.017857 0.028011
9 0.941439 0.084500 0.018382 0.036415
9 0.828256 0.240430 0.023109 0.036415
0 0.705882 0.157330 0.013655 0.025210
0 0.702206 0.149860 0.011555 0.025210
0 0.781775 0.090103 0.016282 0.028945