4 0.346113 0.816060 0.138655 0.179272
3 0.258929 0.521475 0.114496 0.103641
3 0.100840 0.478525 0.110294 0.099907
3 0.324580 0.409897 0.094538 0.095238
3 0.224002 0.393091 0.086660 0.076564
3 0.607405 0.355275 0.044643 0.075630
3 0.614496 0.293651 0.040966 0.070028
3 0.633666 0.253035 0.029937 0.046685
3 0.638655 0.229692 0.029412 0.050420
3 0.648897 0.202614 0.024685 0.044818
3 0.662815 0.163399 0.023109 0.044818
3 0.850315 0.456583 0.116597 0.098973
3 0.842174 0.404295 0.097164 0.084034
6 0.466649 0.443511 0.065651 0.061625
0 0.443277 0.568627 0.019958 0.074697
0 0.409926 0.557890 0.017332 0.077498
0 0.421481 0.561158 0.017332 0.072829
9 0.627626 0.572362 0.028361 0.065359
1 0.629989 0.556022 0.018382 0.075630
3 0.453782 0.366947 0.080882 0.078431
3 0.471901 0.344071 0.071954 0.060691
3 0.476366 0.321662 0.081933 0.055089
3 0.473477 0.293651 0.081408 0.043884
3 0.492384 0.283380 0.078256 0.055089
3 0.512868 0.258170 0.071954 0.060691
3 0.538340 0.246965 0.073529 0.066293
3 0.558561 0.218954 0.065651 0.043884
3 0.568540 0.199346 0.059349 0.043884
3 0.580357 0.164799 0.058824 0.038282
3 0.593750 0.146592 0.053046 0.037348
3 0.645483 0.105976 0.018908 0.038282
0 0.591649 0.264706 0.008929 0.038282
0 0.600578 0.270308 0.012080 0.043884
0 0.660452 0.251634 0.015231 0.043884
1 0.601628 0.247899 0.012080 0.032680
0 0.596376 0.218021 0.012080 0.032680
0 0.607931 0.217087 0.012080 0.032680
1 0.700368 0.233427 0.012080 0.033613
2 0.701681 0.250700 0.017857 0.032680
1 0.687763 0.155929 0.008929 0.026144
2 0.685662 0.169935 0.015231 0.022409
3 0.847164 0.301120 0.075630 0.060691
3 0.842174 0.282446 0.081408 0.060691
3 0.840599 0.270308 0.071954 0.066293
3 0.725053 0.105042 0.024685 0.038282
0 0.283876 0.328665 0.012080 0.054155
0 0.275735 0.313259 0.014706 0.055089