2 0.747111 0.442110 0.029937 0.034547
1 0.750263 0.432773 0.015231 0.049486
0 0.604517 0.183007 0.009454 0.029879
0 0.589286 0.081699 0.008403 0.028945
3 0.612395 0.754435 0.064076 0.149393
0 0.707458 0.238095 0.011555 0.041083
3 0.966387 0.451447 0.066176 0.066293
3 0.669380 0.289449 0.036239 0.056022
1 0.522847 0.062092 0.007878 0.025210
3 0.654937 0.254435 0.029412 0.043884
0 0.802784 0.442110 0.015231 0.051354
0 0.783351 0.444444 0.011029 0.048553
4 0.500000 0.718021 0.073529 0.181139
3 0.559086 0.409430 0.041492 0.081232
3 0.517857 0.337068 0.034664 0.063492
3 0.632616 0.190009 0.025735 0.038282
3 0.597164 0.119981 0.017857 0.030812
3 0.288866 0.242764 0.035714 0.048553
3 0.334034 0.150794 0.023109 0.036415
3 0.360819 0.089636 0.018908 0.033613
3 0.367122 0.077965 0.013655 0.027077
3 0.375000 0.066293 0.014706 0.022409
3 0.395746 0.060691 0.013130 0.026144
3 0.435399 0.410364 0.046218 0.107376
3 0.387080 0.371148 0.038866 0.083100
3 0.382353 0.290850 0.031513 0.062558
3 0.381828 0.918301 0.075630 0.139122
3 0.454832 0.214286 0.025210 0.043884
3 0.456408 0.176471 0.019958 0.037348
3 0.284926 0.821662 0.099265 0.242764
3 0.426733 0.122782 0.019433 0.036415
3 0.408876 0.146125 0.021534 0.036415
3 0.505777 0.068161 0.018908 0.026144
3 0.519695 0.146125 0.021534 0.036415
0 0.847164 0.457049 0.012605 0.049486
3 0.642857 0.224090 0.027311 0.037348
3 0.397584 0.020542 0.012605 0.022409
3 0.447479 0.292250 0.030462 0.067227
3 0.406513 0.226891 0.026261 0.044818
3 0.422532 0.185808 0.023634 0.033613
3 0.491334 0.047619 0.015231 0.026144
3 0.457195 0.149393 0.018382 0.031746
3 0.431460 0.151261 0.019433 0.033613
3 0.470326 0.037348 0.013130 0.020542
2 0.136029 0.420635 0.033613 0.043884
1 0.134191 0.404295 0.015231 0.059757
0 0.079044 0.385621 0.015231 0.056022
9 0.538078 0.274510 0.013130 0.044818
9 0.550683 0.233427 0.011029 0.041083
1 0.539653 0.266106 0.013130 0.044818
1 0.551208 0.224556 0.013130 0.038282