0 0.699055 0.507937 0.009454 0.052288
0 0.730305 0.532213 0.012080 0.052288
9 0.348214 0.437908 0.012605 0.041083
0 0.324317 0.687208 0.019433 0.080299
0 0.499475 0.450980 0.012605 0.056022
0 0.511292 0.444444 0.013130 0.052288
1 0.529937 0.440243 0.012605 0.053221
0 0.554622 0.447712 0.014706 0.049486
0 0.599265 0.512605 0.018908 0.057890
0 0.587710 0.523810 0.019958 0.063492
0 0.519433 0.492997 0.013655 0.061625
0 0.553571 0.480392 0.014706 0.055089
0 0.564863 0.482260 0.014181 0.056956
0 0.534401 0.500934 0.017332 0.058824
0 0.523372 0.493464 0.013130 0.062558
0 0.177258 0.663866 0.023634 0.082166
0 0.059349 0.557890 0.022059 0.062558
0 0.201418 0.476657 0.019433 0.062558
0 0.182773 0.486928 0.018908 0.064426
9 0.842962 0.726424 0.033613 0.054155
9 0.780725 0.560224 0.034139 0.042951
2 0.820378 0.577498 0.038866 0.043884
9 0.857668 0.626517 0.025210 0.059757
1 0.975840 0.973856 0.035714 0.048553
1 0.946429 0.950980 0.033613 0.058824
1 0.822479 0.618114 0.024160 0.059757
0 0.839023 0.638189 0.028887 0.055089
0 0.315389 0.617647 0.021534 0.071895
0 0.534926 0.784781 0.034139 0.075630
0 0.439863 0.606909 0.019433 0.063492
0 0.519695 0.533613 0.013130 0.064426