0 0.515885 0.506019 0.006771 0.021296
3 0.488542 0.598611 0.017708 0.036111
3 0.486979 0.430093 0.011458 0.025000
4 0.221615 0.957870 0.055729 0.080556
8 0.261198 0.870370 0.067187 0.151852
4 0.608073 0.939352 0.063021 0.062037
3 0.590365 0.845833 0.065104 0.065741
3 0.582812 0.804630 0.056250 0.048148
3 0.596615 0.782407 0.057813 0.048148
3 0.612760 0.724537 0.038021 0.047222
3 0.153125 0.796296 0.058333 0.046296
3 0.426563 0.640741 0.021875 0.046296
3 0.448958 0.518981 0.012500 0.028704
0 0.546615 0.856019 0.009896 0.041667
9 0.305208 0.936111 0.015625 0.053704
0 0.339844 0.929630 0.014063 0.051852
0 0.696615 0.952778 0.014063 0.050000
2 0.681771 0.811574 0.015625 0.026852
0 0.459115 0.526852 0.006771 0.022222
0 0.463802 0.525000 0.006771 0.022222
3 0.525260 0.661574 0.020313 0.043519
8 0.505469 0.489815 0.018229 0.040741
3 0.321615 0.730093 0.029687 0.058333
3 0.339844 0.668981 0.030729 0.060185
3 0.366406 0.631944 0.024479 0.049074
3 0.377865 0.601852 0.028646 0.031481
3 0.380729 0.575926 0.027083 0.035185
3 0.393229 0.557407 0.018750 0.029630
3 0.404687 0.526389 0.016667 0.028704
3 0.421094 0.528241 0.011979 0.026852
9 0.366927 0.693981 0.017188 0.034259
3 0.397396 0.614352 0.022917 0.037963
3 0.516146 0.698611 0.022917 0.045370
3 0.522135 0.590741 0.018229 0.042593
3 0.522396 0.813426 0.027083 0.062037
0 0.474740 0.578241 0.008854 0.030556
3 0.586719 0.611111 0.032813 0.033333
3 0.593490 0.587963 0.021354 0.042593
3 0.215625 0.721759 0.040625 0.056481
4 0.274479 0.723611 0.039583 0.071296
3 0.607292 0.548148 0.034375 0.029630
3 0.412760 0.481944 0.015104 0.026852
3 0.603125 0.526852 0.028125 0.027778
3 0.542969 0.515741 0.029687 0.025926
5 0.593229 0.478241 0.015625 0.036111
0 0.504427 0.553704 0.007812 0.022222