5 0.869485 0.378618 0.020483 0.045752
3 0.831145 0.395892 0.016282 0.026144
6 0.557511 0.700280 0.023634 0.070962
3 0.800158 0.429505 0.024685 0.031746
3 0.804622 0.458917 0.029412 0.038282
3 0.710872 0.518674 0.034139 0.047619
5 0.389181 0.627918 0.096639 0.094304
3 0.516019 0.542017 0.049895 0.053221
3 0.617910 0.488329 0.040441 0.044818
5 0.650735 0.424370 0.039916 0.042017
3 0.718487 0.428105 0.030462 0.036415
3 0.318277 0.634454 0.087185 0.081232
3 0.555147 0.563492 0.053571 0.064426
3 0.766807 0.371148 0.021008 0.025210
3 0.768908 0.388422 0.024160 0.028011
3 0.738183 0.373016 0.020483 0.025210
0 0.397584 0.528945 0.014706 0.053221