0 0.328519 0.219888 0.012080 0.060691
0 0.334559 0.229225 0.011555 0.043884
1 0.342962 0.216153 0.013655 0.056956
0 0.420431 0.154528 0.015231 0.055089
0 0.245273 0.215686 0.014706 0.061625
0 0.277574 0.054622 0.012080 0.038282
0 0.686975 0.118581 0.014706 0.044818
2 0.388393 0.158730 0.012080 0.039216
9 0.977153 0.141457 0.020483 0.027077
1 0.977941 0.129785 0.011555 0.033613
3 0.798057 0.809057 0.176996 0.226891
3 0.580357 0.725490 0.157563 0.186741
3 0.314863 0.901494 0.243172 0.187675
3 0.427784 0.576564 0.147584 0.159664
4 0.673319 0.386088 0.102941 0.135387
3 0.709296 0.246499 0.091912 0.084034
3 0.894170 0.291783 0.088761 0.084967
3 0.939076 0.195145 0.061975 0.067227
3 0.024947 0.220822 0.049895 0.084967
3 0.277048 0.107376 0.050945 0.057890
3 0.745273 0.157330 0.061975 0.062558
3 0.731092 0.119981 0.059874 0.053221
9 0.660452 0.524743 0.068803 0.070962
1 0.662815 0.514472 0.036765 0.087768