3 0.242188 0.626984 0.048363 0.103175
7 0.181176 0.863095 0.042411 0.101852
0 0.195685 0.620370 0.013393 0.042328
0 0.195685 0.561508 0.010417 0.043651
3 0.260045 0.523148 0.039435 0.083333
0 0.440848 0.574074 0.009673 0.039683
3 0.484003 0.193122 0.014137 0.029101
3 0.446057 0.132275 0.012649 0.026455
3 0.369420 0.280423 0.021577 0.050265
3 0.454241 0.087963 0.014137 0.022487
3 0.442336 0.066799 0.012649 0.022487
3 0.456101 0.039021 0.010417 0.022487
3 0.160342 0.200397 0.040923 0.027778
3 0.377604 0.206349 0.015625 0.037037
3 0.378348 0.160053 0.015625 0.029101
3 0.565104 0.404762 0.024554 0.047619
1 0.284226 0.528439 0.008929 0.035714
2 0.285342 0.541005 0.009673 0.042328
3 0.535342 0.935185 0.051339 0.124339
3 0.498884 0.546958 0.033482 0.078042
3 0.478423 0.378307 0.025298 0.052910
3 0.449777 0.231481 0.023065 0.031746
3 0.389509 0.090608 0.011161 0.025132
3 0.308780 0.211640 0.034226 0.029101
8 0.534970 0.278439 0.047619 0.141534
3 0.212426 0.208333 0.045387 0.025132
4 0.507440 0.330026 0.020833 0.046296
3 0.417783 0.201720 0.029018 0.027778
3 0.468378 0.271164 0.017113 0.039683
3 0.376116 0.022487 0.008185 0.018519
6 0.788318 0.952381 0.051339 0.044974