9 0.866071 0.693783 0.059524 0.138889
1 0.867560 0.658730 0.052083 0.132275
1 0.865699 0.641534 0.031994 0.095238
0 0.440848 0.579365 0.024554 0.089947
0 0.432664 0.544312 0.023065 0.144180
9 0.666295 0.546958 0.045387 0.117725
1 0.664435 0.504630 0.035714 0.128307
9 0.563616 0.521825 0.036458 0.101852
1 0.562500 0.494709 0.023810 0.082011
1 0.564732 0.482143 0.032738 0.104497
1 0.655878 0.487434 0.027530 0.112434
0 0.411830 0.434524 0.020089 0.099206
0 0.441964 0.409392 0.028274 0.099206
0 0.488839 0.481481 0.032738 0.116402
9 0.474330 0.518519 0.072173 0.095238
0 0.224702 0.488095 0.023810 0.089947
0 0.284598 0.403439 0.014137 0.060847
0 0.278274 0.390873 0.017857 0.083333
1 0.409226 0.279101 0.019345 0.039683
0 0.530134 0.307540 0.020089 0.080688
9 0.529018 0.201058 0.014881 0.044974
0 0.382440 0.273810 0.010417 0.050265
7 0.626488 0.199735 0.025298 0.058201
9 0.472098 0.394180 0.052827 0.066138