0 0.427827 0.918651 0.068452 0.144180
0 0.139881 0.740741 0.023810 0.100529
0 0.149554 0.675265 0.038690 0.136243
1 0.387649 0.393519 0.028274 0.048942
0 0.622024 0.656085 0.041667 0.166667
0 0.268601 0.433862 0.025298 0.084656
0 0.272321 0.444444 0.017857 0.060847
0 0.296503 0.421296 0.026042 0.062169
0 0.284970 0.396825 0.019345 0.079365
9 0.588170 0.343915 0.020089 0.063492
1 0.588914 0.308201 0.021577 0.050265
0 0.537574 0.390873 0.024554 0.091270
6 0.523438 0.403439 0.040923 0.095238
0 0.384301 0.377646 0.012649 0.056878
1 0.393973 0.380291 0.012649 0.041005
9 0.536458 0.242725 0.013393 0.035714
9 0.512649 0.161376 0.013393 0.039683
9 0.530134 0.152778 0.012649 0.027778
9 0.543899 0.170635 0.010417 0.039683
7 0.684152 0.270503 0.033482 0.080688
0 0.561012 0.357143 0.020833 0.100529
9 0.552827 0.388889 0.025298 0.074074
9 0.493676 0.837302 0.115327 0.148148
1 0.535342 0.227513 0.012649 0.042328