0 0.723739 0.404762 0.010504 0.047619
2 0.901261 0.386088 0.018908 0.042017
1 0.903624 0.372082 0.013130 0.043884
2 0.915704 0.424370 0.029937 0.036415
4 0.650473 0.613445 0.125525 0.123249
3 0.188288 0.339402 0.087710 0.062558
0 0.510242 0.404762 0.012080 0.053221
6 0.259191 0.308123 0.033088 0.050420
9 0.368435 0.341270 0.015231 0.047619
9 0.379202 0.345472 0.015756 0.044818
9 0.391282 0.353875 0.013655 0.044818
3 0.425158 0.348273 0.043592 0.069094
3 0.489233 0.338469 0.048845 0.073763
3 0.464811 0.613912 0.129202 0.111111
4 0.763918 0.262838 0.033088 0.077498
9 0.708771 0.184407 0.020483 0.021475
3 0.825368 0.335668 0.044643 0.066293
9 0.924895 0.418768 0.012605 0.053221
3 0.990284 0.564893 0.017332 0.084034
0 0.742647 0.413165 0.012605 0.053221
2 0.925683 0.444911 0.029937 0.036415
1 0.933036 0.435574 0.014181 0.053221
0 0.948529 0.500934 0.012605 0.058824
3 0.047006 0.296919 0.070903 0.056022
3 0.477679 0.522409 0.112920 0.092437
2 0.873687 0.259104 0.014181 0.040149
1 0.874737 0.251167 0.011029 0.044818
2 0.881565 0.416900 0.016282 0.055089
1 0.884716 0.408964 0.014181 0.046685
1 0.789128 0.289449 0.011029 0.039216
3 0.796744 0.165266 0.026261 0.052288
3 0.904149 0.037815 0.019433 0.032680
3 0.818540 0.117180 0.022584 0.042017
9 0.722426 0.162932 0.017332 0.021475
3 0.872637 0.068627 0.021534 0.040149
5 0.930935 0.559290 0.120273 0.141923
9 0.789128 0.295518 0.012080 0.042017
4 0.913078 0.260037 0.033088 0.070028
3 0.819590 0.078898 0.022584 0.038282
3 0.835872 0.046218 0.021534 0.043884