3 0.032826 0.301587 0.034139 0.059757
3 0.035977 0.239029 0.039391 0.054155
3 0.587447 0.821662 0.037290 0.041083
3 0.485557 0.843604 0.027836 0.060691
3 0.432773 0.917834 0.033613 0.070962
3 0.683298 0.123716 0.030462 0.060691
9 0.438288 0.681139 0.012080 0.021475
2 0.490284 0.345005 0.016282 0.017740
9 0.389968 0.783847 0.009979 0.021475
0 0.375525 0.726891 0.009454 0.014006
9 0.495273 0.356676 0.015756 0.022409
0 0.844538 0.961251 0.012605 0.021475
0 0.637868 0.666200 0.012080 0.025210
0 0.632353 0.565359 0.008403 0.014006
0 0.350053 0.760037 0.007878 0.016807
3 0.310399 0.589169 0.039916 0.039216
3 0.328519 0.556489 0.037290 0.044818
3 0.338498 0.517740 0.038340 0.043884
3 0.255777 0.557423 0.038866 0.044818
3 0.284139 0.529412 0.037815 0.041083
3 0.289916 0.484127 0.038866 0.045752
3 0.215074 0.529412 0.037290 0.037348
4 0.233718 0.497666 0.039916 0.044818
3 0.244223 0.454248 0.033613 0.042017
3 0.168592 0.504669 0.040966 0.043884
3 0.185662 0.469188 0.039391 0.047619
3 0.200630 0.430439 0.037815 0.044818
3 0.717174 0.679272 0.040441 0.043884
3 0.735557 0.647059 0.038340 0.046685
3 0.721113 0.587302 0.035714 0.039216
3 0.743435 0.557890 0.040441 0.043884
3 0.750525 0.705415 0.033613 0.036415
3 0.811187 0.692810 0.040441 0.046685
3 0.858718 0.675070 0.043067 0.046685
3 0.802258 0.598039 0.040441 0.045752
3 0.790966 0.729225 0.037815 0.042951
3 0.837185 0.758637 0.039916 0.043884
3 0.881828 0.782913 0.042017 0.045752
3 0.925420 0.807190 0.039916 0.045752
3 0.047006 0.355742 0.041492 0.039216
3 0.111345 0.474790 0.040966 0.047619
3 0.069328 0.442577 0.039916 0.048553
3 0.114758 0.287582 0.038340 0.042951
3 0.169905 0.316060 0.043592 0.049486
4 0.069065 0.281979 0.039391 0.041083
8 0.487920 0.736695 0.052521 0.147526
3 0.709821 0.816527 0.040441 0.042017
3 0.865284 0.870215 0.036239 0.039216
5 0.571166 0.506069 0.028887 0.061625
5 0.413340 0.865546 0.081933 0.212885
3 0.680410 0.218487 0.025735 0.061625
3 0.605567 0.644725 0.027311 0.071895
3 0.596639 0.534547 0.023109 0.068161
8 0.564338 0.320261 0.074055 0.123249
3 0.727679 0.118114 0.032038 0.064426
3 0.764706 0.030812 0.030462 0.048553
3 0.609506 0.316527 0.028887 0.061625
3 0.623162 0.216620 0.028887 0.061625
4 0.973214 0.834734 0.048319 0.048553
3 0.039128 0.401494 0.024685 0.065359
3 0.014443 0.409897 0.028887 0.042951