3 0.456066 0.536275 0.087868 0.071242
3 0.518566 0.977451 0.052574 0.043791
3 0.700919 0.507516 0.099632 0.079085
9 0.511213 0.242810 0.011397 0.028105
1 0.511213 0.229085 0.009926 0.033333
4 0.475551 0.606863 0.093015 0.086928
3 0.636949 0.610131 0.095221 0.090850
3 0.205331 0.636275 0.106985 0.088235
0 0.225184 0.471569 0.020221 0.049020
1 0.432904 0.414379 0.015074 0.043137
2 0.432169 0.428758 0.011397 0.037908
0 0.441728 0.404902 0.010662 0.051634
0 0.454963 0.405556 0.010662 0.046405
6 0.371324 0.413399 0.050735 0.051634
1 0.374632 0.389216 0.009559 0.034641
1 0.257721 0.226471 0.012500 0.026797
0 0.567647 0.337582 0.012500 0.047712
0 0.279779 0.159477 0.009559 0.043137
0 0.293199 0.155229 0.009191 0.042484
3 0.027390 0.386928 0.044485 0.100654
5 0.140993 0.397386 0.068015 0.124183
3 0.231618 0.351634 0.041912 0.084967
3 0.305147 0.050654 0.042647 0.039869
3 0.470037 0.056536 0.026838 0.037255
1 0.933088 0.293464 0.015441 0.032680
0 0.743750 0.457516 0.012500 0.044444
1 0.650000 0.118627 0.012500 0.021569
1 0.460110 0.060131 0.008456 0.033987
0 0.531250 0.268627 0.009559 0.039216
0 0.536397 0.269281 0.010294 0.040523
0 0.526471 0.199020 0.009559 0.045098
9 0.162500 0.964379 0.033088 0.069935
9 0.133824 0.960784 0.027206 0.078431