3 0.974527 0.275444 0.048845 0.067227
3 0.926996 0.363679 0.068277 0.056956
3 0.983981 0.220822 0.029937 0.068161
3 0.873950 0.579365 0.057773 0.090570
3 0.833246 0.290383 0.056197 0.082166
3 0.889443 0.426237 0.056197 0.083100
3 0.835872 0.490663 0.053046 0.084967
3 0.991071 0.780579 0.015756 0.065359
3 0.976891 0.847806 0.044118 0.065359
3 0.935399 0.759104 0.056723 0.087768
3 0.908876 0.827731 0.065651 0.070028
3 0.835872 0.899627 0.060399 0.098039
3 0.750788 0.455182 0.030987 0.096172
4 0.721113 0.507937 0.052521 0.091503
3 0.675945 0.540616 0.036765 0.098973
3 0.637868 0.496265 0.048845 0.103641
3 0.578782 0.428571 0.051471 0.093371
3 0.524160 0.286648 0.050420 0.091503
3 0.534926 0.562092 0.044643 0.115780
3 0.468750 0.475724 0.061450 0.055089
3 0.461922 0.419701 0.059349 0.056956
3 0.536502 0.206349 0.046744 0.093371
3 0.477679 0.111578 0.043592 0.086835
5 0.368435 0.050887 0.062500 0.101774
3 0.382353 0.194211 0.049370 0.057890
4 0.512868 0.663399 0.056197 0.071895
3 0.542279 0.841737 0.060399 0.094304
3 0.449317 0.957516 0.064601 0.083100
9 0.642595 0.837068 0.024685 0.045752
9 0.991334 0.575163 0.005777 0.039216
0 0.787027 0.459851 0.017332 0.036415
0 0.884716 0.321662 0.015231 0.036415
0 0.611607 0.627918 0.018382 0.027077
2 0.702468 0.977124 0.032038 0.045752
9 0.755515 0.960784 0.017332 0.050420
0 0.575368 0.329132 0.012080 0.021475
0 0.284926 0.915033 0.016282 0.026144