1 0.424632 0.106909 0.012080 0.032680
1 0.443540 0.105042 0.012080 0.032680
9 0.426208 0.129318 0.015231 0.030812
9 0.443803 0.128385 0.012605 0.032680
0 0.688813 0.088702 0.011029 0.039216
0 0.696166 0.092904 0.008929 0.038282
1 0.700893 0.090103 0.008929 0.043884
0 0.737920 0.073296 0.014706 0.045752
0 0.675683 0.074697 0.012080 0.041083
2 0.718225 0.068627 0.012080 0.032680
3 0.197216 0.288982 0.126576 0.092437
3 0.608718 0.676004 0.142857 0.246499
6 0.618960 0.391223 0.087710 0.108310
3 0.343225 0.247899 0.110819 0.073763
3 0.333771 0.448179 0.151786 0.110177
3 0.801996 0.469655 0.091387 0.151261
3 0.364496 0.376751 0.118697 0.090570
3 0.140494 0.375817 0.140231 0.111111
3 0.638130 0.241363 0.102941 0.070028
3 0.803834 0.216153 0.091912 0.073763
3 0.079569 0.454715 0.139181 0.102708
3 0.899685 0.246032 0.096639 0.084967
0 0.181985 0.184874 0.013130 0.065359
0 0.197479 0.187675 0.014706 0.059757
2 0.894695 0.864146 0.078256 0.075630
1 0.900210 0.838002 0.039916 0.105509
9 0.292017 0.324463 0.043067 0.042017
1 0.286502 0.310924 0.023634 0.056022
3 0.460084 0.065359 0.030462 0.059757
3 0.651786 0.027077 0.037815 0.046685
0 0.638393 0.971522 0.030987 0.055089
1 0.130515 0.089169 0.012080 0.049486
1 0.120536 0.085901 0.009979 0.044818
1 0.113183 0.086368 0.012080 0.043884
1 0.101103 0.095238 0.012080 0.044818
1 0.089811 0.088235 0.011555 0.042017
1 0.077731 0.100373 0.012605 0.047619