5 0.543855 0.028478 0.040441 0.056956
3 0.421481 0.224090 0.044643 0.097106
3 0.602679 0.118114 0.038340 0.079365
3 0.438025 0.063492 0.039916 0.093371
3 0.548582 0.339869 0.054097 0.130719
5 0.700630 0.497199 0.167017 0.146592
0 0.260242 0.586368 0.023634 0.067227
0 0.233718 0.586368 0.022059 0.065359
0 0.268120 0.553688 0.016282 0.065359
0 0.272059 0.514472 0.022059 0.076564
3 0.219800 0.495331 0.116071 0.111111
0 0.257353 0.503268 0.025210 0.070962
0 0.091387 0.508403 0.033613 0.073763
0 0.339811 0.418768 0.018908 0.073763
3 0.686450 0.893091 0.098739 0.210084
5 0.680147 0.355742 0.143908 0.108310
5 0.830357 0.361345 0.126050 0.126984
0 0.914916 0.314659 0.022059 0.059757
1 0.857143 0.184407 0.027311 0.056956