9 0.490546 0.834267 0.025210 0.077498
9 0.323267 0.760504 0.029937 0.073763
3 0.832983 0.780112 0.088235 0.116713
3 0.910977 0.750233 0.090861 0.111111
1 0.972952 0.977591 0.034139 0.039216
3 0.757353 0.605976 0.077731 0.087768
4 0.642595 0.457516 0.063550 0.070962
3 0.739233 0.445845 0.071954 0.058824
3 0.651523 0.432773 0.068803 0.058824
3 0.731618 0.409897 0.066176 0.050420
3 0.816702 0.420168 0.068277 0.056022
3 0.894170 0.408497 0.069853 0.055089
4 0.961397 0.392157 0.071954 0.061625
3 0.796744 0.394024 0.052521 0.048553
3 0.796218 0.350607 0.061975 0.043884
3 0.688025 0.325864 0.040966 0.050420
3 0.733718 0.329599 0.053571 0.044818
4 0.812500 0.309991 0.053571 0.048553
4 0.930410 0.295518 0.049895 0.049486
3 0.244748 0.255369 0.027311 0.043884
9 0.170431 0.628385 0.019433 0.057890
6 0.219538 0.524276 0.027311 0.062558
9 0.213498 0.647526 0.018382 0.060691
3 0.233456 0.437908 0.035189 0.069094
3 0.173845 0.392157 0.033613 0.070962
4 0.089023 0.348273 0.042542 0.070962
4 0.120798 0.309524 0.030462 0.062558
3 0.163078 0.327731 0.026786 0.054155
3 0.165704 0.285714 0.027836 0.050420
4 0.087710 0.301120 0.031513 0.064426
3 0.092962 0.245098 0.027311 0.042017
3 0.121586 0.218487 0.021534 0.037348
3 0.097952 0.217087 0.024685 0.038282
4 0.387605 0.313259 0.052521 0.055089
3 0.358193 0.299720 0.037815 0.042951
4 0.339023 0.282446 0.036239 0.045752
3 0.226103 0.160131 0.021534 0.032680
3 0.335347 0.212418 0.043592 0.032680
4 0.336134 0.195145 0.036765 0.033613
3 0.272847 0.173203 0.030987 0.032680
8 0.303309 0.158263 0.041492 0.077498
4 0.188813 0.066293 0.012080 0.026144
5 0.275735 0.098506 0.066176 0.060691
3 0.107668 0.171335 0.022059 0.038282
4 0.130777 0.161998 0.017857 0.040149
4 0.139968 0.137722 0.018382 0.032680
4 0.138130 0.110644 0.018908 0.036415
3 0.201155 0.255836 0.027311 0.048553
9 0.464811 0.715219 0.027311 0.067227
3 0.163340 0.220355 0.024160 0.042951
5 0.108193 0.110177 0.030462 0.070962
3 0.174370 0.023343 0.012605 0.018674
3 0.183561 0.128385 0.019433 0.036415
4 0.935924 0.552288 0.091387 0.099907
4 0.120273 0.095705 0.024160 0.030812
3 0.175945 0.093838 0.014706 0.027077
3 0.192752 0.023810 0.021008 0.021475
6 0.607931 0.390756 0.030987 0.047619
6 0.660189 0.379085 0.033613 0.039216
6 0.691439 0.370215 0.037290 0.049486
6 0.716124 0.361345 0.030987 0.042951
0 0.272321 0.249300 0.011029 0.037348
0 0.329832 0.320261 0.009454 0.037348
0 0.338761 0.316060 0.010504 0.038282
0 0.177521 0.700747 0.017857 0.066293
0 0.166754 0.701681 0.015231 0.070028
0 0.105042 0.299720 0.011555 0.042951
9 0.708246 0.395892 0.027836 0.031746
3 0.871586 0.380952 0.058298 0.044818
9 0.246586 0.183473 0.011029 0.027077
0 0.143908 0.281979 0.009454 0.033613
0 0.156250 0.118581 0.008929 0.028011
0 0.065914 0.628852 0.017332 0.066293
0 0.127626 0.391223 0.012605 0.044818
9 0.256303 0.211485 0.009454 0.032680
9 0.382353 0.907563 0.028361 0.072829
1 0.381828 0.904762 0.021008 0.067227
9 0.232405 0.136321 0.008929 0.028011
0 0.163078 0.119514 0.008929 0.028011
0 0.421481 0.404295 0.009979 0.042951
0 0.417542 0.408497 0.008403 0.040149
1 0.490284 0.823996 0.023634 0.058824
9 0.406250 0.809991 0.038340 0.077498
1 0.402574 0.804388 0.025735 0.064426