3 0.643382 0.719888 0.076681 0.207283
3 0.547269 0.337068 0.045168 0.106443
4 0.449055 0.625584 0.046218 0.199813
4 0.540704 0.035481 0.027836 0.065359
3 0.057511 0.588702 0.101366 0.185808
3 0.467174 0.164799 0.036239 0.099907
3 0.620011 0.131186 0.047794 0.060691
3 0.424107 0.020542 0.030987 0.041083
0 0.631565 0.117180 0.009979 0.030812
6 0.408613 0.179272 0.024160 0.067227
1 0.407563 0.177404 0.011555 0.041083
0 0.358193 0.264239 0.012605 0.057890
0 0.354517 0.251167 0.008403 0.056022
1 0.407300 0.176004 0.011029 0.043884
4 0.184611 0.238562 0.043592 0.081232
3 0.208771 0.175070 0.048845 0.088702
3 0.762342 0.099907 0.041492 0.056022
0 0.979517 0.636321 0.029412 0.066293
0 0.953782 0.605976 0.029412 0.074697
3 0.075630 0.154062 0.073529 0.069094
2 0.023897 0.287115 0.022584 0.058824
1 0.025998 0.281979 0.021534 0.056022
2 0.044643 0.260037 0.014706 0.038282
1 0.044380 0.247899 0.017332 0.045752
0 0.302784 0.178805 0.015231 0.060691
6 0.315389 0.360878 0.038340 0.098039
4 0.013655 0.510271 0.027311 0.084967