3 0.761292 0.517274 0.032038 0.052288
3 0.750263 0.489729 0.026786 0.038282
0 0.811712 0.517274 0.006828 0.033613
0 0.795956 0.525677 0.008929 0.029879
3 0.635242 0.376284 0.018382 0.033613
3 0.614758 0.326797 0.013130 0.024276
3 0.468487 0.794118 0.048319 0.107376
3 0.477416 0.553221 0.044118 0.051354
3 0.443277 0.466387 0.029412 0.042017
3 0.478729 0.404295 0.021534 0.033613
3 0.502889 0.359944 0.015231 0.028945
3 0.508141 0.351074 0.014181 0.024276
3 0.516282 0.346872 0.012605 0.023343
3 0.134191 0.517274 0.050945 0.048553
3 0.574317 0.477124 0.026786 0.052288
3 0.550420 0.435107 0.018908 0.033613
3 0.558298 0.378151 0.013655 0.028011
3 0.572216 0.525677 0.026786 0.050420
3 0.580620 0.422969 0.016282 0.028011
3 0.583508 0.404762 0.015756 0.028945
3 0.534139 0.504202 0.026261 0.052288
3 0.540704 0.405229 0.018382 0.033613
9 0.639443 0.355742 0.013130 0.039216
9 0.648897 0.356209 0.011029 0.034547
1 0.637605 0.355275 0.008403 0.036415
1 0.648634 0.359944 0.010504 0.034547
0 0.798057 0.488329 0.011029 0.037348
0 0.802258 0.521942 0.006828 0.029879
0 0.573529 0.558357 0.008403 0.041083
0 0.576418 0.563959 0.008929 0.041083
3 0.740546 0.465920 0.024160 0.033613
1 0.625525 0.573763 0.011555 0.043884
2 0.622111 0.585901 0.021534 0.025210
9 0.498950 0.574230 0.022059 0.035481
1 0.499737 0.569094 0.011029 0.038282
0 0.942227 0.563025 0.007353 0.041083
0 0.825368 0.514472 0.011029 0.044818
0 0.950893 0.563025 0.008929 0.029879
9 0.782563 0.597106 0.014706 0.036415
1 0.783613 0.587768 0.013655 0.043884
3 0.532826 0.309991 0.013130 0.024276
3 0.575893 0.447712 0.020483 0.038282
3 0.585084 0.383754 0.013655 0.024276
3 0.519958 0.478525 0.021008 0.042017
0 0.853204 0.530345 0.008929 0.037348
0 0.576418 0.562092 0.008929 0.041083
0 0.649947 0.500467 0.008929 0.037348