5 0.544905 0.028478 0.040441 0.056956
3 0.426208 0.195612 0.044643 0.096172
3 0.601628 0.096639 0.038340 0.079365
3 0.440389 0.046685 0.039391 0.085901
3 0.553309 0.377218 0.054097 0.130719
5 0.884979 0.907563 0.200630 0.169935
5 0.697216 0.460317 0.160189 0.141923
0 0.278887 0.529879 0.017857 0.068161
0 0.245011 0.535014 0.022584 0.065359
0 0.282826 0.521008 0.016282 0.065359
0 0.276523 0.500467 0.022584 0.076564
3 0.233981 0.450980 0.112920 0.112045
0 0.260504 0.491130 0.025210 0.070962
0 0.139443 0.445378 0.032038 0.076564
0 0.349265 0.384220 0.015756 0.073763
3 0.649947 0.901027 0.087710 0.192344
5 0.679359 0.324930 0.146534 0.110177
5 0.826155 0.332400 0.126050 0.126984
0 0.906513 0.287582 0.022059 0.059757
1 0.848214 0.156396 0.027311 0.056956