9 0.868118 0.751653 0.022693 0.073413
6 0.539062 0.341601 0.012649 0.029762
6 0.665551 0.329696 0.022321 0.037698
6 0.721912 0.256283 0.024926 0.039021
9 0.807106 0.184193 0.011533 0.029762
0 0.522321 0.324405 0.007440 0.029762
9 0.076079 0.644511 0.034598 0.035053
3 0.070685 0.625331 0.031250 0.036376
3 0.074777 0.607143 0.036458 0.034392
9 0.789621 0.188161 0.012277 0.027116
3 0.177827 0.917659 0.115327 0.150132
3 0.510231 0.717593 0.080729 0.075397
3 0.486421 0.640873 0.071801 0.075397
3 0.646577 0.744378 0.095982 0.078704
3 0.573475 0.577712 0.068080 0.056217
6 0.442708 0.660384 0.037202 0.050926
2 0.739397 0.957341 0.044271 0.064153
9 0.593192 0.935516 0.019717 0.083995
9 0.867374 0.299272 0.012277 0.029762
9 0.820685 0.435516 0.015625 0.042989
9 0.813802 0.385582 0.015253 0.034392
9 0.832589 0.333333 0.015625 0.034392
2 0.773624 0.456349 0.020461 0.043651
9 0.461310 0.507275 0.022321 0.038360
9 0.405878 0.470569 0.021577 0.040344
9 0.364769 0.439484 0.020461 0.037698
9 0.575521 0.480159 0.025298 0.038360
9 0.699405 0.603836 0.014881 0.042328
0 0.928199 0.483796 0.012649 0.045635
9 0.800595 0.587302 0.022321 0.044974
9 0.437500 0.627315 0.027530 0.037698
9 0.225632 0.385251 0.023438 0.027116
9 0.506696 0.449405 0.021577 0.040344
6 0.630208 0.980820 0.037202 0.035714
2 0.281064 0.677249 0.027158 0.048942
9 0.351749 0.632275 0.020461 0.034392
9 0.557664 0.395172 0.024554 0.031085
2 0.449219 0.951389 0.026414 0.061508
9 0.794085 0.199405 0.010789 0.031085
0 0.588728 0.828704 0.015253 0.056878
1 0.461868 0.506944 0.008557 0.046958
1 0.545759 0.515212 0.011905 0.048942
1 0.369420 0.441799 0.014137 0.044974
1 0.514509 0.483466 0.016369 0.044974
1 0.476749 0.330026 0.032366 0.039683
0 0.520833 0.359788 0.006696 0.027778
9 0.544271 0.360450 0.015625 0.038360
0 0.591332 0.279431 0.007812 0.035053
9 0.617001 0.350860 0.012277 0.035053
9 0.351004 0.620701 0.012277 0.039021
2 0.159040 0.341601 0.018229 0.027116
9 0.189918 0.351190 0.019717 0.030423
9 0.203683 0.373016 0.023438 0.031746
6 0.236235 0.374669 0.025298 0.032407
0 0.183594 0.520833 0.011533 0.040344
2 0.144531 0.834987 0.032366 0.050926
9 0.204613 0.622024 0.021577 0.036376
4 0.365513 0.548280 0.062872 0.085979
3 0.297061 0.510913 0.057664 0.065476
3 0.167225 0.408069 0.050967 0.055556
3 0.119234 0.373347 0.050967 0.056217
3 0.214286 0.448743 0.055060 0.068122
3 0.176339 0.728175 0.043155 0.085979
0 0.131696 0.740410 0.015625 0.048280
0 0.851749 0.614418 0.012277 0.038360
0 0.837612 0.623347 0.014509 0.042989
0 0.861421 0.770833 0.015997 0.050926
0 0.852679 0.759259 0.019345 0.054233
0 0.258371 0.921958 0.017485 0.055556
0 0.270275 0.912368 0.016741 0.056217
0 0.403460 0.521825 0.012277 0.039683
0 0.395089 0.519511 0.009673 0.041667
5 0.650670 0.380622 0.048363 0.083995
3 0.684152 0.351521 0.034226 0.053571
3 0.712240 0.315807 0.035342 0.050926
3 0.742001 0.284722 0.031622 0.045635
3 0.767299 0.258267 0.035342 0.042989
3 0.790179 0.227183 0.031250 0.037698
3 0.813058 0.203373 0.029390 0.042989
3 0.832403 0.173611 0.029390 0.041667
5 0.910528 0.085648 0.030878 0.050926
3 0.938988 0.083664 0.020833 0.032407
3 0.947731 0.060847 0.017485 0.027778
3 0.603609 0.313161 0.039062 0.048280
3 0.122582 0.293651 0.046503 0.043651
7 0.214286 0.342262 0.033482 0.044312
7 0.308222 0.373347 0.036086 0.052249
6 0.259487 0.516204 0.028646 0.056217
0 0.384115 0.732143 0.015253 0.048942
9 0.542597 0.425595 0.015997 0.040344
9 0.510045 0.485119 0.019345 0.045635
9 0.542597 0.528439 0.018229 0.044974
7 0.594122 0.394511 0.028274 0.062831
7 0.573289 0.438492 0.021577 0.050265
2 0.706101 0.397817 0.016369 0.027116
9 0.499256 0.970569 0.034226 0.056217
9 0.547061 0.942130 0.023438 0.057540
0 0.510231 0.379960 0.007068 0.031085
6 0.032924 0.742394 0.063616 0.089286
0 0.396577 0.396164 0.010417 0.039683
9 0.259487 0.681548 0.034598 0.052249
9 0.246466 0.354167 0.015253 0.033730