0 0.346113 0.306723 0.011555 0.047619
6 0.594013 0.411765 0.029412 0.063492
3 0.499212 0.637255 0.051996 0.131653
3 0.476628 0.316060 0.036239 0.071895
4 0.554097 0.247432 0.033613 0.069094
2 0.532563 0.302521 0.009454 0.031746
1 0.532826 0.283380 0.008929 0.027077
3 0.476366 0.184407 0.024160 0.045752
9 0.491859 0.096172 0.008929 0.022409
3 0.516282 0.128852 0.028361 0.044818
4 0.665179 0.862745 0.066702 0.186741
3 0.882878 0.985061 0.184874 0.026144
3 0.780725 0.839869 0.124475 0.137255
3 0.929359 0.782446 0.116071 0.196078
0 0.809611 0.709150 0.019433 0.083100
0 0.826681 0.709150 0.017857 0.075630
0 0.839286 0.704482 0.017857 0.066293
2 0.280200 0.947712 0.024685 0.078431
1 0.282826 0.899160 0.026786 0.078431
3 0.404412 0.584967 0.057773 0.148459
0 0.716912 0.529412 0.015756 0.061625
3 0.672269 0.481793 0.094538 0.085901
0 0.016544 0.568627 0.016282 0.070962
0 0.027311 0.546218 0.016807 0.059757
9 0.216387 0.605042 0.044118 0.042951
3 0.413866 0.241830 0.030462 0.074697
6 0.097164 0.916433 0.192227 0.161531
3 0.463498 0.030812 0.022584 0.033613
3 0.324317 0.082633 0.039391 0.034547
0 0.491859 0.084034 0.008929 0.016807