5 0.616071 0.464052 0.019958 0.041083
3 0.532300 0.379552 0.026786 0.083100
3 0.037290 0.363212 0.026261 0.024276
3 0.576681 0.634454 0.024160 0.045752
3 0.631303 0.765640 0.045168 0.065359
3 0.701418 0.368814 0.026786 0.024276
9 0.539128 0.462652 0.011029 0.032680
1 0.538866 0.463585 0.008403 0.028945
3 0.798845 0.266106 0.021008 0.028011
4 0.543330 0.316060 0.008929 0.021475
3 0.408613 0.598506 0.018908 0.044818
3 0.452468 0.401494 0.013130 0.028011
5 0.429097 0.178805 0.014706 0.030812
3 0.507616 0.267507 0.009979 0.017740
3 0.391019 0.449580 0.017332 0.034547
3 0.413340 0.390289 0.014706 0.029879
5 0.492384 0.229225 0.012080 0.025210
3 0.418855 0.340336 0.012080 0.021475
3 0.444065 0.339402 0.012080 0.021475
4 0.465599 0.265640 0.013130 0.032680
5 0.542805 0.195612 0.014181 0.030812