0 0.141176 0.798693 0.017647 0.065359
5 0.279044 0.432026 0.024265 0.048366
9 0.401103 0.445098 0.011029 0.030065
9 0.377941 0.388889 0.008824 0.027451
9 0.378676 0.464706 0.008824 0.030065
6 0.048162 0.697386 0.072794 0.053595
0 0.161397 0.639869 0.013971 0.043137
6 0.304044 0.540523 0.018382 0.037908
3 0.501103 0.562745 0.025735 0.053595
3 0.109191 0.794118 0.059559 0.084967
3 0.884926 0.836601 0.102206 0.075817
3 0.838603 0.746405 0.088971 0.073203
7 0.176838 0.800654 0.053676 0.090196
5 0.784559 0.668627 0.088235 0.061438
3 0.778309 0.641830 0.063971 0.047059
3 0.765074 0.613725 0.072794 0.045752
3 0.627574 0.522222 0.030147 0.040523
3 0.710662 0.571242 0.053676 0.044444
3 0.363971 0.496732 0.023529 0.039216
4 0.226838 0.581699 0.053676 0.057516
3 0.329044 0.494771 0.038971 0.048366
7 0.266176 0.648366 0.041176 0.065359
0 0.129779 0.881699 0.019853 0.077124
3 0.226471 0.514379 0.058824 0.045752
9 0.233456 0.801307 0.019853 0.047059
0 0.686397 0.634641 0.012500 0.043137
1 0.112868 0.715686 0.013971 0.035294
9 0.111397 0.732680 0.037500 0.035294
9 0.224632 0.663399 0.036029 0.053595
3 0.262132 0.463399 0.046324 0.035294
7 0.098529 0.660131 0.047059 0.054902
7 0.113235 0.678431 0.073529 0.070588
3 0.322426 0.473856 0.025735 0.035294
7 0.055147 0.858170 0.070588 0.100654
3 0.636397 0.488235 0.043382 0.045752
3 0.314338 0.407843 0.043382 0.036601
7 0.062132 0.657516 0.046324 0.057516
3 0.518750 0.377778 0.018382 0.028758
6 0.286397 0.561438 0.021324 0.037908
3 0.300368 0.380392 0.034559 0.026144
3 0.296324 0.360131 0.026471 0.027451
9 0.119118 0.712418 0.023529 0.031373
0 0.140809 0.806536 0.016912 0.070588
6 0.330515 0.545752 0.021324 0.037908
3 0.645221 0.416340 0.041912 0.035294
0 0.154044 0.473203 0.012500 0.031373
3 0.626838 0.398039 0.036029 0.032680
6 0.275000 0.400000 0.022059 0.026144
1 0.561765 0.388235 0.008824 0.023529
0 0.781250 0.873203 0.016912 0.062745
3 0.325000 0.912418 0.058824 0.143791