0 0.994223 0.911765 0.009454 0.086835
3 0.414128 0.208683 0.016282 0.025210
3 0.422006 0.186275 0.017332 0.021475
3 0.458508 0.606909 0.049370 0.087768
6 0.090599 0.707283 0.037290 0.083100
1 0.092174 0.679739 0.027836 0.070962
8 0.132878 0.489262 0.098739 0.143791
2 0.731880 0.723623 0.024685 0.070962
1 0.732405 0.705882 0.021534 0.059757
3 0.785452 0.647059 0.076155 0.102708
3 0.719800 0.556956 0.065651 0.075630
9 0.634454 0.490196 0.015756 0.039216
1 0.633141 0.479925 0.013130 0.037348
1 0.840074 0.705415 0.018382 0.055089
0 0.889706 0.688142 0.021008 0.067227
1 0.608456 0.429972 0.009979 0.043884
0 0.654937 0.483660 0.011555 0.048553
0 0.644433 0.482260 0.013655 0.049486
6 0.693540 0.508403 0.040441 0.051354
3 0.675945 0.472923 0.039916 0.053221
3 0.648897 0.428105 0.035189 0.051354
0 0.948004 0.746032 0.022059 0.072829
9 0.831933 0.675537 0.040966 0.060691
3 0.630515 0.392624 0.036239 0.045752
6 0.731355 0.502334 0.046744 0.048553
3 0.536239 0.383287 0.027311 0.042017
4 0.621061 0.356676 0.027836 0.050420
4 0.601366 0.323063 0.022059 0.042951
3 0.179097 0.405229 0.053571 0.050420
3 0.223214 0.344538 0.054622 0.044818
9 0.503939 0.338469 0.011029 0.032680
3 0.280200 0.330065 0.026786 0.042017
3 0.084821 0.338002 0.048845 0.042951
3 0.320378 0.275444 0.023109 0.028011
3 0.428834 0.334734 0.024685 0.042017
3 0.405987 0.312792 0.023109 0.037348
3 0.513130 0.292717 0.024160 0.032680
3 0.509454 0.268908 0.016807 0.026144
3 0.508141 0.239496 0.016282 0.023343
3 0.570116 0.244164 0.034139 0.025210
7 0.347689 0.258637 0.009454 0.022409
2 0.608456 0.435574 0.013130 0.030812
9 0.488445 0.211018 0.007353 0.013072
1 0.487132 0.205415 0.009979 0.016807
3 0.483981 0.152194 0.009979 0.016807
3 0.472164 0.147993 0.007353 0.012138
9 0.480042 0.207750 0.005252 0.021475