3 0.135767 0.704482 0.027836 0.043884
3 0.142069 0.683473 0.027836 0.039216
5 0.075105 0.643324 0.053571 0.115780
5 0.111607 0.586835 0.046744 0.088702
1 0.142857 0.596172 0.006303 0.027077
5 0.160977 0.579832 0.045693 0.082166
3 0.251576 0.885621 0.049370 0.107376
5 0.150998 0.629318 0.028887 0.057890
3 0.226628 0.698880 0.029937 0.043884
3 0.221901 0.681139 0.024685 0.043884
3 0.217437 0.653595 0.021008 0.033613
3 0.184611 0.584967 0.015231 0.021475
3 0.217437 0.630719 0.018908 0.027077
8 0.426733 0.728758 0.080357 0.127918
3 0.397059 0.577965 0.014706 0.020542
3 0.807773 0.723156 0.056723 0.049486
3 0.976103 0.815593 0.045693 0.066293
3 0.387868 0.595238 0.021534 0.027077
3 0.499737 0.685808 0.040441 0.049486
4 0.523897 0.697946 0.040441 0.055089
5 0.611607 0.673669 0.141282 0.127918
3 0.759979 0.637255 0.034664 0.027077
4 0.903887 0.668067 0.053571 0.049486
5 0.963498 0.669468 0.070903 0.070962
3 0.948004 0.641457 0.037815 0.035481
3 0.956408 0.624183 0.030462 0.025210
5 0.946691 0.623249 0.027836 0.027077
5 0.916492 0.612512 0.040966 0.042951
3 0.855567 0.637255 0.034664 0.032680
0 0.496586 0.772642 0.012080 0.060691
0 0.527048 0.771709 0.015231 0.060691
0 0.488445 0.768908 0.012605 0.060691
0 0.527311 0.776377 0.014706 0.058824
0 0.535452 0.721755 0.012080 0.048553
0 0.513393 0.776377 0.015231 0.055089
5 0.869748 0.657796 0.053571 0.043884
3 0.481092 0.577031 0.023109 0.026144
5 0.020221 0.635854 0.040441 0.104575
5 0.073267 0.597106 0.068803 0.116713
3 0.332721 0.580299 0.018382 0.027077
4 0.641019 0.779645 0.066702 0.067227
4 0.824842 0.709150 0.054097 0.049486
3 0.214548 0.626984 0.018382 0.032680
3 0.217437 0.612512 0.018908 0.031746
3 0.966124 0.947712 0.065651 0.093371