5 0.230830 0.688609 0.065651 0.099907
3 0.651523 0.645191 0.025735 0.031746
5 0.644170 0.602708 0.064601 0.043884
3 0.377889 0.728758 0.024685 0.047619
3 0.383666 0.705415 0.027836 0.043884
5 0.319590 0.667134 0.049895 0.099907
5 0.353992 0.613912 0.039916 0.071895
3 0.455620 0.719888 0.024685 0.048553
5 0.391544 0.641923 0.021534 0.049486
3 0.451943 0.698880 0.021534 0.038282
3 0.607668 0.672736 0.029412 0.043884
3 0.615021 0.641457 0.021008 0.031746
3 0.715861 0.721289 0.044118 0.047619
3 0.815651 0.802054 0.061975 0.056022
3 0.868435 0.699813 0.034139 0.038282
3 0.817752 0.672269 0.032563 0.037348
3 0.747374 0.645658 0.030462 0.032680
3 0.716387 0.770775 0.049370 0.056956
3 0.568277 0.624650 0.028361 0.031746